,0,1,2,3,4,5,6,7,8,9,10,11,12,13,14,15,16,17,18,19,20,21,22,23,24,25,26,27,28,29,30,31,32,33,34,35,36,37,38,39,chain_break_fraction,energy,num_occurrences
0,1,-1,1,1,1,-1,-1,-1,1,-1,1,-1,1,-1,1,1,-1,-1,-1,-1,-1,-1,-1,-1,1,-1,-1,-1,1,1,1,-1,1,1,1,1,1,-1,-1,-1,0.0,-174.0,22
1,-1,1,-1,-1,-1,1,1,1,-1,1,-1,1,-1,1,-1,-1,1,1,1,1,1,1,1,1,-1,1,1,1,-1,-1,-1,1,-1,-1,-1,-1,-1,1,1,1,0.0,-174.0,1
2,1,1,-1,-1,-1,1,1,1,-1,1,-1,1,-1,1,-1,-1,1,1,1,1,-1,1,1,1,-1,1,1,1,-1,-1,-1,1,-1,-1,-1,-1,-1,1,1,1,0.025,-170.0,2
3,-1,-1,1,1,1,-1,-1,-1,1,-1,1,-1,1,-1,1,1,-1,-1,-1,-1,1,-1,-1,-1,1,-1,-1,-1,1,1,1,-1,1,1,1,1,1,-1,-1,-1,0.025,-170.0,55
4,1,-1,1,1,1,-1,-1,-1,1,-1,1,-1,1,-1,1,1,-1,-1,-1,-1,-1,-1,-1,-1,1,-1,-1,-1,1,1,1,-1,1,1,1,1,1,-1,-1,-1,0.025,-174.0,9
5,-1,1,1,1,1,-1,-1,-1,-1,1,1,-1,1,-1,1,-1,-1,-1,1,-1,-1,-1,1,-1,1,-1,-1,1,-1,1,-1,1,1,1,1,1,-1,-1,-1,1,0.0,-172.0,28
6,-1,-1,1,1,1,-1,-1,-1,1,-1,1,-1,1,-1,1,1,-1,-1,-1,-1,-1,-1,-1,-1,1,-1,-1,-1,1,1,1,-1,1,1,1,1,1,-1,-1,-1,0.0,-172.0,8
7,1,-1,1,1,1,-1,-1,-1,-1,-1,1,-1,1,-1,1,1,-1,-1,-1,-1,-1,-1,-1,-1,1,-1,-1,-1,1,1,1,-1,1,1,1,1,1,-1,-1,-1,0.0,-172.0,2
8,1,-1,1,1,1,-1,-1,-1,1,-1,1,-1,1,-1,1,1,-1,-1,-1,-1,-1,-1,-1,1,1,-1,-1,-1,1,1,1,-1,1,1,1,1,1,-1,-1,-1,0.0,-172.0,4
9,-1,1,-1,-1,-1,1,1,1,-1,1,-1,1,-1,1,-1,-1,1,1,1,1,1,1,1,-1,-1,1,1,1,-1,-1,-1,1,-1,-1,-1,-1,-1,1,1,1,0.0,-172.0,2
10,-1,-1,1,1,1,-1,-1,-1,1,-1,1,-1,1,-1,1,1,-1,-1,-1,-1,-1,-1,-1,-1,1,-1,-1,-1,1,1,1,-1,1,1,1,1,1,-1,-1,-1,0.025,-172.0,3
11,-1,-1,1,1,1,-1,-1,-1,1,-1,1,-1,1,-1,1,1,-1,-1,-1,-1,1,-1,-1,-1,1,-1,-1,-1,1,1,1,-1,1,1,1,1,1,-1,-1,1,0.025,-168.0,10
12,-1,1,-1,-1,-1,1,1,1,-1,1,-1,1,-1,1,-1,-1,1,1,1,1,-1,1,1,1,-1,1,1,1,-1,-1,-1,1,-1,-1,-1,-1,-1,1,1,1,0.025,-168.0,1
13,1,-1,1,1,1,-1,-1,-1,1,-1,1,-1,1,-1,1,1,-1,-1,-1,-1,1,-1,-1,-1,1,-1,-1,-1,1,1,1,-1,1,1,1,1,1,-1,-1,-1,0.025,-168.0,15
14,1,-1,1,1,1,-1,-1,-1,-1,-1,1,-1,1,-1,1,1,-1,-1,-1,-1,-1,-1,-1,-1,1,-1,-1,-1,1,1,1,-1,1,1,1,1,1,-1,-1,-1,0.025,-172.0,2
15,-1,1,1,1,1,-1,-1,1,-1,1,1,-1,1,-1,1,-1,-1,-1,-1,-1,1,-1,1,-1,1,-1,-1,1,-1,1,-1,1,1,1,1,1,-1,-1,-1,1,0.0,-170.0,3
16,-1,1,1,1,1,-1,-1,-1,-1,1,1,-1,1,-1,1,-1,-1,-1,1,-1,1,-1,1,-1,1,-1,-1,1,-1,1,-1,1,1,1,1,1,-1,-1,-1,1,0.0,-170.0,7
17,1,-1,-1,-1,-1,1,1,1,1,-1,-1,1,-1,1,-1,1,1,1,-1,1,-1,1,-1,1,-1,1,1,-1,1,-1,1,-1,-1,-1,-1,-1,1,1,1,-1,0.0,-170.0,1
18,-1,1,-1,-1,-1,1,1,1,-1,1,-1,1,-1,1,-1,-1,1,1,1,-1,-1,1,1,-1,1,-1,1,1,-1,-1,-1,1,-1,-1,-1,-1,-1,1,1,-1,0.0,-170.0,6
19,1,-1,1,1,1,-1,-1,1,1,-1,1,-1,1,-1,1,1,-1,-1,-1,1,1,-1,-1,1,-1,-1,-1,-1,1,1,1,-1,1,1,1,1,1,-1,-1,1,0.0,-170.0,1
20,-1,-1,1,1,1,-1,-1,-1,-1,1,1,-1,1,-1,1,-1,-1,-1,1,-1,-1,-1,1,-1,1,-1,-1,1,-1,1,-1,1,1,1,1,1,-1,-1,-1,1,0.0,-170.0,6
21,-1,1,1,1,1,-1,-1,1,-1,1,-1,-1,1,-1,1,-1,-1,-1,1,-1,1,-1,1,-1,1,-1,-1,1,-1,1,-1,1,1,1,1,1,-1,-1,-1,1,0.0,-170.0,2
22,-1,1,-1,-1,-1,1,1,1,-1,1,-1,1,-1,1,-1,-1,1,1,1,1,-1,1,1,-1,1,-1,1,1,-1,-1,-1,1,-1,-1,-1,-1,-1,1,1,1,0.0,-170.0,5
23,-1,1,-1,-1,-1,1,1,-1,-1,1,-1,1,-1,1,-1,-1,1,1,1,-1,-1,1,1,-1,1,1,1,1,-1,-1,-1,1,-1,-1,-1,-1,-1,1,1,-1,0.0,-170.0,5
24,1,-1,1,1,1,-1,-1,-1,1,-1,1,-1,1,-1,1,1,-1,-1,-1,-1,1,-1,-1,1,-1,1,-1,-1,1,1,1,-1,1,1,1,1,1,-1,-1,-1,0.0,-170.0,14
25,-1,-1,1,1,1,-1,-1,1,1,1,1,-1,1,-1,1,1,-1,-1,-1,-1,1,-1,-1,-1,1,-1,-1,-1,1,1,1,1,1,1,1,1,1,-1,-1,1,0.0,-170.0,2
26,1,-1,-1,-1,-1,1,1,-1,1,-1,1,1,-1,1,-1,-1,1,1,1,1,-1,1,-1,1,-1,1,1,-1,1,-1,1,-1,-1,-1,-1,-1,1,1,1,-1,0.0,-170.0,2
27,1,1,-1,-1,-1,1,1,-1,-1,-1,-1,1,-1,1,-1,-1,1,1,1,1,-1,1,1,1,-1,1,1,1,-1,-1,-1,-1,-1,-1,-1,-1,-1,1,1,-1,0.0,-170.0,3
28,1,1,-1,-1,-1,1,1,1,-1,-1,-1,1,-1,1,-1,-1,1,1,1,1,-1,1,1,-1,-1,1,1,1,-1,-1,-1,-1,-1,-1,-1,-1,-1,1,1,-1,0.0,-170.0,9
29,-1,1,1,1,1,-1,-1,1,-1,1,1,-1,1,-1,1,-1,-1,-1,1,-1,1,-1,1,-1,1,-1,-1,1,-1,1,-1,1,1,-1,1,1,-1,-1,-1,1,0.0,-170.0,29
30,-1,-1,1,1,1,-1,-1,-1,1,-1,1,-1,1,-1,1,1,-1,-1,-1,-1,1,-1,-1,1,1,-1,-1,-1,1,1,1,-1,1,1,1,1,1,-1,-1,1,0.0,-170.0,6
31,1,1,-1,-1,-1,1,1,1,-1,1,-1,1,-1,1,-1,-1,1,1,1,1,-1,1,1,-1,-1,1,1,1,-1,-1,-1,1,-1,-1,-1,-1,-1,1,1,-1,0.0,-170.0,1
32,-1,-1,1,1,1,-1,-1,-1,1,-1,1,-1,1,-1,1,1,-1,-1,-1,-1,1,-1,-1,-1,1,-1,-1,-1,1,1,1,1,1,1,1,1,1,-1,-1,1,0.0,-170.0,2
33,-1,-1,1,1,1,-1,-1,-1,1,1,1,-1,1,-1,1,1,-1,-1,1,-1,1,-1,-1,-1,1,-1,-1,-1,1,1,1,1,1,1,1,1,1,-1,-1,1,0.0,-170.0,6
34,1,1,-1,-1,-1,1,1,1,-1,-1,-1,1,-1,1,-1,-1,1,1,-1,1,-1,1,1,1,-1,1,1,1,-1,-1,-1,-1,-1,-1,-1,-1,-1,1,1,-1,0.0,-170.0,1
35,1,-1,1,1,1,-1,-1,-1,1,-1,1,-1,1,-1,1,1,-1,-1,-1,-1,1,-1,-1,1,1,-1,-1,-1,1,1,1,-1,1,1,1,1,1,-1,-1,-1,0.0,-170.0,6
36,-1,1,-1,-1,-1,1,1,1,-1,1,-1,1,-1,1,-1,-1,1,1,1,1,-1,1,1,-1,-1,1,1,1,-1,-1,-1,1,-1,-1,-1,-1,-1,1,1,1,0.0,-170.0,2
37,1,-1,1,1,1,-1,-1,-1,1,-1,1,-1,1,-1,1,1,-1,-1,-1,-1,1,-1,-1,1,-1,-1,-1,-1,1,1,1,-1,1,1,1,1,1,-1,-1,1,0.0,-170.0,1
38,-1,1,-1,-1,-1,1,1,1,-1,1,-1,1,-1,1,-1,-1,1,1,1,1,-1,1,1,-1,1,1,1,1,-1,-1,-1,1,-1,-1,-1,-1,-1,1,1,-1,0.0,-170.0,2
39,-1,1,-1,-1,-1,1,1,1,-1,1,-1,1,-1,1,-1,-1,1,1,1,1,-1,1,1,-1,1,-1,1,1,-1,-1,-1,1,-1,-1,-1,-1,-1,1,1,1,0.025,-170.0,6
40,1,-1,1,1,1,-1,-1,-1,1,-1,1,-1,1,-1,1,1,-1,-1,-1,-1,1,-1,-1,1,-1,1,-1,-1,1,1,1,-1,1,1,1,1,1,-1,-1,-1,0.025,-170.0,15
41,-1,-1,1,1,1,-1,-1,-1,1,-1,1,-1,1,-1,1,1,-1,-1,1,-1,-1,-1,-1,-1,1,-1,-1,-1,1,1,1,-1,1,1,1,1,1,-1,-1,-1,0.025,-166.0,6
42,-1,-1,1,1,1,-1,-1,-1,1,-1,1,-1,1,-1,1,1,-1,-1,-1,-1,1,-1,-1,1,1,-1,-1,-1,1,1,1,-1,1,1,1,1,1,-1,-1,1,0.025,-170.0,2
43,1,1,-1,-1,-1,1,1,1,-1,1,-1,1,-1,1,-1,-1,1,1,1,1,-1,1,1,-1,-1,1,1,1,-1,-1,-1,1,-1,-1,-1,-1,-1,1,1,-1,0.025,-170.0,1
44,-1,-1,1,1,1,-1,-1,-1,1,-1,1,-1,1,-1,1,1,-1,-1,1,-1,1,-1,-1,-1,1,-1,-1,-1,1,1,1,-1,1,1,1,1,1,-1,-1,1,0.025,-162.0,6
45,1,-1,1,1,1,-1,-1,-1,1,-1,1,-1,1,-1,1,1,-1,-1,-1,-1,1,-1,-1,1,1,-1,-1,-1,1,1,1,-1,1,1,1,1,1,-1,-1,-1,0.025,-170.0,1
46,-1,1,-1,-1,-1,1,1,1,-1,1,-1,1,-1,1,-1,-1,1,1,1,1,-1,1,1,-1,-1,1,1,1,-1,-1,-1,1,-1,-1,-1,-1,-1,1,1,1,0.025,-170.0,1
47,1,-1,1,1,1,-1,-1,-1,1,-1,1,-1,1,-1,1,1,-1,-1,-1,-1,1,-1,-1,1,1,-1,-1,-1,1,1,1,-1,1,1,1,1,1,-1,-1,-1,0.05,-170.0,4
48,-1,1,1,1,1,-1,-1,1,-1,1,-1,-1,1,-1,1,1,-1,-1,1,-1,1,-1,1,-1,1,-1,-1,1,-1,1,-1,1,1,1,1,1,-1,-1,-1,1,0.0,-168.0,3
49,-1,1,1,1,1,-1,-1,-1,-1,1,1,-1,1,-1,1,-1,-1,-1,-1,-1,1,-1,1,-1,1,-1,-1,1,-1,1,-1,1,1,1,1,1,-1,-1,-1,1,0.0,-168.0,2
50,1,-1,1,1,1,-1,-1,-1,1,-1,1,-1,1,-1,1,1,-1,-1,-1,1,1,-1,-1,1,-1,1,-1,-1,1,1,1,-1,1,1,1,1,1,-1,-1,-1,0.0,-168.0,5
51,-1,1,-1,-1,-1,1,1,-1,-1,1,-1,1,-1,1,-1,-1,1,1,1,-1,-1,1,1,-1,1,-1,1,1,-1,-1,-1,1,-1,-1,-1,-1,-1,1,1,-1,0.0,-168.0,9
52,-1,1,-1,-1,-1,1,1,1,-1,1,-1,1,-1,1,-1,-1,1,1,1,-1,-1,1,1,-1,1,-1,1,1,-1,-1,-1,1,-1,-1,-1,-1,-1,1,1,1,0.0,-168.0,11
53,-1,1,-1,-1,-1,1,1,-1,-1,-1,-1,1,-1,1,-1,-1,1,1,1,-1,-1,1,1,-1,1,1,1,1,-1,-1,-1,1,-1,-1,-1,-1,-1,1,1,-1,0.0,-168.0,16
54,-1,1,1,1,1,-1,-1,1,-1,1,-1,-1,1,-1,1,1,-1,-1,-1,-1,1,-1,-1,-1,1,-1,-1,1,-1,1,-1,1,1,1,1,1,-1,-1,-1,1,0.0,-168.0,3
55,-1,-1,1,1,1,1,1,1,1,1,1,-1,1,1,1,1,-1,-1,1,-1,1,-1,-1,-1,1,-1,-1,-1,1,-1,1,1,1,1,1,1,1,-1,-1,1,0.0,-168.0,3
56,-1,1,1,1,1,-1,-1,1,1,1,1,-1,1,-1,1,1,-1,-1,1,-1,1,-1,1,-1,1,-1,-1,1,1,1,-1,1,1,1,1,1,1,-1,-1,1,0.0,-168.0,2
57,-1,1,-1,-1,-1,1,1,-1,-1,1,-1,1,-1,1,-1,-1,1,1,1,-1,-1,1,1,1,1,1,1,1,-1,-1,-1,1,-1,-1,-1,-1,-1,1,1,-1,0.0,-168.0,1
58,-1,-1,1,1,1,-1,-1,-1,-1,1,1,-1,1,1,1,-1,-1,-1,1,-1,-1,-1,1,-1,1,-1,-1,1,-1,1,-1,1,1,1,1,1,-1,-1,-1,1,0.0,-168.0,1
59,-1,1,1,1,1,-1,-1,1,-1,1,1,-1,1,-1,1,-1,-1,-1,1,-1,1,-1,1,-1,1,-1,-1,1,-1,1,-1,1,1,1,1,1,-1,-1,-1,1,0.0,-168.0,3
60,1,1,-1,-1,-1,1,1,-1,-1,-1,-1,1,-1,1,-1,-1,1,1,1,1,-1,1,1,-1,-1,1,1,1,-1,-1,-1,-1,-1,-1,-1,-1,-1,1,1,-1,0.0,-168.0,7
61,-1,1,1,1,1,-1,-1,1,1,1,1,-1,1,-1,1,1,-1,-1,1,-1,1,-1,1,-1,1,-1,-1,1,1,-1,-1,1,1,1,1,1,1,1,-1,1,0.0,-168.0,3
62,1,-1,-1,-1,-1,1,1,-1,-1,-1,-1,1,-1,1,-1,-1,1,1,-1,1,-1,1,-1,1,-1,1,1,-1,-1,1,1,-1,-1,-1,-1,-1,-1,-1,1,-1,0.0,-168.0,2
63,-1,1,1,1,1,-1,-1,1,-1,1,-1,-1,1,1,1,-1,-1,-1,1,-1,1,-1,1,-1,1,-1,-1,1,-1,1,-1,1,1,1,1,1,-1,-1,-1,1,0.0,-168.0,8
64,1,1,-1,-1,-1,1,1,1,1,-1,-1,1,-1,-1,-1,1,1,1,-1,1,1,1,-1,1,-1,1,1,-1,1,-1,1,-1,-1,-1,-1,-1,1,1,1,-1,0.0,-168.0,1
65,1,-1,1,1,1,-1,-1,-1,1,-1,1,-1,1,-1,1,1,-1,-1,-1,1,1,-1,-1,1,-1,1,-1,-1,1,1,1,-1,-1,1,1,1,1,-1,-1,1,0.0,-168.0,1
66,-1,1,-1,-1,-1,1,1,1,-1,1,-1,1,-1,1,-1,-1,1,1,1,-1,-1,1,1,-1,1,-1,1,1,-1,-1,-1,1,1,-1,-1,-1,-1,1,1,-1,0.0,-168.0,1
67,-1,1,1,1,1,-1,-1,-1,-1,1,1,-1,1,-1,1,-1,-1,-1,1,-1,1,-1,1,-1,1,-1,-1,1,-1,1,-1,1,1,-1,1,1,-1,-1,-1,1,0.0,-168.0,11
68,-1,-1,1,1,1,-1,-1,-1,1,1,1,-1,1,-1,1,1,-1,-1,-1,-1,1,-1,-1,1,1,-1,-1,-1,1,1,1,-1,1,1,1,1,1,-1,-1,1,0.0,-168.0,1
69,-1,1,-1,-1,-1,1,1,1,-1,1,-1,1,-1,1,-1,-1,1,1,1,1,-1,1,1,-1,1,-1,1,1,-1,-1,-1,1,-1,-1,-1,-1,-1,1,1,-1,0.0,-168.0,1
70,-1,1,1,1,1,-1,-1,1,-1,1,1,-1,1,-1,1,1,-1,-1,-1,-1,1,-1,1,-1,1,-1,-1,1,-1,1,-1,1,1,1,1,1,-1,-1,-1,1,0.0,-168.0,1
71,1,1,-1,-1,-1,1,1,1,-1,-1,-1,1,-1,1,-1,-1,1,1,1,1,-1,1,1,-1,-1,1,1,1,-1,-1,-1,1,-1,-1,-1,-1,-1,1,1,-1,0.0,-168.0,4
72,-1,1,1,1,1,-1,-1,1,-1,1,1,-1,1,-1,1,-1,-1,-1,-1,-1,1,-1,1,-1,1,-1,-1,1,-1,1,-1,1,1,-1,1,1,-1,-1,-1,1,0.0,-168.0,2
73,1,1,-1,-1,-1,1,1,1,-1,1,-1,1,-1,1,-1,-1,1,1,1,1,-1,1,1,-1,1,1,1,1,-1,-1,-1,1,-1,-1,-1,-1,-1,1,1,-1,0.0,-168.0,3
74,-1,-1,1,1,1,-1,-1,-1,1,-1,1,-1,1,-1,1,1,-1,-1,-1,-1,1,-1,-1,1,1,-1,-1,-1,1,1,1,-1,1,1,1,1,1,-1,-1,-1,0.0,-168.0,1
75,1,1,-1,-1,-1,1,1,1,-1,-1,-1,1,-1,1,-1,-1,1,1,-1,1,-1,1,1,-1,-1,1,1,1,-1,-1,-1,-1,-1,-1,-1,-1,-1,1,1,-1,0.0,-168.0,2
76,-1,1,1,1,1,-1,-1,-1,-1,1,-1,-1,1,-1,1,-1,-1,-1,1,-1,1,-1,1,-1,1,-1,-1,1,-1,1,-1,1,1,1,1,1,-1,-1,-1,1,0.0,-168.0,1
77,1,1,-1,-1,-1,1,1,-1,-1,-1,-1,1,-1,1,-1,-1,1,1,-1,1,-1,1,-1,1,-1,1,1,-1,-1,-1,1,-1,-1,-1,-1,-1,-1,-1,1,-1,0.0,-168.0,1
78,-1,-1,1,1,1,-1,-1,-1,1,1,1,-1,1,-1,1,1,-1,-1,1,-1,1,-1,-1,1,1,-1,-1,-1,1,1,1,1,1,1,1,1,1,-1,-1,1,0.0,-168.0,1
79,1,-1,1,1,1,-1,-1,-1,1,-1,1,-1,1,-1,1,1,-1,-1,-1,-1,1,-1,-1,-1,1,-1,-1,-1,1,1,1,-1,1,1,1,1,1,-1,-1,-1,0.0,-168.0,1
80,-1,-1,1,1,1,-1,-1,-1,1,1,1,-1,1,-1,1,1,-1,-1,-1,-1,1,-1,-1,-1,1,-1,-1,-1,1,1,1,1,1,1,1,1,1,-1,-1,1,0.0,-168.0,1
81,-1,1,1,1,1,-1,-1,1,-1,1,-1,-1,1,-1,1,-1,-1,-1,1,-1,1,-1,1,-1,1,-1,-1,1,-1,1,-1,1,1,-1,1,1,-1,-1,-1,1,0.0,-168.0,8
82,1,-1,1,1,1,-1,-1,-1,1,-1,1,-1,1,-1,1,1,-1,-1,-1,1,1,-1,-1,1,-1,-1,-1,-1,1,1,1,-1,1,1,1,1,1,-1,-1,1,0.0,-168.0,1
83,-1,1,-1,-1,-1,1,1,-1,-1,1,-1,1,-1,1,-1,-1,1,1,1,1,-1,1,1,-1,1,1,1,1,-1,-1,-1,1,-1,-1,-1,-1,-1,1,1,-1,0.0,-168.0,1
84,-1,1,-1,-1,-1,1,1,1,-1,1,-1,1,-1,1,-1,-1,1,1,1,1,-1,1,1,-1,1,1,1,1,-1,-1,-1,1,-1,-1,-1,-1,-1,1,1,1,0.0,-168.0,1
85,-1,1,-1,-1,-1,1,1,1,-1,1,-1,1,-1,1,-1,-1,1,1,1,1,-1,1,1,-1,-1,-1,1,1,-1,-1,-1,1,-1,-1,-1,-1,-1,1,1,1,0.0,-168.0,3
86,1,1,-1,-1,-1,1,1,-1,-1,-1,-1,1,-1,1,-1,-1,1,1,-1,1,-1,1,1,1,-1,1,1,1,-1,1,1,-1,-1,-1,-1,-1,-1,1,1,-1,0.0,-168.0,2
87,1,-1,1,1,1,-1,-1,-1,1,-1,1,-1,1,-1,1,1,-1,-1,-1,-1,1,-1,-1,1,1,1,-1,-1,1,1,1,-1,1,1,1,1,1,-1,-1,-1,0.0,-168.0,13
88,-1,-1,1,1,1,-1,-1,1,1,1,1,-1,1,-1,1,1,-1,-1,1,-1,1,-1,-1,-1,1,-1,-1,-1,1,-1,-1,1,1,1,1,1,1,-1,-1,1,0.0,-168.0,8
89,1,1,-1,-1,-1,1,1,1,-1,-1,-1,1,-1,1,-1,-1,1,1,-1,1,-1,1,1,-1,-1,1,1,1,-1,1,-1,-1,-1,-1,-1,-1,-1,-1,1,-1,0.0,-168.0,6
90,1,1,-1,-1,-1,1,1,-1,-1,-1,-1,1,-1,1,-1,-1,1,1,1,-1,-1,1,1,1,-1,1,1,1,-1,-1,-1,-1,-1,-1,-1,-1,-1,1,1,-1,0.025,-168.0,2
91,-1,-1,1,1,1,-1,-1,1,1,1,1,-1,1,-1,1,1,-1,-1,-1,1,1,-1,-1,-1,1,-1,-1,-1,1,1,1,1,1,1,1,1,1,-1,-1,1,0.025,-168.0,3
92,-1,-1,1,1,1,-1,-1,1,1,-1,1,-1,1,-1,1,1,-1,-1,-1,-1,1,-1,-1,-1,1,-1,-1,-1,1,1,1,1,1,1,1,1,1,-1,-1,1,0.025,-168.0,1
93,-1,-1,1,1,1,-1,-1,-1,1,-1,1,-1,1,-1,1,1,-1,-1,1,-1,1,-1,-1,-1,1,-1,-1,-1,1,1,1,-1,1,1,1,1,1,-1,-1,-1,0.025,-160.0,2
94,1,1,-1,-1,-1,1,1,1,-1,1,-1,1,-1,1,-1,-1,1,1,1,1,-1,1,1,-1,-1,1,1,1,-1,-1,-1,1,-1,-1,-1,-1,-1,1,1,1,0.025,-168.0,1
95,1,1,-1,-1,-1,1,1,1,-1,-1,-1,1,-1,1,-1,-1,1,1,1,1,-1,1,1,-1,-1,1,1,1,-1,-1,-1,1,-1,-1,-1,-1,-1,1,1,-1,0.025,-168.0,3
96,-1,-1,1,1,1,-1,-1,-1,1,-1,1,-1,1,-1,1,1,-1,-1,-1,-1,1,-1,-1,1,1,-1,-1,-1,1,1,1,-1,1,1,1,1,1,-1,-1,-1,0.025,-168.0,2
97,-1,-1,1,1,1,-1,-1,-1,1,1,1,-1,1,-1,1,1,-1,-1,-1,-1,1,-1,-1,1,1,-1,-1,-1,1,1,1,-1,1,1,1,1,1,-1,-1,1,0.025,-168.0,1
98,-1,-1,1,1,1,-1,-1,-1,1,-1,1,-1,1,-1,1,1,-1,-1,-1,-1,-1,-1,-1,-1,1,-1,-1,-1,1,1,1,-1,1,1,1,1,1,-1,-1,-1,0.05,-172.0,1
99,-1,-1,1,1,1,-1,-1,-1,1,-1,1,-1,1,-1,1,1,-1,-1,-1,-1,1,-1,-1,1,1,-1,-1,-1,1,1,1,-1,1,1,1,1,1,-1,-1,-1,0.05,-168.0,1
100,-1,1,1,1,1,-1,-1,-1,-1,1,1,-1,1,1,1,-1,-1,-1,1,-1,-1,-1,1,-1,1,-1,-1,1,-1,1,-1,1,1,1,1,1,-1,-1,-1,1,0.0,-166.0,4
101,-1,1,1,1,1,-1,-1,1,1,1,1,-1,1,-1,1,1,-1,-1,1,-1,1,-1,1,-1,1,-1,-1,1,-1,1,-1,1,1,1,1,1,1,-1,-1,1,0.0,-166.0,2
102,-1,-1,1,1,1,1,1,1,1,1,1,-1,1,-1,1,1,-1,-1,1,1,1,-1,-1,-1,1,-1,-1,-1,1,-1,1,1,1,1,1,1,1,1,-1,1,0.0,-166.0,1
103,-1,1,-1,-1,-1,1,1,-1,-1,-1,-1,1,-1,1,-1,-1,1,1,1,-1,-1,1,1,-1,1,1,1,1,-1,1,-1,1,-1,-1,-1,-1,-1,1,1,-1,0.0,-166.0,4
104,1,1,-1,-1,-1,1,1,-1,1,-1,-1,1,-1,-1,-1,-1,1,1,-1,1,-1,1,-1,1,-1,1,1,-1,-1,-1,1,-1,-1,-1,-1,-1,-1,1,1,-1,0.0,-166.0,2
105,1,1,-1,-1,-1,-1,-1,-1,-1,-1,-1,1,-1,-1,-1,-1,1,1,-1,1,-1,1,1,1,-1,1,1,1,-1,1,-1,-1,-1,-1,-1,-1,-1,-1,1,-1,0.0,-166.0,1
106,-1,1,1,1,1,-1,-1,-1,-1,1,-1,-1,1,-1,1,-1,-1,-1,1,-1,-1,-1,1,-1,1,-1,-1,1,-1,1,-1,1,1,1,1,1,-1,-1,-1,1,0.0,-166.0,1
107,1,1,-1,-1,-1,1,1,-1,-1,-1,-1,1,-1,1,-1,-1,1,1,-1,1,-1,1,-1,-1,-1,1,1,1,-1,1,1,-1,-1,-1,-1,-1,-1,-1,1,-1,0.0,-166.0,8
108,-1,1,-1,-1,-1,1,1,1,-1,1,-1,1,-1,1,-1,-1,1,-1,1,-1,-1,1,1,-1,1,-1,1,1,-1,-1,-1,1,1,-1,-1,-1,-1,1,1,-1,0.0,-166.0,2
109,-1,-1,1,1,1,1,1,1,1,1,1,-1,1,-1,1,1,-1,-1,1,-1,1,-1,-1,-1,1,-1,-1,-1,1,-1,1,1,1,1,1,1,1,1,-1,-1,0.0,-166.0,2
110,-1,1,1,1,1,-1,-1,-1,-1,1,1,-1,1,-1,1,-1,-1,-1,1,-1,-1,-1,1,-1,1,-1,-1,1,-1,1,-1,1,-1,1,1,1,-1,-1,-1,1,0.0,-166.0,3
111,-1,1,1,1,1,-1,-1,-1,-1,1,1,-1,1,-1,1,-1,-1,-1,1,-1,-1,-1,1,-1,1,-1,-1,1,-1,1,-1,1,1,1,-1,1,-1,-1,-1,1,0.0,-166.0,1
112,1,1,-1,-1,-1,1,1,1,1,-1,-1,1,-1,-1,-1,1,1,1,-1,1,1,1,-1,1,-1,1,1,-1,1,-1,1,-1,-1,-1,-1,-1,-1,1,1,-1,0.0,-166.0,1
113,-1,-1,1,1,1,-1,-1,1,1,1,1,-1,1,-1,1,1,-1,-1,1,-1,1,-1,1,-1,1,-1,-1,1,1,-1,-1,1,1,1,1,1,1,1,-1,1,0.0,-166.0,2
114,-1,-1,1,1,1,-1,-1,-1,1,-1,1,-1,1,-1,1,1,-1,-1,-1,-1,-1,-1,-1,-1,1,-1,-1,-1,1,1,1,-1,1,1,1,1,1,-1,-1,1,0.0,-166.0,1
115,1,-1,-1,-1,-1,1,1,-1,-1,-1,-1,1,-1,1,-1,-1,1,1,-1,1,-1,1,-1,1,-1,1,1,-1,-1,1,1,-1,-1,-1,-1,-1,-1,1,1,-1,0.0,-166.0,1
116,-1,1,1,1,1,-1,-1,1,1,1,1,-1,1,-1,1,1,-1,-1,1,-1,1,-1,-1,-1,1,-1,-1,-1,1,-1,-1,1,1,1,1,1,1,-1,-1,1,0.0,-166.0,6
117,-1,1,1,1,1,-1,-1,1,1,1,1,-1,1,-1,1,1,-1,-1,1,-1,1,-1,1,-1,1,-1,-1,1,1,1,-1,1,1,1,1,1,1,1,-1,1,0.0,-166.0,1
118,-1,1,1,1,1,-1,-1,-1,-1,1,1,-1,1,-1,1,-1,-1,-1,1,-1,-1,-1,1,-1,1,-1,-1,1,-1,1,-1,1,1,-1,1,1,-1,-1,-1,1,0.0,-166.0,6
119,-1,1,1,1,1,-1,-1,1,-1,1,-1,-1,1,1,1,-1,-1,-1,1,-1,1,-1,1,-1,1,-1,-1,1,-1,1,-1,1,1,1,1,1,1,-1,-1,1,0.0,-166.0,1
120,1,-1,1,1,1,-1,-1,-1,1,-1,1,-1,1,-1,1,1,-1,-1,-1,-1,-1,-1,-1,1,1,1,-1,-1,1,1,1,-1,1,1,1,1,1,-1,-1,-1,0.0,-166.0,2
121,1,-1,-1,-1,-1,1,1,-1,-1,-1,-1,1,-1,1,-1,-1,1,1,-1,1,-1,1,1,1,-1,1,1,1,-1,1,1,-1,-1,-1,-1,-1,-1,1,1,-1,0.0,-166.0,1
122,-1,1,1,1,1,-1,-1,1,1,-1,1,-1,1,-1,1,1,-1,-1,-1,-1,1,-1,-1,-1,1,-1,-1,-1,1,1,1,1,1,1,1,1,1,-1,-1,1,0.0,-166.0,3
123,-1,-1,1,1,1,-1,-1,-1,-1,1,1,-1,1,1,1,-1,-1,-1,1,-1,-1,-1,1,-1,1,-1,-1,1,-1,1,-1,-1,-1,1,1,1,1,-1,-1,1,0.0,-166.0,1
124,-1,-1,1,1,1,-1,-1,-1,-1,1,1,-1,1,1,1,-1,-1,-1,1,-1,-1,-1,1,-1,1,-1,-1,1,-1,1,-1,1,1,1,1,1,1,-1,-1,1,0.0,-166.0,1
125,-1,1,1,1,1,-1,-1,1,1,1,1,-1,1,-1,1,1,-1,-1,1,-1,1,-1,1,-1,1,-1,-1,1,1,-1,-1,1,1,1,1,1,1,-1,-1,1,0.0,-166.0,2
126,-1,1,1,1,1,-1,-1,1,-1,1,1,-1,1,-1,1,-1,-1,-1,1,-1,1,-1,1,-1,1,-1,-1,1,-1,1,-1,1,1,1,1,1,1,-1,-1,1,0.0,-166.0,1
127,-1,1,-1,-1,-1,1,1,1,-1,1,-1,1,-1,1,-1,-1,1,1,1,1,1,1,1,-1,1,1,1,1,-1,-1,-1,1,-1,-1,-1,-1,-1,1,1,1,0.0,-166.0,1
128,1,1,-1,-1,-1,1,1,-1,-1,-1,-1,1,-1,1,-1,-1,1,1,1,1,-1,1,1,-1,-1,1,1,1,-1,1,-1,-1,-1,-1,-1,-1,-1,1,1,-1,0.0,-166.0,5
129,1,1,-1,-1,-1,1,1,1,-1,-1,-1,1,-1,1,-1,-1,1,1,-1,1,-1,1,1,-1,-1,1,1,1,-1,1,1,-1,-1,-1,-1,-1,-1,-1,1,-1,0.0,-166.0,4
130,1,1,-1,-1,-1,1,1,-1,-1,-1,-1,1,-1,1,-1,-1,1,1,1,-1,-1,1,1,-1,1,1,1,1,-1,1,-1,-1,-1,-1,-1,-1,-1,1,1,-1,0.0,-166.0,7
131,-1,-1,1,1,1,-1,-1,1,1,1,1,-1,1,-1,1,1,-1,-1,1,-1,1,-1,-1,-1,1,-1,-1,-1,1,-1,1,1,1,1,1,1,1,-1,-1,1,0.0,-166.0,2
132,1,1,-1,-1,-1,1,1,-1,-1,-1,-1,1,-1,1,-1,-1,1,1,-1,1,-1,1,1,1,-1,1,1,1,-1,-1,1,-1,-1,-1,-1,-1,-1,1,1,-1,0.0,-166.0,1
133,-1,1,1,1,1,-1,-1,-1,-1,1,-1,-1,1,1,1,-1,-1,-1,1,-1,-1,-1,1,-1,1,-1,-1,1,-1,1,-1,1,1,1,-1,1,-1,-1,-1,1,0.0,-166.0,1
134,1,1,-1,-1,-1,1,1,-1,-1,-1,-1,1,-1,1,-1,-1,1,1,1,-1,-1,1,1,1,-1,1,1,1,-1,1,-1,-1,-1,-1,-1,-1,-1,1,1,-1,0.0,-166.0,1
135,-1,-1,1,1,1,-1,-1,1,1,1,1,-1,1,-1,1,1,-1,-1,-1,1,1,-1,-1,-1,1,-1,-1,-1,1,-1,1,1,1,1,1,1,1,-1,-1,1,0.0,-166.0,1
136,-1,-1,1,1,1,-1,-1,-1,1,1,1,-1,1,-1,1,1,-1,-1,1,-1,1,-1,-1,1,1,-1,-1,-1,1,-1,1,1,1,1,1,1,1,-1,-1,1,0.0,-166.0,1
137,-1,1,-1,-1,-1,1,1,1,-1,1,-1,1,-1,1,-1,-1,1,1,1,1,1,1,1,-1,-1,1,1,1,-1,-1,-1,1,-1,-1,-1,-1,-1,1,1,-1,0.0,-166.0,1
138,1,1,-1,-1,-1,1,1,1,-1,-1,-1,1,-1,1,-1,-1,1,1,1,1,-1,1,1,-1,-1,1,1,1,-1,-1,-1,-1,-1,-1,-1,-1,-1,1,1,-1,0.025,-170.0,1
139,1,-1,1,1,1,-1,-1,-1,1,-1,1,-1,1,-1,1,1,-1,-1,-1,-1,1,-1,-1,1,1,-1,-1,-1,1,1,1,-1,1,1,1,1,1,-1,-1,-1,0.025,-170.0,1
140,-1,-1,1,1,1,-1,-1,1,1,1,1,-1,1,-1,1,1,-1,-1,1,-1,1,-1,-1,-1,1,-1,-1,-1,1,1,-1,1,1,1,1,1,1,-1,-1,1,0.025,-166.0,1
141,1,-1,1,1,1,-1,-1,1,1,-1,1,-1,1,-1,1,1,-1,-1,-1,-1,1,-1,-1,-1,1,-1,-1,-1,1,1,1,-1,1,1,1,1,1,-1,-1,-1,0.025,-162.0,1
142,-1,-1,1,1,1,-1,-1,-1,-1,1,1,-1,1,1,1,-1,-1,-1,1,-1,-1,-1,1,-1,1,-1,-1,-1,1,1,1,-1,1,1,1,1,1,-1,-1,1,0.025,-166.0,2
143,-1,-1,1,1,1,-1,-1,-1,1,1,1,-1,1,-1,1,1,-1,-1,-1,-1,1,-1,-1,-1,1,-1,-1,-1,1,1,1,-1,1,1,1,1,1,-1,-1,1,0.025,-162.0,2
144,-1,-1,1,1,1,-1,-1,-1,1,1,1,-1,1,-1,1,1,-1,-1,1,-1,1,-1,-1,-1,1,-1,-1,-1,1,1,-1,-1,1,1,1,1,1,-1,-1,1,0.025,-158.0,3
145,-1,1,1,1,1,-1,-1,-1,-1,1,1,-1,1,-1,1,-1,-1,-1,-1,-1,-1,-1,1,-1,1,-1,-1,1,-1,1,-1,1,-1,1,1,1,-1,-1,-1,1,0.0,-164.0,1
146,1,1,-1,-1,-1,1,-1,1,-1,-1,-1,1,-1,1,-1,-1,1,1,-1,1,-1,-1,1,-1,-1,1,1,1,1,1,1,-1,-1,-1,-1,-1,1,-1,-1,-1,0.0,-164.0,1
147,-1,-1,1,1,1,-1,-1,1,1,1,1,-1,1,1,1,1,-1,-1,1,-1,1,-1,1,-1,1,-1,-1,1,1,1,-1,1,1,1,1,1,1,-1,-1,1,0.0,-164.0,1
148,-1,1,1,1,1,-1,-1,1,1,1,-1,-1,1,-1,1,1,-1,-1,1,-1,1,-1,1,-1,1,-1,-1,1,-1,1,-1,1,1,1,1,1,1,-1,-1,1,0.0,-164.0,1
149,-1,-1,1,1,1,-1,-1,1,1,1,1,-1,1,-1,1,1,-1,-1,1,-1,1,-1,-1,-1,1,-1,-1,1,1,1,-1,1,1,1,1,1,1,-1,-1,1,0.0,-164.0,1
150,-1,-1,1,1,1,-1,1,-1,1,1,1,-1,1,-1,1,1,-1,-1,1,-1,1,1,-1,1,1,-1,-1,-1,-1,-1,-1,1,1,1,1,1,-1,1,1,1,0.0,-164.0,1
151,-1,1,1,1,1,-1,-1,-1,-1,1,-1,-1,1,-1,1,-1,-1,-1,1,-1,1,1,-1,-1,1,-1,-1,1,-1,1,-1,1,1,-1,-1,1,-1,-1,-1,1,0.0,-164.0,1
152,-1,1,1,1,1,-1,-1,1,1,1,1,-1,1,-1,1,1,-1,-1,1,-1,1,-1,1,-1,1,-1,-1,-1,1,-1,-1,1,1,1,1,1,1,-1,-1,1,0.0,-164.0,2
153,-1,1,1,1,1,-1,-1,-1,-1,1,1,-1,1,-1,1,-1,-1,-1,1,-1,-1,-1,1,-1,1,-1,-1,1,-1,1,-1,1,1,-1,-1,1,-1,-1,-1,1,0.0,-164.0,1
154,1,-1,-1,-1,-1,1,1,1,-1,-1,-1,1,-1,1,-1,-1,1,1,1,1,-1,-1,1,-1,-1,1,1,1,1,1,1,-1,-1,-1,-1,-1,1,1,-1,-1,0.0,-164.0,2
155,1,-1,1,1,1,-1,-1,-1,1,-1,1,-1,1,-1,1,1,-1,-1,-1,-1,-1,-1,-1,-1,1,1,-1,-1,1,1,1,-1,1,1,1,1,1,-1,-1,-1,0.0,-164.0,1
156,1,-1,-1,-1,-1,1,1,-1,-1,-1,-1,1,-1,1,-1,-1,1,1,-1,1,-1,1,-1,1,-1,1,1,1,-1,1,1,-1,-1,-1,-1,-1,-1,1,1,-1,0.0,-164.0,1
157,-1,-1,1,1,1,-1,-1,1,1,1,1,-1,1,-1,1,1,-1,-1,1,-1,1,-1,1,-1,1,-1,-1,1,1,-1,-1,1,1,1,1,1,1,1,-1,-1,0.0,-164.0,5
158,-1,-1,1,1,1,1,1,1,1,1,1,-1,1,-1,1,1,-1,-1,1,1,1,-1,-1,-1,1,-1,-1,-1,1,-1,1,1,1,1,1,1,1,1,-1,-1,0.0,-164.0,1
159,1,1,-1,-1,-1,1,1,-1,-1,-1,-1,1,-1,1,-1,-1,1,1,-1,1,-1,1,1,1,-1,1,1,-1,-1,1,1,-1,-1,-1,-1,-1,-1,-1,1,-1,0.0,-164.0,2
160,1,1,-1,-1,-1,1,1,-1,-1,-1,-1,1,-1,1,-1,-1,1,1,-1,1,-1,1,-1,1,-1,1,1,-1,-1,1,1,-1,-1,-1,-1,-1,-1,-1,1,1,0.0,-164.0,3
161,1,-1,1,1,1,1,1,1,1,1,1,-1,-1,-1,1,1,-1,-1,-1,1,1,-1,-1,-1,-1,-1,-1,-1,1,-1,1,1,1,1,1,1,1,1,-1,-1,0.0,-164.0,1
162,-1,1,1,1,1,-1,-1,-1,-1,1,1,-1,1,-1,1,-1,-1,-1,1,-1,-1,-1,1,-1,1,-1,-1,1,-1,1,-1,1,-1,-1,1,1,-1,-1,-1,1,0.0,-164.0,1
163,-1,-1,1,1,1,-1,-1,1,1,1,1,-1,1,-1,1,1,-1,-1,1,-1,1,-1,-1,-1,1,-1,-1,1,1,-1,-1,1,1,1,1,1,1,1,-1,1,0.0,-164.0,2
164,1,1,-1,-1,-1,1,1,-1,-1,-1,-1,1,-1,1,-1,-1,1,1,-1,1,-1,1,1,-1,-1,1,1,1,-1,1,1,-1,-1,-1,-1,-1,-1,-1,1,-1,0.0,-164.0,3
165,-1,1,1,1,1,-1,1,-1,1,1,1,-1,1,-1,1,1,-1,-1,1,-1,1,1,-1,1,1,-1,-1,-1,-1,-1,-1,1,1,-1,-1,1,-1,-1,1,1,0.0,-164.0,2
166,-1,-1,1,1,1,-1,-1,-1,-1,1,1,-1,1,-1,1,-1,-1,-1,1,-1,-1,-1,1,-1,1,-1,-1,1,-1,1,-1,1,1,1,1,1,1,-1,-1,1,0.0,-164.0,1
167,1,1,-1,-1,-1,1,1,-1,-1,-1,-1,1,-1,1,-1,-1,1,1,-1,1,-1,1,-1,-1,-1,1,1,-1,-1,1,1,-1,-1,-1,-1,-1,-1,-1,1,-1,0.0,-164.0,5
168,-1,-1,1,1,1,-1,-1,-1,-1,1,1,-1,1,1,1,-1,-1,-1,1,-1,-1,-1,1,-1,1,-1,-1,-1,1,1,1,1,1,1,1,1,1,-1,-1,1,0.0,-164.0,1
169,1,1,-1,-1,-1,1,1,-1,-1,-1,-1,1,-1,-1,-1,-1,1,1,-1,1,-1,1,-1,1,-1,1,1,-1,-1,1,1,-1,-1,-1,-1,-1,-1,-1,1,-1,0.0,-164.0,1
170,1,1,-1,-1,-1,1,1,-1,-1,-1,-1,1,-1,1,-1,-1,1,1,1,1,-1,1,1,-1,1,1,1,1,-1,1,-1,-1,-1,-1,-1,-1,-1,1,1,-1,0.0,-164.0,2
171,-1,-1,1,1,1,-1,-1,1,1,1,1,-1,1,-1,1,1,-1,-1,1,-1,1,-1,1,-1,1,-1,-1,-1,1,-1,-1,1,1,1,1,1,1,1,-1,1,0.0,-164.0,1
172,-1,1,1,1,1,-1,1,1,1,1,-1,-1,1,-1,1,1,-1,-1,1,-1,1,1,-1,-1,1,-1,-1,1,-1,-1,-1,1,1,1,1,1,-1,1,-1,1,0.0,-164.0,1
173,1,-1,-1,-1,-1,1,1,-1,1,-1,-1,1,-1,-1,-1,1,1,1,-1,1,1,1,-1,1,-1,1,1,-1,1,-1,1,-1,-1,-1,-1,-1,1,1,1,-1,0.0,-164.0,1
174,-1,1,1,1,1,-1,-1,1,1,1,1,-1,1,-1,1,1,-1,-1,-1,-1,1,-1,-1,-1,1,-1,-1,-1,1,-1,-1,1,1,1,1,1,1,-1,-1,1,0.0,-164.0,1
175,1,1,-1,-1,-1,1,1,1,-1,-1,-1,1,-1,1,-1,-1,1,1,-1,1,-1,1,-1,-1,-1,1,1,1,-1,-1,-1,-1,-1,-1,-1,-1,-1,-1,1,-1,0.0,-164.0,1
176,-1,-1,1,1,1,1,1,-1,1,1,1,-1,1,-1,1,1,-1,-1,1,-1,1,-1,-1,-1,1,-1,-1,-1,1,-1,1,1,1,1,1,1,1,1,-1,-1,0.0,-164.0,4
177,-1,1,-1,-1,-1,1,1,-1,-1,-1,-1,1,-1,1,-1,-1,1,1,1,-1,-1,1,1,-1,1,1,1,1,-1,1,-1,-1,-1,-1,-1,-1,-1,1,1,-1,0.0,-164.0,3
178,1,1,-1,-1,-1,1,1,-1,-1,-1,-1,1,-1,1,-1,-1,1,1,1,-1,-1,1,1,-1,1,1,1,1,-1,1,-1,1,-1,-1,-1,-1,-1,1,1,-1,0.0,-164.0,1
179,1,1,-1,-1,-1,1,1,-1,-1,-1,-1,1,-1,-1,-1,-1,1,1,-1,1,-1,1,1,1,-1,1,1,1,-1,1,-1,-1,-1,-1,-1,-1,-1,1,1,-1,0.0,-164.0,1
180,-1,1,1,1,1,-1,-1,1,-1,1,1,-1,1,-1,1,-1,-1,-1,1,-1,-1,-1,1,-1,1,-1,-1,1,-1,1,-1,1,1,-1,1,1,-1,-1,-1,1,0.0,-164.0,2
181,-1,-1,1,1,1,-1,-1,1,1,1,1,-1,1,-1,1,1,-1,-1,-1,-1,1,-1,-1,-1,1,-1,-1,-1,1,-1,1,1,1,1,1,1,1,-1,-1,1,0.0,-164.0,1
182,1,1,-1,-1,-1,1,1,1,-1,-1,-1,1,-1,1,-1,-1,1,1,-1,1,-1,1,-1,-1,-1,1,1,1,-1,1,1,-1,-1,-1,-1,-1,-1,-1,1,-1,0.0,-164.0,1
183,-1,-1,1,1,1,-1,-1,-1,1,1,1,-1,1,-1,1,1,-1,-1,1,-1,1,-1,-1,-1,1,-1,-1,-1,1,-1,-1,1,1,1,1,1,1,1,-1,1,0.0,-164.0,2
184,1,1,-1,-1,-1,1,1,1,-1,-1,-1,1,-1,1,-1,-1,1,1,-1,1,-1,1,1,1,-1,1,1,1,-1,1,1,-1,-1,-1,-1,-1,-1,-1,1,-1,0.0,-164.0,1
185,1,1,-1,-1,-1,-1,1,-1,-1,-1,-1,1,-1,1,-1,-1,1,1,-1,-1,-1,1,1,1,-1,1,1,1,-1,1,-1,-1,-1,-1,-1,-1,-1,-1,1,-1,0.0,-164.0,1
186,-1,1,-1,-1,-1,-1,1,-1,-1,-1,-1,1,-1,1,-1,-1,1,1,1,-1,-1,1,1,-1,1,1,1,1,-1,1,-1,-1,-1,-1,-1,-1,-1,-1,1,-1,0.0,-164.0,32
187,-1,-1,1,1,1,-1,-1,-1,1,1,1,-1,1,-1,1,1,-1,-1,1,-1,1,-1,-1,-1,1,-1,-1,-1,1,-1,1,1,1,1,1,1,1,-1,-1,1,0.0,-164.0,2
188,-1,1,-1,-1,-1,1,1,-1,-1,-1,-1,1,-1,1,-1,-1,1,1,1,-1,-1,1,1,-1,1,1,1,1,-1,-1,-1,1,-1,-1,-1,-1,-1,1,1,-1,0.025,-168.0,1
189,-1,1,1,1,1,-1,-1,-1,-1,1,1,-1,1,-1,1,-1,-1,-1,1,-1,1,-1,1,-1,1,-1,-1,1,-1,1,-1,1,1,-1,1,1,-1,-1,-1,1,0.025,-168.0,1
190,-1,1,1,1,1,-1,-1,1,-1,1,1,-1,1,-1,1,-1,-1,-1,1,-1,1,-1,1,-1,1,-1,-1,1,-1,1,-1,1,1,-1,1,1,-1,-1,-1,1,0.025,-170.0,1
191,1,-1,1,1,1,-1,-1,-1,1,-1,1,-1,1,-1,1,1,-1,-1,-1,-1,-1,-1,-1,1,1,-1,-1,-1,1,1,1,-1,1,1,1,1,1,-1,-1,-1,0.025,-172.0,1
192,-1,1,1,1,1,-1,-1,-1,-1,1,1,-1,1,1,1,-1,-1,-1,1,-1,-1,-1,1,-1,1,-1,-1,1,-1,1,-1,1,1,1,1,1,-1,-1,-1,1,0.025,-166.0,3
193,1,1,-1,-1,-1,1,1,-1,-1,-1,-1,1,-1,1,-1,-1,1,1,1,1,-1,1,1,-1,-1,1,1,1,-1,-1,-1,-1,-1,-1,-1,-1,-1,1,1,-1,0.025,-168.0,1
194,1,1,-1,-1,-1,1,1,1,-1,-1,-1,1,-1,1,-1,-1,1,1,-1,1,-1,1,1,-1,-1,1,1,1,-1,1,1,-1,-1,-1,-1,-1,-1,-1,1,-1,0.025,-166.0,3
195,-1,-1,1,1,1,-1,-1,-1,1,1,1,-1,1,-1,1,1,-1,-1,-1,-1,1,-1,-1,-1,1,-1,-1,-1,1,1,1,-1,1,1,1,1,1,-1,-1,-1,0.025,-160.0,2
196,-1,-1,1,1,1,-1,-1,-1,1,-1,1,-1,1,-1,1,1,-1,-1,-1,1,1,-1,-1,-1,1,-1,-1,-1,1,1,1,-1,1,1,1,1,1,-1,-1,-1,0.05,-160.0,2
197,-1,1,-1,-1,-1,1,1,-1,-1,1,-1,1,-1,1,-1,-1,1,1,1,-1,-1,1,1,-1,1,-1,1,1,-1,-1,-1,1,-1,-1,-1,-1,-1,1,1,1,0.0,-162.0,5
198,-1,1,-1,-1,-1,1,1,-1,-1,-1,-1,1,-1,1,-1,-1,1,1,1,-1,-1,1,1,-1,1,-1,1,1,-1,-1,-1,1,-1,-1,-1,-1,-1,1,1,-1,0.0,-162.0,3
199,1,-1,1,1,1,-1,-1,1,1,-1,1,-1,1,-1,1,1,-1,-1,-1,1,1,-1,-1,1,-1,1,-1,-1,1,1,1,-1,1,-1,1,-1,1,-1,-1,-1,0.0,-162.0,2
200,1,-1,-1,-1,-1,1,-1,1,-1,-1,1,1,-1,1,-1,-1,1,1,-1,1,-1,-1,1,-1,-1,1,1,-1,1,1,1,-1,-1,-1,-1,-1,1,-1,-1,-1,0.0,-162.0,2
201,1,-1,-1,-1,-1,1,1,1,-1,-1,-1,1,-1,1,-1,-1,1,1,-1,1,-1,-1,1,-1,-1,1,1,-1,1,1,1,-1,-1,-1,-1,-1,1,-1,-1,-1,0.0,-162.0,2
202,1,-1,-1,-1,-1,1,1,1,-1,-1,-1,1,-1,1,-1,-1,1,1,1,1,-1,-1,1,-1,-1,1,1,1,1,1,1,-1,-1,-1,-1,-1,1,-1,-1,-1,0.0,-162.0,1
203,-1,1,1,1,1,-1,-1,1,-1,1,-1,-1,1,1,1,1,-1,-1,1,-1,1,-1,1,-1,1,-1,-1,1,-1,1,-1,1,1,1,1,1,-1,-1,-1,1,0.0,-162.0,1
204,1,-1,-1,-1,-1,1,1,-1,-1,-1,-1,1,-1,1,-1,-1,1,1,-1,1,-1,1,-1,-1,-1,1,1,-1,-1,1,1,-1,-1,-1,-1,-1,-1,-1,1,-1,0.0,-162.0,1
205,1,-1,-1,-1,-1,1,1,-1,-1,-1,-1,1,-1,1,-1,-1,1,1,1,-1,-1,1,1,-1,-1,1,1,1,1,1,1,-1,-1,-1,-1,-1,1,1,-1,-1,0.0,-162.0,1
206,1,-1,1,1,1,-1,-1,-1,1,-1,1,-1,1,-1,1,1,-1,-1,-1,1,1,-1,-1,1,-1,1,-1,-1,1,1,1,-1,1,-1,1,1,1,-1,-1,-1,0.0,-162.0,1
207,-1,1,1,1,1,-1,-1,1,1,1,1,-1,1,-1,1,1,-1,-1,1,-1,1,-1,1,-1,1,-1,-1,-1,1,-1,-1,1,1,1,1,1,1,1,-1,1,0.0,-162.0,1
208,-1,-1,1,1,1,-1,-1,1,1,1,1,-1,1,-1,1,1,-1,-1,1,-1,1,-1,1,-1,1,-1,-1,1,1,1,-1,1,1,1,1,1,1,1,-1,-1,0.0,-162.0,1
209,1,1,-1,-1,-1,1,1,-1,-1,-1,-1,1,-1,1,-1,-1,1,1,1,1,-1,1,1,-1,1,1,1,1,-1,-1,-1,-1,-1,-1,-1,-1,-1,1,1,-1,0.0,-162.0,1
210,1,1,-1,-1,-1,1,1,-1,-1,-1,-1,1,-1,1,-1,-1,1,1,1,-1,-1,1,1,-1,-1,1,1,1,-1,-1,-1,-1,-1,-1,-1,-1,-1,1,1,-1,0.0,-162.0,1
211,1,-1,1,1,1,-1,-1,-1,1,-1,1,-1,1,-1,1,1,-1,-1,-1,-1,1,-1,-1,-1,1,1,-1,-1,1,1,1,-1,1,1,1,1,1,-1,-1,-1,0.0,-162.0,1
212,1,-1,-1,-1,-1,1,1,-1,1,-1,-1,1,-1,1,-1,1,1,1,1,1,-1,1,-1,-1,-1,1,1,-1,1,-1,1,-1,-1,1,-1,-1,1,1,1,-1,0.0,-162.0,1
213,-1,1,1,1,1,-1,-1,1,-1,1,-1,-1,1,-1,1,-1,-1,-1,1,-1,1,-1,-1,-1,1,-1,-1,1,-1,1,-1,1,1,-1,1,1,-1,-1,-1,1,0.0,-162.0,1
214,-1,1,-1,-1,-1,1,1,-1,-1,-1,-1,1,-1,1,-1,-1,1,1,1,1,-1,1,1,-1,-1,1,1,1,-1,-1,-1,-1,-1,-1,-1,-1,-1,1,1,-1,0.0,-162.0,1
215,-1,1,1,1,1,-1,-1,1,1,1,1,-1,1,-1,1,1,-1,-1,-1,-1,1,-1,-1,-1,1,-1,-1,-1,1,-1,-1,1,1,1,1,1,-1,-1,-1,1,0.0,-162.0,1
216,1,1,-1,-1,-1,-1,1,-1,-1,-1,-1,1,-1,-1,-1,-1,1,1,-1,1,-1,1,1,1,-1,1,1,1,-1,1,-1,-1,-1,-1,-1,-1,-1,1,1,-1,0.0,-162.0,1
217,1,1,-1,-1,-1,1,1,1,-1,-1,-1,1,-1,1,-1,-1,1,1,1,1,-1,1,1,-1,-1,1,1,1,-1,1,-1,-1,-1,-1,-1,-1,1,1,1,-1,0.0,-162.0,1
218,-1,-1,1,1,1,-1,-1,-1,1,1,1,-1,1,-1,1,1,-1,-1,-1,-1,1,-1,-1,-1,1,-1,-1,-1,1,1,1,1,1,1,1,1,1,-1,-1,-1,0.0,-162.0,1
219,1,1,-1,1,-1,-1,-1,-1,-1,-1,-1,1,1,1,-1,-1,1,1,-1,-1,-1,-1,1,-1,1,1,1,1,-1,1,-1,-1,-1,-1,-1,-1,-1,-1,-1,-1,0.0,-162.0,2
220,-1,1,1,1,1,-1,-1,1,-1,1,1,-1,1,-1,1,-1,-1,-1,-1,-1,1,-1,-1,-1,1,-1,-1,1,-1,1,-1,1,1,-1,1,1,-1,-1,-1,1,0.0,-162.0,2
221,1,1,-1,-1,-1,1,1,1,-1,1,-1,1,-1,1,-1,-1,1,1,1,1,-1,1,1,-1,-1,-1,1,1,-1,-1,-1,1,-1,-1,-1,-1,-1,1,1,1,0.0,-162.0,1
222,1,-1,-1,-1,-1,1,1,-1,-1,-1,-1,1,-1,1,-1,-1,1,1,1,1,-1,1,-1,1,-1,1,1,-1,-1,-1,1,-1,-1,-1,-1,-1,-1,1,1,-1,0.0,-162.0,1
223,1,1,-1,-1,-1,1,1,1,1,-1,-1,1,-1,-1,-1,1,1,1,-1,1,1,1,-1,1,-1,1,1,-1,1,-1,1,-1,1,-1,-1,-1,1,1,1,-1,0.0,-162.0,1
224,-1,-1,1,1,1,-1,-1,1,-1,1,1,-1,1,1,1,-1,-1,-1,1,-1,1,-1,1,-1,1,-1,-1,1,-1,1,-1,1,1,1,1,1,1,-1,-1,1,0.0,-162.0,1
225,1,-1,1,1,1,-1,-1,-1,1,-1,1,-1,1,-1,1,1,-1,-1,-1,-1,1,-1,-1,1,1,1,-1,-1,1,1,1,-1,1,-1,1,1,1,-1,-1,-1,0.0,-162.0,1
226,-1,1,-1,-1,-1,-1,1,-1,-1,-1,-1,1,-1,1,-1,-1,1,1,1,-1,-1,1,1,-1,1,1,1,1,-1,1,-1,-1,-1,-1,-1,-1,-1,1,1,-1,0.0,-162.0,1
227,1,1,-1,-1,-1,1,1,1,-1,-1,-1,1,-1,1,-1,-1,1,1,-1,1,-1,1,1,-1,-1,1,1,1,-1,1,-1,-1,-1,-1,-1,-1,-1,-1,1,1,0.0,-162.0,1
228,-1,-1,1,1,1,-1,-1,-1,1,1,1,-1,1,-1,1,1,-1,-1,1,-1,1,-1,1,1,1,-1,-1,-1,1,1,-1,1,1,1,1,1,1,1,-1,1,0.0,-162.0,1
229,-1,1,-1,-1,-1,1,1,-1,-1,-1,-1,1,-1,1,-1,-1,1,1,1,-1,-1,1,1,-1,1,1,1,1,-1,1,-1,-1,-1,-1,-1,-1,-1,-1,1,-1,0.0,-162.0,4
230,1,1,-1,-1,-1,1,1,1,-1,-1,-1,1,-1,1,-1,-1,1,1,1,1,-1,1,1,-1,-1,1,1,1,-1,1,-1,-1,-1,-1,-1,-1,-1,-1,1,-1,0.0,-162.0,1
231,-1,-1,1,1,1,-1,-1,-1,1,1,1,-1,1,-1,1,1,-1,-1,1,-1,1,-1,-1,-1,1,-1,-1,-1,1,-1,1,1,1,1,1,1,1,1,-1,1,0.0,-162.0,1
232,1,1,-1,-1,-1,1,1,-1,-1,-1,-1,1,-1,1,-1,-1,1,1,1,-1,-1,1,1,-1,-1,1,1,1,-1,-1,-1,-1,-1,-1,-1,-1,-1,1,1,-1,0.025,-162.0,1
233,1,-1,1,1,1,-1,-1,1,1,-1,1,-1,1,-1,1,1,-1,-1,-1,1,1,-1,-1,-1,-1,-1,-1,-1,1,1,1,-1,1,1,1,1,1,-1,-1,-1,0.025,-162.0,1
234,1,1,-1,-1,-1,1,1,-1,-1,-1,-1,1,-1,1,-1,-1,1,1,1,-1,-1,1,1,-1,1,1,1,1,-1,1,-1,-1,-1,-1,-1,-1,-1,1,1,-1,0.025,-166.0,1
235,-1,1,1,1,1,-1,-1,1,-1,1,1,-1,1,-1,1,-1,-1,-1,-1,-1,1,-1,1,-1,1,-1,-1,1,-1,1,-1,1,1,-1,1,1,-1,-1,-1,1,0.025,-168.0,2
236,-1,-1,1,1,1,-1,-1,1,-1,1,1,-1,1,1,1,-1,-1,-1,1,-1,1,-1,1,-1,1,-1,-1,1,1,1,-1,1,1,1,1,1,1,-1,-1,1,0.025,-164.0,1
237,1,-1,1,1,1,-1,-1,-1,1,-1,1,-1,1,-1,1,1,-1,-1,-1,-1,-1,-1,-1,-1,1,-1,-1,-1,1,1,1,-1,1,1,1,1,1,-1,-1,-1,0.025,-174.0,1
238,1,1,-1,-1,-1,1,1,-1,-1,-1,-1,1,-1,1,-1,-1,1,1,1,1,-1,1,1,-1,-1,1,1,1,-1,1,-1,-1,-1,-1,-1,-1,-1,1,1,-1,0.025,-166.0,3
239,-1,1,1,1,1,-1,-1,1,1,1,1,-1,1,-1,1,1,-1,-1,-1,-1,1,-1,-1,-1,1,-1,-1,-1,1,1,-1,1,1,1,1,1,1,-1,-1,1,0.025,-162.0,1
240,-1,-1,1,1,1,-1,-1,1,1,1,1,-1,1,-1,1,1,-1,-1,1,-1,1,-1,-1,-1,1,-1,-1,-1,1,1,-1,1,1,1,1,1,1,-1,-1,1,0.025,-166.0,1
241,1,1,-1,1,1,-1,-1,1,1,-1,1,1,1,-1,-1,1,-1,1,-1,1,1,-1,-1,1,-1,1,-1,-1,1,1,1,-1,1,-1,1,-1,1,-1,-1,-1,0.025,-152.0,1
242,-1,-1,1,-1,-1,1,1,-1,-1,1,-1,-1,-1,1,1,-1,1,-1,1,-1,-1,1,-1,-1,1,-1,1,1,-1,-1,-1,1,1,1,-1,1,-1,1,1,1,0.025,-160.0,1
243,1,1,-1,1,1,-1,-1,1,1,-1,1,1,1,-1,-1,1,-1,-1,-1,1,1,-1,-1,1,-1,1,-1,-1,1,1,1,-1,-1,-1,1,-1,1,-1,-1,-1,0.025,-156.0,1
244,1,-1,1,1,1,-1,-1,-1,1,-1,1,-1,1,-1,1,1,-1,-1,-1,-1,1,-1,-1,-1,1,-1,-1,-1,1,1,-1,-1,1,1,1,1,1,-1,-1,-1,0.025,-158.0,1
245,1,1,-1,-1,-1,1,1,1,-1,-1,-1,1,-1,1,-1,-1,1,1,-1,1,-1,1,-1,-1,-1,1,1,1,-1,1,1,-1,-1,-1,-1,-1,-1,-1,1,-1,0.025,-164.0,1
246,1,-1,1,1,1,-1,-1,-1,1,-1,1,-1,1,-1,1,1,-1,-1,1,-1,1,-1,-1,-1,1,-1,-1,-1,1,1,1,-1,1,1,1,1,1,-1,-1,-1,0.025,-154.0,1
247,-1,-1,1,1,1,-1,-1,-1,-1,1,1,-1,1,1,1,-1,-1,-1,1,-1,-1,-1,1,-1,1,-1,-1,1,1,1,-1,-1,1,1,1,1,1,-1,-1,1,0.025,-162.0,1
248,-1,-1,1,1,1,-1,-1,-1,1,1,1,-1,1,-1,1,1,-1,-1,1,-1,1,-1,-1,-1,1,-1,-1,-1,1,-1,1,1,1,1,1,1,1,-1,-1,1,0.025,-164.0,1
249,1,-1,1,1,1,-1,-1,1,1,-1,1,-1,1,-1,1,1,-1,-1,-1,-1,1,-1,-1,-1,1,-1,-1,-1,1,1,1,-1,1,1,1,1,1,-1,-1,-1,0.05,-162.0,1
250,-1,1,1,1,1,-1,-1,-1,1,1,-1,-1,1,-1,1,1,-1,-1,1,-1,1,1,-1,1,1,-1,-1,1,-1,-1,-1,1,1,1,1,1,-1,1,1,1,0.0,-160.0,1
251,-1,1,-1,-1,-1,1,1,1,-1,-1,-1,1,-1,1,-1,-1,1,1,1,-1,-1,1,1,-1,1,-1,1,1,-1,-1,-1,1,-1,-1,-1,-1,-1,1,1,-1,0.0,-160.0,1
252,1,-1,-1,-1,-1,1,-1,1,-1,-1,1,1,-1,1,-1,-1,1,1,-1,1,-1,-1,1,-1,-1,1,1,-1,1,1,1,-1,-1,-1,1,-1,1,-1,-1,-1,0.0,-160.0,1
253,-1,1,1,1,1,-1,-1,-1,-1,1,1,-1,1,-1,1,-1,-1,-1,1,-1,1,-1,1,-1,1,-1,-1,1,-1,1,-1,1,-1,1,1,1,-1,-1,-1,1,0.0,-160.0,1
254,-1,1,-1,-1,-1,1,1,-1,-1,1,-1,1,-1,1,-1,-1,1,1,1,-1,-1,1,1,-1,1,-1,1,1,-1,-1,-1,1,-1,-1,-1,1,-1,1,1,1,0.0,-160.0,1
255,-1,1,1,1,1,-1,1,-1,1,1,-1,-1,1,-1,1,1,-1,-1,1,-1,1,1,-1,-1,1,-1,-1,1,-1,-1,-1,1,1,1,1,1,-1,1,1,1,0.0,-160.0,1
256,-1,-1,1,1,1,1,1,1,1,1,1,-1,1,-1,1,1,-1,-1,1,-1,1,-1,-1,-1,1,-1,-1,-1,1,-1,-1,1,1,1,1,1,1,1,-1,-1,0.0,-160.0,1
257,-1,-1,1,1,1,-1,-1,-1,1,-1,1,-1,1,-1,1,1,-1,-1,-1,-1,1,-1,-1,-1,1,1,-1,-1,1,1,1,-1,1,1,1,1,1,-1,-1,-1,0.0,-160.0,1
258,1,-1,-1,-1,-1,1,1,-1,-1,-1,-1,1,-1,1,-1,-1,1,1,-1,1,-1,1,-1,-1,1,1,1,-1,-1,1,1,-1,-1,-1,-1,-1,-1,-1,1,-1,0.0,-160.0,1
259,1,1,-1,-1,-1,1,-1,-1,-1,-1,-1,1,-1,1,-1,-1,1,1,-1,1,-1,1,1,-1,-1,1,1,1,-1,1,-1,-1,-1,-1,-1,-1,-1,-1,1,-1,0.0,-160.0,1
260,1,1,-1,-1,-1,1,1,-1,-1,-1,-1,1,-1,1,-1,-1,1,1,-1,1,-1,1,-1,1,-1,1,1,-1,1,-1,1,-1,-1,-1,-1,-1,-1,1,1,-1,0.0,-160.0,1
261,-1,1,1,1,1,-1,1,-1,1,1,-1,-1,1,-1,1,1,-1,-1,1,-1,1,1,-1,1,1,-1,-1,-1,-1,-1,-1,1,1,-1,-1,1,-1,1,1,1,0.0,-160.0,1
262,-1,1,1,1,1,-1,-1,1,-1,1,1,-1,1,-1,1,1,-1,-1,-1,-1,1,-1,-1,-1,1,-1,-1,1,-1,1,-1,1,1,-1,1,1,-1,-1,-1,1,0.0,-160.0,2
263,-1,1,1,1,1,-1,-1,1,1,1,-1,-1,1,-1,1,1,-1,-1,1,-1,1,-1,-1,-1,1,-1,-1,1,-1,1,-1,1,1,1,1,1,-1,-1,-1,1,0.0,-160.0,1
264,1,1,-1,1,-1,-1,-1,-1,-1,-1,-1,1,-1,-1,-1,-1,1,1,-1,1,-1,1,1,1,-1,1,1,1,-1,1,-1,-1,-1,-1,-1,-1,-1,-1,1,-1,0.0,-160.0,1
265,1,-1,-1,-1,-1,1,1,-1,1,-1,-1,1,-1,1,-1,-1,1,1,1,1,-1,1,-1,-1,-1,1,1,-1,1,-1,1,-1,-1,1,-1,-1,1,1,1,-1,0.0,-160.0,1
266,-1,1,1,1,1,-1,-1,1,-1,1,-1,-1,1,1,1,-1,-1,-1,1,-1,1,-1,1,-1,1,-1,-1,1,-1,1,-1,1,1,-1,-1,1,-1,-1,-1,1,0.0,-160.0,1
267,1,-1,-1,-1,-1,1,1,-1,-1,1,-1,1,-1,1,-1,-1,1,1,1,1,-1,1,1,-1,1,1,1,1,-1,1,-1,-1,-1,-1,-1,-1,-1,1,1,-1,0.0,-160.0,1
268,-1,1,-1,-1,-1,1,1,-1,-1,-1,-1,1,-1,1,-1,-1,1,1,1,-1,-1,1,1,-1,1,1,1,1,-1,1,-1,1,-1,-1,-1,-1,-1,-1,1,-1,0.0,-160.0,1
269,-1,1,1,1,1,-1,1,1,1,1,-1,-1,1,-1,1,1,-1,-1,1,-1,1,1,-1,-1,1,-1,-1,1,1,-1,-1,1,1,1,1,1,-1,1,-1,-1,0.0,-160.0,1
270,-1,1,1,1,1,-1,1,-1,-1,1,-1,-1,1,-1,1,-1,-1,-1,1,-1,1,1,-1,-1,1,-1,-1,1,-1,1,-1,1,1,-1,-1,1,-1,-1,1,1,0.0,-160.0,1
271,1,1,-1,-1,-1,1,1,-1,-1,-1,-1,1,-1,1,-1,-1,1,1,1,1,-1,1,1,-1,-1,1,1,1,-1,1,1,-1,-1,-1,-1,-1,-1,1,1,-1,0.0,-160.0,1
272,-1,1,-1,-1,-1,1,1,1,-1,1,-1,1,-1,1,-1,-1,1,-1,1,-1,-1,-1,1,-1,1,-1,1,1,-1,-1,-1,1,1,1,-1,1,-1,1,1,-1,0.0,-160.0,1
273,1,1,-1,-1,-1,1,1,-1,-1,-1,-1,1,-1,1,-1,-1,1,1,-1,1,-1,1,-1,-1,-1,1,1,1,-1,1,1,-1,-1,-1,-1,-1,-1,1,1,-1,0.0,-160.0,1
274,-1,-1,1,-1,1,1,1,1,1,1,1,-1,1,-1,1,1,-1,-1,1,1,1,-1,-1,-1,1,-1,-1,-1,1,-1,1,1,1,1,1,1,1,1,-1,1,0.0,-160.0,1
275,1,-1,1,1,1,1,-1,-1,1,-1,1,-1,1,-1,1,1,-1,-1,-1,-1,-1,-1,-1,-1,1,-1,-1,-1,1,1,1,-1,1,1,1,1,1,-1,-1,-1,0.0,-160.0,1
276,-1,1,1,1,1,-1,-1,1,1,1,1,-1,1,-1,1,1,-1,-1,-1,-1,1,-1,-1,1,1,-1,-1,-1,1,-1,-1,1,1,1,1,1,-1,-1,-1,1,0.0,-160.0,2
277,1,1,-1,1,-1,-1,-1,-1,-1,-1,-1,1,1,1,-1,-1,1,1,1,-1,-1,-1,1,-1,1,1,1,1,-1,1,-1,-1,-1,-1,-1,-1,-1,-1,-1,-1,0.0,-160.0,6
278,-1,1,-1,-1,-1,1,1,-1,-1,-1,-1,1,-1,1,-1,-1,1,1,1,-1,-1,1,1,-1,-1,1,1,1,-1,1,-1,-1,-1,-1,-1,-1,-1,-1,1,-1,0.0,-160.0,2
279,1,1,-1,-1,-1,1,1,-1,1,-1,-1,1,-1,-1,-1,-1,1,1,-1,1,-1,1,-1,1,-1,1,1,-1,-1,-1,1,-1,-1,-1,-1,-1,-1,-1,1,-1,0.0,-160.0,1
280,1,1,-1,-1,-1,1,1,-1,-1,-1,-1,1,-1,1,-1,-1,1,1,1,-1,-1,1,1,-1,1,1,1,1,-1,1,-1,-1,-1,-1,-1,-1,1,1,1,-1,0.0,-160.0,1
281,1,1,-1,-1,-1,1,1,-1,-1,-1,-1,1,-1,1,-1,-1,1,1,-1,1,-1,1,-1,-1,-1,1,1,1,-1,-1,1,-1,-1,-1,-1,-1,-1,-1,1,-1,0.0,-160.0,1
282,1,1,-1,-1,-1,1,1,1,-1,-1,-1,1,-1,1,-1,-1,1,1,-1,1,-1,-1,1,-1,-1,1,1,1,-1,1,1,-1,-1,-1,-1,-1,-1,-1,1,-1,0.0,-160.0,2
283,1,1,-1,-1,-1,-1,1,-1,-1,-1,-1,1,-1,1,-1,-1,1,1,1,-1,-1,1,1,-1,1,1,1,1,-1,1,-1,-1,-1,-1,-1,-1,-1,1,1,-1,0.0,-160.0,1
284,-1,1,1,1,1,-1,-1,1,-1,1,1,-1,1,1,1,-1,-1,-1,1,-1,1,-1,1,-1,1,-1,-1,1,-1,1,-1,1,1,-1,1,1,-1,-1,-1,1,0.0,-160.0,2
285,-1,-1,1,1,1,-1,1,-1,1,1,1,-1,1,-1,1,1,-1,-1,1,-1,1,-1,-1,-1,1,-1,-1,-1,1,-1,1,1,1,1,1,1,1,1,-1,1,0.0,-160.0,1
286,1,1,-1,-1,-1,1,1,-1,-1,-1,-1,1,-1,1,-1,-1,1,1,1,-1,-1,1,1,-1,1,1,1,1,-1,1,-1,-1,-1,-1,-1,-1,-1,-1,1,-1,0.0,-160.0,2
287,-1,1,-1,-1,-1,1,1,-1,-1,1,-1,1,-1,1,-1,-1,1,1,1,-1,-1,1,1,-1,1,-1,1,1,-1,-1,-1,1,-1,-1,-1,-1,-1,1,1,-1,0.025,-168.0,1
288,1,1,-1,-1,-1,1,1,-1,-1,-1,-1,1,-1,1,-1,-1,1,1,1,-1,-1,1,1,1,-1,1,1,1,-1,1,1,-1,-1,-1,-1,-1,-1,1,1,-1,0.025,-160.0,1
289,1,-1,-1,-1,-1,1,-1,-1,-1,-1,1,1,-1,1,-1,-1,1,1,-1,1,-1,-1,1,1,-1,1,1,-1,1,1,1,-1,-1,-1,1,-1,1,-1,1,-1,0.025,-158.0,1
290,-1,-1,1,1,1,-1,-1,1,1,1,1,-1,1,-1,1,1,-1,-1,1,-1,1,-1,1,-1,1,-1,-1,1,1,-1,-1,1,1,1,1,1,1,1,-1,-1,0.025,-164.0,1
291,-1,1,1,1,1,-1,1,1,1,1,-1,-1,1,-1,1,1,-1,-1,1,-1,1,1,-1,-1,1,-1,-1,-1,-1,-1,-1,1,1,-1,-1,1,-1,-1,-1,1,0.025,-160.0,1
292,1,1,-1,-1,-1,1,1,1,1,-1,-1,1,-1,-1,-1,1,1,1,-1,1,1,1,-1,1,-1,1,1,1,1,-1,-1,1,-1,-1,-1,-1,-1,1,1,-1,0.025,-160.0,1
293,-1,-1,1,1,1,-1,-1,-1,1,-1,1,-1,1,-1,1,1,-1,-1,-1,-1,1,-1,-1,-1,1,-1,-1,-1,1,-1,1,-1,1,1,1,1,1,-1,-1,-1,0.025,-156.0,1
294,1,-1,1,1,1,-1,-1,-1,1,-1,1,-1,1,-1,1,1,-1,-1,-1,-1,-1,-1,-1,-1,1,-1,-1,-1,1,1,-1,-1,1,1,1,1,1,-1,-1,-1,0.025,-160.0,1
295,-1,1,-1,-1,-1,1,1,-1,-1,-1,-1,1,-1,1,-1,-1,1,1,1,-1,-1,1,1,-1,1,1,1,1,-1,-1,-1,1,-1,-1,-1,-1,-1,1,1,-1,0.05,-168.0,1
296,-1,-1,1,1,1,-1,-1,1,1,-1,1,-1,1,-1,1,1,-1,-1,1,-1,1,-1,-1,-1,1,-1,-1,-1,1,1,1,-1,1,1,1,1,1,-1,-1,1,0.05,-152.0,1
297,-1,1,-1,-1,-1,1,1,-1,-1,-1,-1,1,-1,1,-1,-1,1,1,1,1,-1,1,1,-1,-1,1,1,1,-1,-1,-1,1,-1,-1,-1,-1,-1,1,1,-1,0.05,-160.0,1
298,-1,1,-1,-1,-1,-1,1,-1,-1,1,-1,1,-1,1,-1,-1,1,1,1,-1,-1,1,1,-1,1,-1,1,1,-1,-1,-1,1,-1,-1,-1,-1,-1,1,1,-1,0.0,-158.0,1
299,-1,1,-1,-1,-1,-1,1,1,-1,1,-1,1,-1,1,-1,-1,1,1,1,-1,-1,1,1,-1,1,-1,1,1,-1,-1,-1,1,-1,-1,-1,-1,-1,1,1,1,0.0,-158.0,1
300,1,1,-1,-1,-1,-1,-1,-1,-1,-1,-1,1,-1,1,-1,-1,1,1,-1,1,-1,1,1,-1,-1,1,1,1,-1,1,-1,-1,-1,-1,-1,-1,-1,-1,1,-1,0.0,-158.0,1
301,-1,1,-1,-1,-1,1,1,-1,-1,1,-1,1,-1,1,1,-1,1,1,1,-1,-1,1,1,-1,1,-1,1,1,-1,-1,-1,1,-1,1,-1,-1,-1,1,1,1,0.0,-158.0,1
302,1,1,-1,-1,-1,-1,-1,-1,-1,-1,-1,1,-1,1,-1,-1,1,1,-1,-1,-1,1,1,-1,1,1,1,1,-1,1,-1,-1,-1,-1,-1,-1,-1,-1,1,-1,0.0,-158.0,1
303,-1,1,1,1,1,-1,-1,1,1,1,1,-1,1,-1,1,1,-1,-1,-1,-1,1,-1,-1,-1,1,-1,-1,1,-1,1,-1,1,1,1,1,1,1,-1,-1,1,0.0,-158.0,1
304,-1,1,1,1,1,-1,1,1,1,1,-1,-1,1,-1,1,1,-1,-1,1,-1,1,1,-1,-1,1,-1,-1,1,-1,1,-1,1,1,-1,1,1,-1,-1,-1,1,0.0,-158.0,1
305,1,1,-1,-1,-1,1,1,-1,-1,-1,-1,1,-1,1,-1,-1,1,1,-1,1,-1,1,-1,-1,-1,1,1,-1,-1,1,1,-1,-1,-1,-1,-1,-1,-1,1,1,0.0,-158.0,1
306,1,-1,1,1,1,1,1,1,1,1,1,-1,-1,-1,1,1,-1,-1,1,1,1,-1,-1,-1,-1,-1,-1,-1,1,-1,1,1,1,1,1,1,1,1,-1,-1,0.0,-158.0,1
307,1,-1,-1,-1,-1,1,1,-1,-1,-1,-1,1,-1,1,-1,-1,1,1,1,1,-1,1,-1,-1,-1,1,1,-1,1,1,1,-1,-1,-1,-1,-1,1,1,1,-1,0.0,-158.0,1
308,-1,1,1,1,1,-1,1,1,1,1,-1,-1,1,-1,1,1,-1,-1,1,-1,1,1,-1,-1,1,-1,-1,-1,-1,-1,-1,1,1,-1,-1,1,-1,-1,1,1,0.0,-158.0,1
309,1,1,-1,-1,-1,1,1,-1,-1,-1,-1,1,-1,1,-1,-1,1,1,1,-1,-1,1,1,1,-1,1,1,1,1,-1,-1,-1,-1,-1,-1,-1,-1,1,1,-1,0.0,-158.0,1
310,-1,1,1,1,1,-1,1,1,1,1,-1,-1,1,-1,1,1,-1,-1,1,-1,1,1,-1,-1,1,-1,-1,1,-1,-1,-1,1,1,1,-1,1,-1,1,-1,1,0.0,-158.0,1
311,1,1,-1,-1,-1,1,1,-1,-1,-1,-1,1,-1,-1,-1,-1,1,1,-1,1,-1,1,-1,-1,-1,1,1,-1,-1,1,1,-1,-1,-1,-1,-1,-1,-1,1,-1,0.0,-158.0,3
312,1,1,-1,-1,-1,1,1,-1,-1,-1,-1,1,-1,-1,-1,-1,1,1,-1,1,-1,1,-1,1,-1,1,1,-1,-1,1,1,-1,-1,-1,-1,-1,-1,-1,1,1,0.0,-158.0,1
313,1,1,-1,-1,-1,1,1,-1,-1,-1,-1,1,-1,1,-1,-1,1,1,1,1,-1,1,1,-1,-1,1,1,1,-1,1,1,-1,-1,-1,-1,-1,-1,-1,1,-1,0.0,-158.0,1
314,-1,1,1,1,1,-1,1,1,1,1,-1,-1,1,-1,1,1,-1,-1,1,-1,1,1,-1,1,1,-1,-1,1,-1,-1,-1,1,1,1,1,1,-1,1,-1,1,0.0,-158.0,1
315,1,1,-1,1,-1,-1,-1,-1,-1,-1,-1,1,-1,1,-1,-1,1,1,-1,-1,-1,-1,1,-1,1,1,1,1,-1,1,-1,-1,-1,-1,-1,-1,-1,-1,1,-1,0.0,-158.0,1
316,-1,-1,1,1,1,1,1,1,1,1,1,-1,1,-1,1,1,-1,-1,-1,1,1,-1,-1,-1,1,-1,-1,-1,1,-1,1,1,1,1,1,1,1,1,-1,-1,0.0,-158.0,1
317,1,-1,-1,-1,-1,1,1,1,-1,1,-1,1,-1,1,-1,-1,1,1,1,1,-1,-1,1,-1,-1,1,1,1,1,1,1,-1,-1,1,1,-1,1,1,-1,-1,0.0,-158.0,1
318,1,1,-1,-1,-1,1,1,-1,1,-1,-1,1,-1,-1,-1,-1,1,1,-1,1,-1,1,-1,1,-1,1,1,-1,-1,1,1,-1,-1,-1,-1,-1,-1,-1,1,-1,0.0,-158.0,1
319,-1,1,1,1,1,-1,1,1,1,1,1,-1,1,-1,1,1,-1,-1,1,1,1,1,-1,-1,1,-1,-1,-1,-1,-1,-1,1,1,-1,-1,1,-1,-1,1,1,0.0,-158.0,1
320,-1,-1,1,1,1,-1,1,1,1,1,1,-1,1,-1,1,1,-1,-1,1,-1,1,-1,-1,-1,1,-1,-1,-1,1,-1,1,1,1,1,1,1,1,-1,-1,-1,0.0,-158.0,1
321,-1,1,-1,-1,-1,-1,1,-1,-1,-1,-1,1,-1,1,-1,-1,1,1,-1,-1,-1,1,1,-1,1,1,1,1,-1,1,-1,-1,-1,-1,-1,-1,-1,-1,1,-1,0.0,-158.0,1
322,-1,1,-1,-1,-1,-1,-1,-1,-1,-1,-1,1,-1,1,-1,-1,1,1,1,-1,-1,1,1,-1,1,1,1,1,-1,1,-1,-1,-1,-1,-1,-1,-1,-1,1,-1,0.0,-158.0,1
323,-1,-1,1,1,1,1,-1,1,1,1,1,-1,1,-1,1,1,-1,-1,1,1,1,-1,-1,-1,1,-1,-1,-1,1,-1,1,1,1,1,1,1,1,1,-1,-1,0.0,-158.0,1
324,1,1,-1,-1,-1,1,1,-1,-1,-1,-1,1,-1,1,-1,-1,1,1,1,-1,-1,1,1,1,-1,1,1,1,-1,-1,-1,-1,-1,-1,-1,-1,-1,-1,1,-1,0.0,-158.0,1
325,1,-1,1,1,1,1,-1,1,1,1,1,-1,1,-1,1,1,-1,-1,-1,1,1,-1,-1,-1,1,-1,-1,-1,1,-1,1,1,1,1,1,1,1,1,-1,-1,0.0,-158.0,1
326,1,-1,1,1,1,1,-1,1,1,1,1,-1,1,-1,1,1,-1,-1,-1,1,1,-1,-1,1,-1,-1,-1,-1,1,-1,1,1,1,1,1,1,1,1,-1,-1,0.0,-158.0,1
327,-1,-1,1,1,1,-1,1,-1,1,1,1,-1,1,-1,1,1,-1,-1,1,-1,1,-1,-1,-1,1,-1,-1,-1,1,-1,1,1,1,1,1,1,1,-1,-1,1,0.0,-158.0,1
328,-1,1,-1,-1,-1,-1,1,-1,-1,-1,-1,1,-1,1,-1,-1,1,1,1,-1,-1,1,1,-1,1,1,1,1,-1,1,-1,-1,-1,-1,-1,-1,-1,-1,1,1,0.0,-158.0,4
329,-1,1,-1,-1,-1,-1,-1,-1,-1,-1,-1,1,1,1,-1,-1,1,1,1,-1,-1,1,1,-1,1,1,1,1,-1,1,-1,-1,-1,-1,-1,-1,-1,-1,1,1,0.0,-158.0,1
330,-1,-1,1,1,1,-1,-1,-1,1,-1,1,-1,1,-1,1,1,-1,-1,-1,-1,1,-1,-1,-1,1,-1,-1,-1,1,1,1,-1,1,1,1,1,1,-1,-1,-1,0.05,-170.0,1
331,1,-1,1,1,1,-1,-1,-1,1,-1,1,-1,1,-1,-1,1,-1,1,-1,1,1,-1,-1,1,-1,1,-1,-1,1,1,1,-1,-1,-1,1,-1,1,-1,-1,-1,0.025,-162.0,1
332,1,1,-1,-1,-1,1,1,-1,-1,-1,-1,1,-1,-1,-1,-1,1,1,-1,1,-1,1,-1,1,-1,1,1,-1,-1,1,1,-1,-1,-1,-1,-1,-1,1,1,-1,0.025,-162.0,1
333,-1,-1,1,1,1,-1,-1,1,1,1,1,-1,1,-1,1,1,-1,-1,-1,-1,1,-1,-1,-1,1,-1,-1,-1,1,-1,-1,1,1,1,1,1,1,-1,-1,1,0.025,-162.0,1
334,-1,1,1,1,1,-1,1,1,1,1,-1,-1,1,-1,1,1,-1,-1,1,-1,1,1,-1,-1,1,-1,-1,-1,-1,-1,-1,1,1,1,-1,1,-1,-1,-1,1,0.025,-154.0,1
335,1,1,-1,-1,-1,1,1,1,-1,-1,-1,1,-1,1,-1,-1,1,1,-1,1,-1,-1,1,-1,-1,1,1,1,-1,1,1,-1,-1,-1,-1,-1,-1,-1,1,-1,0.025,-160.0,1
336,-1,-1,1,1,1,-1,-1,-1,1,-1,1,-1,1,-1,1,1,-1,-1,1,-1,1,-1,-1,-1,1,-1,-1,-1,1,-1,1,-1,1,1,1,1,1,-1,-1,-1,0.025,-150.0,1
337,-1,-1,1,1,1,-1,-1,-1,1,-1,1,-1,1,-1,1,1,-1,-1,1,-1,1,-1,-1,-1,1,-1,-1,-1,1,1,1,-1,1,1,1,1,1,-1,-1,-1,0.05,-160.0,1
338,-1,1,1,1,1,-1,1,-1,1,1,-1,-1,1,-1,1,1,-1,-1,1,-1,1,1,-1,-1,1,-1,-1,1,-1,-1,-1,1,1,1,1,1,-1,1,-1,-1,0.0,-156.0,1
339,-1,1,-1,-1,-1,-1,1,-1,-1,-1,-1,1,-1,1,-1,-1,1,1,1,-1,-1,1,1,-1,1,-1,1,1,-1,-1,-1,1,-1,-1,-1,-1,-1,1,1,-1,0.0,-156.0,1
340,-1,-1,1,1,1,-1,-1,-1,1,1,1,-1,1,-1,1,1,-1,-1,1,-1,1,-1,-1,-1,1,-1,-1,-1,-1,1,1,1,1,1,1,1,1,-1,-1,1,0.0,-156.0,1
341,1,1,-1,1,-1,-1,-1,-1,-1,-1,-1,1,-1,1,-1,-1,1,1,-1,1,-1,-1,1,-1,1,1,1,1,-1,1,-1,-1,-1,-1,-1,-1,-1,-1,1,-1,0.0,-156.0,1
342,-1,1,1,1,1,-1,-1,-1,1,1,1,-1,1,-1,1,1,-1,-1,-1,1,1,1,-1,1,1,-1,-1,-1,-1,-1,-1,1,1,1,-1,1,-1,-1,1,1,0.0,-156.0,1
343,-1,-1,1,1,1,-1,1,1,1,1,1,-1,1,-1,1,1,-1,-1,1,-1,1,-1,-1,-1,1,-1,-1,1,1,-1,-1,1,1,1,1,1,1,1,-1,-1,0.0,-156.0,1
344,-1,1,-1,-1,-1,1,1,-1,-1,-1,-1,1,-1,1,-1,-1,1,1,1,-1,-1,1,1,-1,1,1,1,1,-1,1,1,-1,-1,-1,-1,-1,-1,-1,1,-1,0.0,-156.0,1
345,1,-1,-1,-1,-1,1,1,-1,-1,-1,-1,1,-1,1,-1,-1,1,1,1,1,-1,-1,1,-1,-1,1,1,1,1,1,1,-1,-1,1,-1,-1,1,1,-1,-1,0.0,-156.0,1
346,-1,1,-1,-1,-1,1,1,-1,-1,-1,-1,1,-1,1,-1,-1,1,1,-1,1,-1,1,-1,-1,-1,1,1,1,-1,1,1,-1,-1,-1,-1,-1,-1,-1,1,-1,0.0,-156.0,1
347,-1,1,-1,-1,-1,-1,-1,-1,-1,-1,-1,1,-1,1,-1,-1,1,1,-1,-1,-1,1,1,-1,1,1,1,1,-1,1,-1,-1,-1,-1,-1,-1,-1,-1,1,-1,0.0,-156.0,1
348,1,-1,-1,-1,-1,1,1,-1,-1,-1,1,1,-1,1,-1,-1,1,1,-1,1,-1,-1,1,-1,-1,1,1,-1,1,1,1,-1,-1,-1,-1,-1,1,-1,1,-1,0.0,-156.0,1
349,-1,-1,1,1,1,-1,-1,-1,1,1,1,-1,1,-1,1,1,-1,-1,1,-1,1,-1,1,-1,1,-1,-1,-1,1,1,1,1,1,1,1,1,1,1,-1,-1,0.0,-156.0,1
350,1,1,-1,-1,-1,1,1,-1,-1,-1,-1,1,-1,-1,-1,-1,1,1,-1,1,-1,1,-1,-1,-1,1,1,1,-1,1,1,-1,-1,-1,-1,-1,-1,-1,1,-1,0.0,-156.0,1
351,1,-1,-1,-1,-1,1,1,1,1,-1,1,1,-1,1,-1,1,1,1,-1,1,-1,1,1,1,-1,1,1,-1,1,-1,1,-1,-1,-1,-1,-1,1,1,-1,-1,0.0,-156.0,1
352,-1,-1,1,1,1,-1,-1,-1,-1,1,1,-1,1,-1,1,-1,-1,-1,1,-1,1,-1,1,1,1,-1,-1,1,-1,1,-1,1,1,-1,1,1,-1,-1,-1,1,0.0,-156.0,1
353,1,-1,1,1,1,-1,-1,-1,1,-1,1,-1,1,-1,1,1,-1,-1,-1,-1,-1,-1,-1,-1,1,-1,-1,-1,1,1,1,-1,-1,1,1,1,1,-1,-1,-1,0.0,-156.0,1
354,-1,-1,1,1,1,-1,-1,-1,1,1,1,-1,1,-1,1,1,-1,-1,1,-1,1,1,-1,1,1,-1,-1,1,1,-1,-1,1,1,1,1,1,-1,1,-1,1,0.0,-156.0,1
355,1,1,-1,-1,-1,1,1,1,-1,-1,-1,1,-1,1,-1,-1,1,1,-1,1,-1,-1,1,-1,-1,1,1,-1,-1,1,1,-1,-1,-1,-1,-1,1,-1,1,-1,0.0,-156.0,1
356,-1,-1,1,1,1,-1,1,-1,1,1,1,-1,1,-1,1,1,-1,-1,1,-1,1,-1,-1,-1,1,-1,-1,-1,1,1,1,1,1,1,1,1,1,1,-1,-1,0.0,-156.0,1
357,1,1,-1,-1,-1,1,1,-1,-1,-1,-1,1,-1,1,-1,-1,1,1,1,1,-1,1,-1,-1,-1,1,1,1,-1,1,-1,-1,-1,-1,-1,-1,-1,1,1,-1,0.0,-156.0,1
358,1,-1,1,1,1,1,-1,1,1,1,1,-1,-1,-1,1,1,-1,-1,-1,1,1,-1,-1,1,-1,-1,-1,-1,1,-1,1,1,1,1,1,1,1,1,-1,-1,0.0,-156.0,1
359,-1,1,-1,-1,-1,-1,-1,-1,-1,-1,-1,1,-1,1,-1,-1,1,1,1,-1,-1,1,1,-1,1,1,1,1,-1,1,-1,-1,-1,-1,-1,-1,-1,-1,1,1,0.0,-156.0,1
360,-1,1,-1,-1,-1,-1,1,-1,-1,-1,-1,1,-1,1,-1,-1,1,1,1,-1,-1,1,1,-1,1,1,1,1,-1,1,-1,1,-1,-1,-1,-1,-1,-1,1,1,0.0,-156.0,1
361,1,-1,-1,-1,-1,1,1,-1,1,-1,1,1,-1,-1,-1,1,1,1,-1,1,1,1,-1,1,-1,1,1,-1,1,-1,1,-1,-1,-1,-1,-1,1,1,1,-1,0.025,-166.0,1
362,1,-1,-1,-1,-1,1,1,-1,-1,-1,-1,1,-1,1,-1,-1,1,1,1,1,-1,1,1,-1,-1,1,1,1,-1,1,1,-1,-1,-1,-1,-1,1,1,1,-1,0.025,-160.0,1
363,1,1,-1,-1,-1,1,1,-1,-1,-1,-1,1,-1,1,-1,-1,1,1,-1,1,-1,1,-1,-1,-1,1,1,1,-1,1,-1,-1,-1,-1,-1,-1,-1,-1,1,-1,0.025,-160.0,1
364,-1,1,-1,-1,-1,1,1,1,-1,1,-1,1,-1,1,-1,-1,1,1,1,-1,-1,1,1,-1,1,-1,1,1,-1,-1,-1,1,-1,-1,-1,-1,-1,1,1,1,0.025,-168.0,1
365,1,-1,1,1,1,-1,-1,-1,-1,1,1,-1,1,-1,1,1,-1,-1,-1,-1,1,-1,-1,-1,1,-1,-1,-1,1,1,1,-1,1,1,1,1,1,-1,-1,-1,0.025,-152.0,1
366,-1,-1,1,1,1,-1,-1,-1,-1,1,1,-1,1,1,1,1,-1,-1,1,-1,-1,-1,1,-1,1,-1,-1,1,1,1,-1,-1,1,1,1,1,1,-1,-1,1,0.025,-152.0,1
367,1,1,-1,1,-1,-1,-1,-1,-1,-1,-1,1,1,1,-1,-1,1,1,1,-1,-1,-1,1,-1,1,1,1,1,-1,1,-1,-1,-1,-1,-1,-1,1,-1,-1,-1,0.025,-158.0,1
368,1,1,-1,1,-1,-1,-1,-1,-1,-1,-1,1,-1,-1,-1,-1,1,1,-1,1,-1,1,1,-1,-1,1,1,1,-1,1,-1,-1,-1,-1,-1,-1,-1,-1,1,-1,0.0,-154.0,1
369,1,1,-1,-1,-1,-1,-1,-1,-1,-1,-1,1,-1,1,-1,-1,1,1,-1,-1,-1,-1,1,-1,-1,1,1,1,1,1,1,-1,-1,-1,-1,-1,1,-1,-1,-1,0.0,-154.0,1
370,1,1,-1,1,-1,-1,-1,-1,-1,-1,-1,1,-1,1,-1,-1,1,1,1,-1,-1,-1,1,-1,1,1,1,1,-1,1,-1,-1,-1,-1,-1,-1,-1,-1,-1,-1,0.0,-154.0,1
371,-1,1,-1,-1,-1,-1,1,-1,-1,-1,-1,1,-1,1,-1,-1,1,1,1,-1,-1,1,1,-1,1,1,1,1,-1,1,1,-1,-1,-1,-1,-1,-1,-1,1,-1,0.0,-154.0,3
372,-1,1,1,1,1,-1,-1,1,1,1,1,-1,1,-1,1,-1,-1,-1,1,-1,1,-1,-1,-1,1,-1,-1,1,-1,1,-1,1,1,-1,1,1,-1,-1,-1,1,0.0,-154.0,1
373,-1,-1,1,1,1,-1,-1,1,1,1,1,-1,1,1,1,1,-1,-1,1,-1,1,-1,1,-1,1,-1,-1,1,-1,1,-1,1,1,1,1,1,1,-1,-1,1,0.0,-154.0,1
374,1,1,-1,-1,-1,1,1,-1,-1,-1,-1,1,-1,-1,-1,-1,1,1,-1,1,1,1,-1,1,-1,1,1,-1,-1,-1,1,-1,-1,-1,-1,-1,-1,1,1,-1,0.0,-154.0,1
375,1,1,-1,-1,-1,1,1,-1,-1,-1,-1,1,-1,1,-1,-1,1,1,-1,1,-1,1,-1,-1,-1,1,1,-1,1,1,1,-1,-1,-1,-1,-1,-1,-1,1,-1,0.0,-154.0,1
376,-1,1,-1,1,-1,-1,-1,-1,-1,-1,-1,1,1,1,-1,-1,1,1,1,-1,-1,-1,1,-1,1,1,1,1,-1,1,-1,-1,-1,-1,-1,-1,-1,-1,-1,-1,0.0,-154.0,1
377,1,1,-1,-1,-1,-1,1,-1,-1,-1,-1,1,-1,1,-1,-1,1,1,-1,1,-1,1,1,-1,-1,1,1,1,-1,1,-1,-1,-1,-1,-1,-1,-1,1,1,-1,0.0,-154.0,1
378,-1,-1,1,1,1,-1,-1,1,1,1,1,-1,1,-1,1,1,-1,-1,1,-1,1,-1,-1,-1,1,-1,-1,1,1,-1,-1,1,1,1,1,1,-1,1,-1,1,0.0,-154.0,1
379,1,-1,1,1,1,1,-1,1,1,1,1,-1,1,-1,1,1,-1,-1,1,1,1,-1,-1,-1,1,-1,-1,-1,1,-1,-1,1,1,1,1,1,1,1,-1,-1,0.0,-154.0,1
380,-1,1,1,1,1,-1,1,1,1,1,-1,-1,-1,-1,1,1,-1,-1,1,-1,1,1,1,-1,1,-1,-1,1,1,-1,-1,1,1,1,1,1,-1,1,-1,1,0.0,-154.0,1
381,-1,-1,1,1,1,-1,-1,-1,1,1,1,-1,1,-1,1,1,-1,-1,1,-1,1,-1,1,-1,1,-1,-1,-1,1,1,-1,1,1,1,1,1,1,1,-1,-1,0.0,-154.0,1
382,-1,1,-1,-1,-1,1,1,1,-1,1,-1,1,-1,1,-1,-1,1,1,1,-1,-1,1,1,-1,1,-1,1,1,-1,-1,-1,1,-1,-1,-1,-1,-1,1,1,-1,0.025,-170.0,1
383,-1,-1,1,1,1,-1,-1,-1,1,1,1,-1,1,-1,1,1,-1,-1,1,-1,1,-1,1,1,1,-1,-1,-1,1,-1,-1,1,1,1,1,1,1,1,-1,1,0.025,-164.0,1
384,-1,1,1,1,1,-1,-1,-1,-1,1,1,-1,1,-1,1,-1,-1,-1,1,-1,-1,-1,1,-1,1,-1,-1,-1,-1,1,-1,1,1,1,1,1,-1,-1,-1,1,0.025,-158.0,1
385,-1,1,1,1,1,-1,1,1,1,1,-1,-1,1,-1,1,1,-1,-1,1,-1,1,1,-1,1,1,-1,-1,-1,-1,-1,-1,1,1,-1,-1,1,-1,-1,-1,1,0.025,-154.0,1
386,-1,1,-1,-1,-1,-1,1,-1,-1,-1,-1,1,-1,1,-1,-1,1,1,1,-1,-1,1,1,-1,1,1,1,1,-1,1,-1,1,-1,-1,-1,-1,-1,-1,1,1,0.025,-156.0,1
387,-1,-1,1,1,1,-1,1,-1,1,1,-1,-1,1,-1,1,1,-1,-1,1,-1,1,1,-1,-1,1,-1,-1,1,1,-1,-1,1,1,1,1,1,-1,1,-1,-1,0.025,-156.0,1
388,1,1,-1,-1,-1,-1,-1,-1,-1,-1,-1,1,-1,1,-1,-1,1,1,-1,1,-1,-1,1,-1,-1,1,1,1,1,1,1,-1,-1,-1,-1,-1,1,-1,-1,-1,0.0,-152.0,1
389,1,1,-1,1,-1,-1,-1,-1,-1,-1,1,1,-1,-1,-1,-1,1,1,-1,1,-1,-1,1,1,-1,1,1,-1,-1,1,1,-1,-1,-1,-1,-1,-1,-1,1,-1,0.0,-152.0,1
390,1,-1,-1,-1,-1,1,1,-1,-1,-1,-1,1,-1,1,-1,-1,1,1,1,1,-1,1,-1,1,1,1,1,-1,1,-1,1,-1,-1,-1,-1,-1,1,1,1,-1,0.0,-152.0,1
391,-1,1,1,1,1,-1,-1,1,1,1,1,-1,1,-1,1,-1,-1,-1,1,-1,1,-1,1,1,1,-1,-1,1,-1,1,-1,1,1,1,1,1,-1,-1,-1,1,0.0,-152.0,1
392,1,1,-1,-1,-1,-1,-1,-1,-1,-1,-1,1,-1,1,-1,-1,1,1,-1,1,-1,-1,1,-1,-1,1,1,1,-1,1,-1,-1,-1,-1,-1,-1,-1,-1,1,-1,0.0,-152.0,1
393,-1,-1,1,1,1,-1,-1,1,1,1,1,-1,1,-1,1,1,-1,-1,1,-1,1,1,-1,1,1,-1,-1,1,1,-1,-1,1,1,1,1,1,1,1,-1,1,0.0,-152.0,1
394,-1,1,-1,-1,-1,-1,1,-1,-1,-1,-1,1,-1,1,-1,-1,1,1,1,-1,-1,1,1,-1,1,-1,1,1,-1,1,-1,1,-1,-1,-1,-1,-1,1,1,1,0.0,-152.0,1
395,1,-1,-1,-1,-1,1,-1,-1,-1,-1,1,1,-1,1,-1,-1,1,1,-1,1,-1,-1,-1,-1,1,1,1,-1,1,1,1,-1,1,-1,-1,1,-1,-1,1,-1,0.0,-152.0,1
396,1,1,-1,-1,-1,1,-1,-1,-1,-1,-1,1,-1,1,-1,-1,1,1,-1,1,-1,-1,1,-1,-1,1,1,1,-1,1,1,-1,-1,-1,-1,-1,-1,-1,1,-1,0.0,-152.0,1
397,-1,1,-1,-1,-1,-1,1,-1,-1,-1,-1,1,1,1,-1,-1,1,1,-1,-1,-1,1,1,1,-1,1,1,1,-1,1,1,-1,-1,-1,-1,-1,-1,-1,1,1,0.0,-152.0,1
398,1,1,-1,-1,-1,1,1,-1,-1,-1,-1,1,-1,1,-1,-1,1,1,1,1,-1,1,1,1,-1,1,1,-1,-1,-1,1,-1,-1,-1,-1,-1,-1,-1,1,-1,0.0,-152.0,1
399,-1,1,-1,1,-1,-1,-1,-1,-1,-1,-1,1,1,1,-1,-1,1,1,1,-1,-1,1,1,-1,1,1,1,1,-1,1,-1,-1,-1,-1,-1,-1,-1,-1,1,1,0.0,-152.0,1
400,1,1,-1,-1,-1,1,1,-1,-1,-1,-1,1,-1,1,-1,-1,1,1,-1,-1,-1,1,-1,-1,1,1,1,1,-1,1,-1,-1,-1,-1,-1,-1,-1,-1,1,-1,0.0,-152.0,1
401,1,1,-1,-1,-1,1,1,-1,-1,-1,-1,1,-1,-1,-1,-1,1,1,-1,1,-1,1,1,-1,-1,1,1,1,-1,1,-1,-1,-1,-1,-1,-1,-1,-1,1,-1,0.0,-152.0,1
402,1,-1,-1,-1,-1,1,-1,-1,-1,-1,-1,1,-1,1,-1,-1,1,1,1,1,-1,-1,1,-1,-1,1,1,1,1,1,1,-1,-1,1,-1,-1,1,1,1,-1,0.0,-152.0,1
403,-1,1,-1,-1,-1,-1,1,-1,-1,-1,-1,1,-1,1,-1,-1,1,1,1,-1,-1,1,1,1,-1,1,1,1,-1,1,-1,-1,-1,-1,-1,-1,-1,1,1,1,0.025,-152.0,1
404,-1,1,1,1,1,-1,-1,1,-1,1,1,-1,1,-1,1,1,-1,-1,-1,-1,1,-1,1,-1,1,-1,-1,1,-1,1,-1,1,1,1,1,1,1,-1,-1,1,0.025,-166.0,1
405,1,-1,1,1,1,1,-1,-1,1,-1,1,-1,1,-1,1,1,-1,-1,-1,1,1,-1,-1,-1,1,-1,-1,-1,1,1,1,-1,1,1,1,1,1,-1,-1,-1,0.05,-148.0,1
406,1,-1,-1,-1,-1,1,1,-1,-1,-1,-1,1,-1,1,-1,-1,1,1,1,1,-1,-1,-1,-1,1,1,1,-1,1,1,1,-1,1,-1,-1,-1,-1,1,1,-1,0.0,-150.0,1
407,-1,1,1,1,1,-1,-1,-1,-1,1,1,-1,1,-1,1,1,-1,-1,-1,-1,-1,-1,1,-1,1,-1,-1,1,-1,1,-1,1,1,1,1,1,-1,-1,-1,-1,0.0,-150.0,1
408,1,-1,-1,-1,-1,1,-1,-1,-1,-1,-1,1,-1,1,-1,-1,1,1,-1,1,-1,-1,-1,1,1,1,1,-1,-1,1,1,-1,-1,-1,-1,-1,-1,-1,1,-1,0.0,-150.0,1
409,-1,-1,1,1,1,1,1,-1,1,1,1,-1,1,-1,1,1,-1,-1,1,-1,1,1,-1,1,1,-1,-1,-1,-1,-1,1,1,1,1,1,1,-1,1,1,-1,0.0,-150.0,1
410,1,1,-1,-1,-1,1,1,-1,1,-1,-1,1,-1,1,-1,-1,1,1,1,1,-1,1,1,-1,-1,1,1,-1,1,-1,1,-1,-1,-1,-1,-1,1,1,1,-1,0.0,-150.0,1
411,1,1,-1,1,-1,-1,-1,-1,-1,-1,-1,1,1,1,-1,-1,1,1,-1,-1,-1,-1,1,-1,1,1,1,-1,-1,1,-1,-1,-1,-1,-1,-1,-1,-1,1,-1,0.0,-150.0,1
412,1,-1,-1,-1,-1,1,1,-1,-1,-1,-1,1,-1,1,-1,-1,1,1,1,1,-1,1,-1,-1,1,1,1,-1,1,1,1,-1,1,-1,-1,-1,-1,-1,1,-1,0.0,-150.0,1
413,-1,1,-1,-1,-1,1,1,-1,-1,-1,-1,1,-1,1,-1,-1,1,1,1,-1,-1,1,1,-1,1,-1,1,1,-1,1,1,1,1,-1,-1,-1,-1,-1,1,-1,0.0,-150.0,1
414,-1,-1,1,-1,1,1,1,1,1,1,-1,-1,-1,-1,1,1,-1,-1,1,1,1,1,-1,-1,1,-1,-1,1,1,-1,-1,1,1,1,1,1,-1,1,-1,-1,0.025,-150.0,1
415,-1,1,1,1,1,-1,1,-1,1,1,1,-1,1,-1,1,1,-1,-1,1,-1,1,1,-1,1,1,-1,-1,-1,-1,-1,-1,1,1,-1,-1,1,-1,1,1,1,0.025,-162.0,1
416,-1,1,-1,-1,-1,-1,1,-1,-1,-1,-1,1,1,1,-1,-1,1,1,-1,-1,-1,1,-1,1,1,1,1,-1,-1,1,1,-1,-1,-1,-1,-1,-1,-1,1,1,0.025,-146.0,1
417,1,1,-1,-1,-1,1,1,1,-1,1,-1,1,-1,1,-1,-1,1,1,1,1,1,1,1,-1,-1,1,1,1,-1,-1,-1,1,-1,-1,-1,-1,-1,1,1,1,0.025,-166.0,1
418,-1,1,1,1,1,-1,-1,1,-1,1,1,-1,1,-1,1,1,-1,-1,1,-1,1,-1,1,-1,1,-1,-1,1,-1,1,-1,1,1,-1,1,1,-1,-1,-1,1,0.025,-160.0,1
419,-1,-1,1,1,1,-1,-1,-1,1,1,1,-1,1,-1,1,1,-1,-1,-1,-1,1,-1,-1,1,1,-1,-1,-1,-1,1,1,1,1,1,1,1,1,-1,-1,1,0.025,-164.0,1
420,1,-1,-1,1,1,-1,-1,1,1,-1,1,1,1,-1,-1,1,-1,-1,-1,1,1,-1,-1,1,-1,1,-1,-1,1,-1,1,-1,1,1,1,-1,1,-1,-1,-1,0.0,-148.0,1
421,-1,1,1,1,1,-1,-1,-1,-1,1,1,-1,-1,-1,1,-1,1,-1,1,-1,-1,-1,1,-1,1,-1,-1,1,-1,1,-1,1,1,1,1,1,-1,-1,-1,1,0.0,-148.0,1
422,-1,1,1,1,1,1,1,1,1,1,1,-1,1,-1,1,1,-1,-1,1,-1,1,-1,-1,-1,1,-1,-1,-1,1,-1,1,1,1,1,1,1,1,-1,-1,1,0.0,-148.0,1
423,-1,1,1,1,1,-1,1,1,1,1,-1,-1,1,-1,1,1,-1,-1,1,-1,1,-1,-1,-1,1,-1,-1,1,-1,-1,-1,1,1,-1,1,1,-1,-1,-1,-1,0.0,-148.0,1
424,-1,1,1,1,1,-1,-1,-1,1,1,1,-1,1,-1,1,1,-1,-1,1,-1,1,-1,-1,-1,1,-1,-1,1,1,-1,-1,1,1,1,1,1,-1,1,-1,-1,0.0,-148.0,1
425,-1,-1,1,1,1,-1,-1,-1,1,1,1,-1,1,-1,1,1,-1,-1,1,-1,1,-1,-1,-1,1,-1,-1,-1,-1,-1,-1,1,1,1,1,1,1,-1,-1,1,0.0,-148.0,1
426,1,1,-1,-1,-1,1,1,-1,-1,-1,-1,1,-1,1,-1,-1,1,1,-1,1,-1,1,1,1,-1,-1,1,1,-1,-1,1,-1,-1,-1,-1,-1,-1,1,1,-1,0.0,-148.0,1
427,1,1,-1,1,-1,-1,-1,-1,-1,-1,-1,1,-1,1,-1,-1,1,1,-1,-1,-1,-1,1,-1,1,1,1,1,-1,1,-1,-1,-1,-1,-1,1,-1,-1,1,-1,0.0,-148.0,1
428,1,1,-1,1,-1,-1,-1,1,-1,-1,-1,1,-1,1,-1,-1,1,1,-1,-1,-1,-1,1,-1,1,1,1,1,-1,1,-1,-1,-1,-1,-1,-1,1,-1,-1,-1,0.0,-148.0,1
429,-1,-1,1,1,1,-1,-1,-1,1,1,1,-1,1,-1,1,1,-1,-1,-1,-1,1,-1,-1,1,1,-1,-1,-1,1,1,1,1,1,1,1,1,-1,-1,-1,-1,0.05,-158.0,1
430,-1,1,-1,-1,-1,-1,1,-1,-1,-1,-1,1,-1,1,-1,-1,1,1,1,-1,-1,1,1,-1,1,1,1,1,-1,1,-1,-1,-1,-1,-1,-1,-1,-1,1,-1,0.025,-164.0,1
431,-1,1,1,1,1,-1,1,-1,1,1,1,-1,1,-1,1,1,-1,-1,1,-1,1,1,-1,-1,1,-1,-1,1,-1,-1,-1,1,1,1,1,1,-1,1,-1,-1,0.025,-142.0,1
432,1,-1,-1,-1,-1,1,-1,1,1,-1,-1,1,-1,1,-1,-1,1,1,-1,1,-1,-1,1,-1,-1,1,1,-1,1,1,1,-1,-1,-1,-1,-1,1,-1,-1,-1,0.0,-146.0,1
433,-1,1,-1,1,-1,-1,1,-1,-1,1,-1,1,-1,1,-1,-1,1,1,1,-1,-1,1,1,-1,1,-1,1,1,-1,-1,-1,1,-1,-1,-1,-1,-1,1,1,1,0.0,-146.0,1
434,-1,1,-1,-1,-1,-1,1,-1,-1,-1,-1,1,1,1,-1,-1,1,1,1,-1,-1,1,1,-1,-1,1,1,1,-1,1,1,-1,-1,-1,-1,-1,-1,-1,1,-1,0.0,-146.0,1
435,-1,-1,1,1,-1,-1,1,-1,1,1,-1,-1,1,-1,1,1,-1,-1,1,-1,1,1,1,1,1,-1,-1,1,-1,1,-1,1,1,-1,1,-1,-1,1,-1,-1,0.0,-146.0,1
436,1,1,-1,-1,-1,1,1,1,-1,-1,-1,1,-1,1,-1,-1,1,1,-1,1,-1,-1,1,-1,-1,1,1,-1,1,-1,1,-1,-1,-1,-1,-1,1,-1,-1,-1,0.0,-146.0,1
437,-1,-1,-1,-1,1,1,1,1,1,1,-1,1,-1,1,-1,1,1,-1,1,-1,1,-1,1,1,-1,-1,1,1,1,-1,1,1,1,1,1,-1,1,1,-1,-1,0.025,-158.0,1
438,-1,-1,1,1,1,1,-1,1,1,-1,1,-1,1,-1,1,1,-1,-1,-1,-1,1,-1,-1,-1,1,-1,-1,-1,1,1,1,1,1,1,1,1,1,-1,-1,1,0.025,-150.0,1
439,-1,1,-1,-1,-1,-1,1,-1,-1,-1,-1,1,-1,1,-1,-1,1,1,1,-1,-1,1,1,-1,1,1,1,1,-1,1,-1,-1,-1,-1,-1,-1,-1,-1,1,1,0.025,-158.0,1
440,-1,-1,1,1,1,-1,-1,-1,1,-1,1,-1,1,-1,1,1,-1,-1,-1,-1,1,-1,-1,1,1,1,-1,-1,1,1,1,-1,1,1,1,1,1,-1,-1,-1,0.025,-162.0,1
441,1,-1,-1,-1,-1,1,-1,-1,-1,-1,1,1,-1,1,-1,-1,1,1,-1,1,-1,-1,1,-1,-1,1,1,-1,1,-1,1,-1,-1,-1,-1,-1,1,-1,1,-1,0.0,-144.0,1
442,1,1,-1,-1,1,-1,-1,1,-1,-1,1,1,1,1,-1,-1,1,1,-1,1,-1,-1,1,1,-1,1,1,-1,1,1,1,-1,-1,-1,-1,-1,1,-1,1,1,0.0,-144.0,1
443,-1,1,1,1,1,-1,1,1,1,1,1,-1,1,-1,1,1,-1,-1,1,1,1,-1,-1,-1,1,-1,-1,-1,-1,-1,-1,1,1,1,-1,1,-1,-1,-1,1,0.025,-140.0,1
444,-1,1,-1,-1,-1,-1,1,-1,-1,-1,-1,1,1,1,-1,-1,1,1,1,-1,-1,1,-1,-1,1,1,1,-1,-1,1,1,-1,-1,-1,-1,-1,-1,-1,1,1,0.025,-138.0,1
445,-1,1,-1,-1,-1,1,1,-1,-1,-1,-1,1,-1,1,-1,-1,1,1,1,-1,-1,1,1,-1,-1,1,1,1,-1,1,1,-1,-1,-1,-1,-1,-1,-1,1,-1,0.025,-158.0,1
446,1,1,-1,-1,-1,1,1,-1,-1,-1,-1,1,-1,-1,-1,1,1,1,-1,1,-1,1,-1,-1,-1,1,1,-1,-1,1,-1,-1,-1,-1,-1,-1,-1,1,1,-1,0.0,-140.0,1
447,1,-1,-1,-1,1,1,1,1,1,-1,-1,1,-1,1,-1,1,1,-1,1,-1,-1,-1,-1,-1,-1,1,1,-1,1,-1,1,-1,1,1,1,-1,1,-1,-1,-1,0.0,-140.0,1
448,1,-1,-1,-1,-1,1,1,-1,-1,-1,-1,1,-1,1,-1,-1,1,1,1,1,-1,-1,-1,-1,1,1,1,-1,1,1,1,-1,-1,-1,-1,-1,-1,1,1,-1,0.025,-148.0,1
