,2,3,4,5,6,7,8,9,10,11,12,13,14,15,16,17,18,19,20,21,26,27,28,29,30,31,32,33,34,35,36,37,38,39,40,41,42,43,44,45,chain_break_fraction,energy,num_occurrences
0,1,-1,-1,-1,1,-1,1,-1,1,-1,1,-1,1,1,-1,-1,1,-1,-1,1,-1,1,1,1,1,-1,-1,-1,1,1,1,-1,1,1,1,-1,-1,1,1,1,0.0,-78.0,172
1,-1,1,1,1,-1,1,-1,1,-1,1,-1,1,-1,-1,1,1,-1,1,1,-1,1,-1,-1,-1,-1,1,1,1,-1,-1,-1,1,-1,-1,-1,1,1,-1,-1,-1,0.0,-78.0,14
2,1,-1,-1,-1,1,-1,1,-1,1,-1,-1,-1,-1,-1,-1,-1,1,-1,1,-1,1,-1,-1,1,1,-1,1,1,1,1,1,-1,1,1,1,-1,-1,1,1,1,0.0,-78.0,258
3,-1,1,1,1,-1,1,-1,1,-1,1,1,1,1,1,1,1,-1,1,-1,1,-1,1,1,-1,-1,1,-1,-1,-1,-1,-1,1,-1,-1,-1,1,1,-1,-1,-1,0.0,-78.0,8
4,1,-1,-1,-1,1,-1,1,-1,1,-1,1,-1,1,1,-1,-1,1,-1,-1,-1,-1,1,1,1,1,-1,-1,-1,1,1,1,-1,1,1,1,-1,-1,1,1,1,0.0,-76.0,10
5,1,-1,-1,-1,1,-1,1,-1,1,-1,1,-1,1,1,-1,-1,1,-1,1,1,-1,1,1,1,1,-1,-1,-1,1,1,1,-1,1,1,1,-1,-1,1,1,1,0.0,-76.0,4
6,-1,1,1,1,-1,1,-1,1,-1,1,1,1,1,1,1,1,-1,1,-1,1,-1,1,1,-1,-1,-1,-1,-1,-1,-1,-1,1,-1,-1,-1,1,1,-1,-1,-1,0.0,-76.0,2
7,1,-1,-1,-1,1,-1,1,-1,1,-1,-1,-1,-1,-1,-1,-1,1,-1,1,-1,1,-1,-1,1,1,1,1,1,1,1,1,-1,1,1,1,-1,-1,1,1,1,0.0,-76.0,15
8,-1,1,1,1,-1,1,-1,1,-1,1,1,1,1,1,1,1,-1,1,-1,-1,-1,1,1,-1,-1,1,-1,-1,-1,-1,-1,1,-1,-1,-1,1,1,-1,-1,-1,0.0,-76.0,2
9,1,-1,-1,-1,1,-1,1,-1,1,-1,1,-1,1,1,-1,-1,-1,-1,-1,1,-1,1,1,1,1,-1,-1,-1,1,1,1,-1,1,1,1,-1,-1,1,1,1,0.0,-76.0,8
10,1,-1,-1,-1,1,-1,1,-1,1,-1,-1,-1,-1,-1,-1,-1,1,-1,1,1,1,-1,-1,1,1,-1,1,1,1,1,1,-1,1,1,1,-1,-1,1,1,1,0.0,-76.0,13
11,1,-1,-1,-1,1,-1,1,-1,1,-1,-1,-1,-1,-1,-1,-1,1,-1,-1,-1,1,-1,-1,1,1,-1,1,1,1,1,1,-1,1,1,1,-1,-1,1,1,1,0.0,-76.0,15
12,1,-1,-1,-1,1,-1,1,-1,1,-1,-1,-1,-1,-1,-1,-1,-1,-1,1,-1,1,-1,-1,1,1,-1,1,1,1,1,1,-1,1,1,1,-1,-1,1,1,1,0.0,-76.0,14
13,1,-1,-1,-1,1,-1,1,-1,1,-1,1,-1,1,1,-1,-1,1,-1,-1,1,-1,1,-1,1,1,-1,-1,-1,1,1,1,-1,1,1,1,-1,-1,1,1,1,0.0,-76.0,18
14,-1,1,1,1,-1,1,-1,1,-1,1,1,1,1,1,1,1,-1,1,-1,1,-1,1,-1,-1,-1,1,-1,-1,-1,-1,-1,1,-1,-1,-1,1,1,-1,-1,-1,0.0,-76.0,1
15,1,-1,-1,-1,1,-1,1,-1,1,-1,1,-1,1,1,-1,-1,1,-1,-1,1,-1,-1,1,1,1,-1,-1,-1,1,1,1,-1,1,1,1,-1,-1,1,1,1,0.0,-76.0,4
16,-1,1,1,1,-1,1,-1,1,-1,1,-1,1,-1,-1,1,1,-1,1,1,-1,1,-1,1,-1,-1,1,1,1,-1,-1,-1,1,-1,-1,-1,1,1,-1,-1,-1,0.0,-76.0,1
17,-1,1,1,1,-1,1,-1,1,-1,1,-1,1,-1,-1,1,1,-1,1,1,-1,1,1,-1,-1,-1,1,1,1,-1,-1,-1,1,-1,-1,-1,1,1,-1,-1,-1,0.0,-76.0,1
18,-1,1,1,1,-1,1,-1,1,-1,1,1,1,1,1,1,1,-1,1,-1,1,1,1,1,-1,-1,1,-1,-1,-1,-1,-1,1,-1,-1,-1,1,1,-1,-1,-1,0.0,-76.0,1
19,-1,-1,1,1,-1,1,-1,1,-1,1,-1,1,-1,-1,1,1,-1,1,1,-1,1,-1,-1,-1,-1,1,1,1,-1,-1,-1,1,-1,-1,-1,1,1,-1,-1,-1,0.0,-76.0,2
20,1,1,-1,-1,1,-1,1,-1,1,-1,1,-1,1,1,-1,-1,1,-1,-1,1,-1,1,1,1,1,-1,-1,-1,1,1,1,-1,1,1,1,-1,-1,1,1,1,0.0,-76.0,22
21,-1,1,-1,-1,1,-1,1,-1,1,-1,1,-1,1,1,-1,-1,1,-1,-1,1,-1,1,-1,-1,-1,-1,-1,-1,1,1,1,-1,1,1,1,-1,-1,1,1,1,0.0,-76.0,53
22,1,-1,-1,-1,1,-1,1,-1,1,-1,-1,-1,-1,-1,-1,-1,1,-1,1,-1,-1,-1,-1,1,1,-1,1,1,1,1,1,-1,1,1,1,-1,-1,1,1,1,0.0,-76.0,8
23,1,-1,-1,-1,1,-1,1,-1,1,-1,-1,-1,-1,-1,-1,-1,1,-1,1,-1,1,-1,1,1,1,-1,1,1,1,1,1,-1,1,1,1,-1,-1,1,1,1,0.0,-76.0,44
24,1,-1,1,1,-1,1,-1,1,-1,1,-1,1,-1,-1,1,1,-1,1,1,-1,1,-1,1,1,1,1,1,1,-1,-1,-1,1,-1,-1,-1,1,1,-1,-1,-1,0.0,-76.0,3
25,-1,1,-1,-1,1,-1,1,-1,1,1,1,-1,1,1,-1,-1,1,-1,-1,1,-1,1,-1,-1,-1,-1,-1,-1,1,1,1,-1,1,1,1,-1,-1,1,1,1,0.0,-74.0,6
26,-1,1,-1,-1,1,-1,1,-1,-1,1,1,1,-1,-1,1,1,-1,1,1,-1,-1,1,1,-1,-1,-1,1,1,-1,-1,1,1,-1,1,-1,-1,-1,1,-1,-1,0.0,-74.0,8
27,-1,-1,-1,-1,1,-1,1,-1,1,-1,-1,-1,-1,-1,-1,-1,1,-1,1,-1,1,-1,-1,1,1,1,1,1,1,1,1,-1,1,1,1,-1,-1,1,1,1,0.0,-74.0,2
28,1,1,1,1,-1,1,-1,1,-1,1,1,1,1,1,1,1,-1,1,-1,1,-1,1,1,-1,-1,-1,-1,-1,-1,-1,-1,1,-1,-1,-1,1,1,-1,-1,-1,0.0,-74.0,1
29,-1,1,-1,-1,1,-1,1,-1,1,-1,1,-1,1,1,-1,-1,1,-1,-1,1,-1,1,-1,-1,-1,1,-1,-1,1,1,1,-1,1,1,1,-1,-1,1,1,1,0.0,-74.0,4
30,-1,1,1,1,-1,1,-1,1,-1,1,1,1,1,-1,1,1,-1,1,-1,1,1,1,1,-1,-1,1,-1,-1,-1,-1,-1,1,-1,-1,-1,1,1,-1,-1,-1,0.0,-74.0,1
31,-1,1,-1,-1,1,-1,1,-1,1,-1,1,-1,1,1,-1,-1,1,-1,-1,1,-1,1,-1,-1,1,-1,-1,-1,1,1,1,-1,1,1,1,-1,-1,1,1,1,0.0,-74.0,3
32,1,-1,-1,-1,1,-1,1,-1,1,-1,-1,-1,-1,-1,-1,-1,1,-1,-1,-1,1,-1,-1,1,1,1,1,1,1,1,1,-1,1,1,1,-1,-1,1,1,1,0.0,-74.0,2
33,1,-1,-1,-1,1,-1,1,-1,1,-1,-1,-1,-1,-1,-1,-1,1,-1,1,-1,-1,-1,-1,1,1,1,1,1,1,1,1,-1,1,1,1,-1,-1,1,1,1,0.0,-74.0,1
34,1,-1,1,1,-1,1,-1,1,1,-1,-1,-1,1,1,-1,-1,1,-1,-1,1,1,-1,-1,1,1,1,-1,-1,1,1,-1,-1,1,-1,1,1,1,-1,1,1,0.0,-74.0,7
35,1,-1,-1,-1,1,-1,1,-1,1,-1,-1,-1,-1,-1,-1,-1,1,-1,1,1,1,-1,-1,1,1,1,1,1,1,1,1,-1,1,1,1,-1,-1,1,1,1,0.0,-74.0,1
36,-1,1,1,1,-1,1,-1,1,-1,1,1,1,1,1,1,1,1,1,-1,-1,-1,1,1,-1,-1,1,-1,-1,-1,-1,-1,1,-1,-1,-1,1,1,-1,-1,-1,0.0,-74.0,1
37,1,-1,-1,-1,1,-1,1,1,1,-1,-1,-1,-1,-1,-1,-1,1,-1,1,-1,1,-1,-1,1,1,1,1,1,1,1,1,-1,1,1,1,-1,-1,1,1,1,0.0,-74.0,2
38,1,-1,-1,-1,1,-1,1,-1,1,-1,-1,-1,-1,-1,-1,-1,-1,-1,1,-1,1,-1,-1,1,1,1,1,1,1,1,1,-1,1,1,1,-1,-1,1,1,1,0.0,-74.0,2
39,1,-1,-1,-1,1,-1,1,-1,1,-1,-1,-1,-1,1,-1,-1,1,-1,1,-1,-1,-1,-1,1,1,-1,1,1,1,1,1,-1,1,1,1,-1,-1,1,1,1,0.0,-74.0,2
40,1,1,-1,-1,1,-1,1,-1,1,-1,1,-1,1,1,-1,-1,1,-1,-1,1,-1,-1,1,1,1,-1,-1,-1,1,1,1,-1,1,1,1,-1,-1,1,1,1,0.0,-74.0,1
41,1,-1,-1,-1,1,-1,1,-1,1,-1,-1,-1,-1,-1,-1,-1,-1,-1,1,-1,-1,-1,-1,1,1,-1,1,1,1,1,1,-1,1,1,1,-1,-1,1,1,1,0.0,-74.0,1
42,1,-1,-1,-1,1,-1,1,-1,1,-1,1,-1,1,1,-1,-1,-1,-1,-1,1,-1,1,-1,1,1,-1,-1,-1,1,1,1,-1,1,1,1,-1,-1,1,1,1,0.0,-74.0,1
43,1,1,-1,-1,1,-1,1,-1,1,-1,-1,-1,-1,-1,-1,-1,1,-1,1,-1,1,-1,1,1,1,-1,1,1,1,1,1,-1,1,1,1,-1,-1,1,1,1,0.0,-74.0,9
44,-1,-1,1,1,-1,1,-1,1,-1,1,-1,1,-1,-1,1,1,-1,1,1,1,1,-1,-1,-1,-1,1,1,1,-1,-1,-1,1,-1,-1,-1,1,1,-1,-1,-1,0.0,-74.0,1
45,-1,1,-1,-1,1,-1,1,-1,1,-1,1,-1,1,1,-1,-1,1,-1,-1,1,-1,1,1,-1,-1,-1,-1,-1,1,1,1,-1,1,1,1,-1,-1,1,1,1,0.0,-74.0,8
46,1,-1,-1,-1,1,-1,1,-1,1,-1,-1,-1,-1,-1,-1,-1,1,-1,1,-1,1,-1,1,1,1,1,1,1,1,1,1,-1,1,1,1,-1,-1,1,1,1,0.0,-74.0,5
47,1,-1,-1,-1,1,-1,1,-1,1,-1,-1,-1,-1,-1,-1,-1,1,-1,1,-1,-1,-1,1,1,1,-1,1,1,1,1,1,-1,1,1,1,-1,-1,1,1,1,0.0,-74.0,3
48,1,-1,-1,-1,1,-1,1,-1,1,-1,1,-1,-1,1,-1,-1,1,-1,-1,1,-1,-1,1,1,1,-1,-1,-1,1,1,1,-1,1,1,1,-1,-1,1,1,1,0.0,-74.0,4
49,1,1,-1,-1,1,-1,1,-1,1,-1,1,-1,1,1,-1,-1,1,-1,-1,1,-1,1,1,1,-1,-1,-1,-1,1,1,1,-1,1,1,1,-1,-1,1,1,1,0.0,-74.0,3
50,1,-1,-1,-1,1,-1,1,-1,1,-1,1,-1,1,1,-1,-1,1,-1,1,1,-1,1,-1,1,1,-1,-1,-1,1,1,1,-1,1,1,1,-1,-1,1,1,1,0.0,-74.0,1
51,1,-1,-1,-1,1,-1,1,-1,1,-1,1,-1,-1,-1,-1,-1,1,-1,1,-1,-1,1,1,1,1,-1,1,1,1,1,1,-1,1,1,1,-1,-1,1,1,1,0.0,-74.0,11
52,1,-1,-1,-1,1,-1,1,-1,1,-1,1,-1,1,1,-1,-1,1,-1,-1,-1,-1,1,-1,1,1,-1,-1,-1,1,1,1,-1,1,1,1,-1,-1,1,1,1,0.0,-74.0,1
53,1,-1,-1,-1,1,-1,1,-1,1,-1,-1,-1,-1,-1,-1,-1,1,-1,1,1,1,-1,1,1,1,-1,1,1,1,1,1,-1,1,1,1,-1,-1,1,1,1,0.0,-74.0,2
54,1,-1,-1,-1,1,-1,1,-1,1,-1,-1,-1,-1,-1,-1,-1,1,-1,-1,-1,1,-1,1,1,1,-1,1,1,1,1,1,-1,1,1,1,-1,-1,1,1,1,0.0,-74.0,7
55,1,-1,-1,-1,1,-1,1,-1,1,-1,-1,1,-1,-1,-1,-1,1,-1,1,-1,1,-1,1,1,1,-1,1,1,1,1,1,-1,1,1,1,-1,-1,1,1,1,0.0,-74.0,4
56,1,-1,-1,-1,1,-1,1,-1,1,-1,1,-1,1,1,-1,-1,1,-1,-1,1,-1,-1,-1,1,1,-1,-1,-1,1,1,1,-1,1,1,1,-1,-1,1,1,1,0.0,-74.0,3
57,-1,1,-1,-1,1,-1,1,-1,1,-1,1,-1,1,1,-1,-1,-1,-1,-1,1,-1,1,-1,-1,-1,-1,-1,-1,1,1,1,-1,1,1,1,-1,-1,1,1,1,0.0,-74.0,3
58,1,-1,-1,-1,1,-1,1,-1,1,-1,1,-1,1,1,-1,-1,1,-1,-1,1,1,-1,-1,1,1,-1,-1,-1,1,1,1,-1,1,1,1,-1,-1,1,1,1,0.025,-72.0,2
59,1,-1,-1,-1,1,-1,1,-1,1,-1,-1,1,-1,-1,1,1,-1,1,1,-1,1,-1,1,1,1,-1,1,1,-1,-1,1,1,-1,1,1,-1,-1,1,-1,-1,0.025,-66.0,2
60,-1,1,-1,-1,1,-1,1,-1,1,-1,-1,-1,-1,-1,-1,-1,1,-1,1,-1,1,-1,-1,-1,-1,1,1,1,1,1,1,-1,1,1,1,-1,-1,1,1,1,0.0,-72.0,1
61,-1,1,-1,-1,1,-1,1,-1,1,-1,1,-1,1,1,-1,-1,-1,-1,-1,1,-1,1,-1,-1,1,-1,-1,-1,1,1,1,-1,1,1,1,-1,-1,1,1,1,0.0,-72.0,1
62,1,-1,-1,-1,1,-1,1,1,1,-1,-1,-1,-1,-1,-1,-1,-1,-1,1,-1,1,-1,-1,1,1,1,1,1,1,1,1,-1,1,1,1,-1,-1,1,1,1,0.0,-72.0,1
63,1,-1,-1,-1,1,-1,1,-1,1,-1,1,-1,-1,-1,-1,-1,1,-1,1,-1,-1,1,-1,1,1,-1,1,1,1,1,1,-1,1,1,1,-1,-1,1,1,1,0.0,-72.0,1
64,1,-1,-1,-1,1,-1,1,-1,1,-1,-1,-1,1,1,-1,-1,-1,-1,-1,1,1,-1,-1,1,1,-1,-1,-1,1,1,1,-1,1,1,1,-1,-1,1,1,1,0.0,-72.0,1
65,-1,1,-1,-1,1,-1,1,-1,-1,1,1,1,-1,-1,1,1,-1,1,1,1,-1,1,1,-1,-1,-1,1,1,-1,-1,1,1,-1,1,-1,-1,-1,1,-1,-1,0.0,-72.0,1
66,-1,1,-1,-1,1,-1,1,-1,1,-1,1,-1,-1,-1,-1,-1,1,-1,1,-1,-1,1,-1,-1,-1,-1,1,1,1,1,1,-1,1,1,1,-1,-1,1,1,1,0.0,-72.0,3
67,-1,-1,-1,-1,1,-1,1,-1,1,-1,-1,-1,-1,-1,-1,-1,1,-1,1,-1,1,-1,-1,1,-1,1,1,1,1,1,1,-1,1,1,1,-1,-1,1,1,1,0.0,-72.0,2
68,1,-1,-1,-1,1,-1,1,1,1,-1,1,-1,1,1,-1,-1,1,-1,-1,1,-1,1,1,1,1,-1,-1,-1,1,1,1,-1,1,1,1,-1,-1,1,1,1,0.0,-72.0,1
69,1,-1,-1,-1,1,-1,1,1,1,-1,-1,-1,-1,-1,-1,-1,1,-1,1,-1,1,-1,1,1,1,1,1,1,1,1,1,-1,1,1,1,-1,-1,1,1,1,0.0,-72.0,1
70,1,-1,-1,-1,1,-1,1,-1,1,-1,1,-1,1,-1,-1,-1,1,-1,-1,1,-1,1,1,1,1,-1,-1,-1,1,1,1,-1,1,1,1,-1,-1,1,1,1,0.0,-72.0,1
71,1,-1,-1,-1,1,-1,1,1,1,-1,-1,-1,-1,-1,-1,-1,1,-1,1,-1,1,-1,-1,1,1,1,1,1,1,1,1,-1,1,1,-1,-1,-1,1,1,1,0.0,-72.0,1
72,1,-1,1,1,-1,1,-1,1,1,-1,-1,-1,1,1,-1,-1,1,-1,-1,-1,1,-1,-1,1,1,1,-1,-1,1,1,-1,-1,1,-1,1,1,1,-1,1,1,0.0,-72.0,1
73,1,-1,-1,-1,1,-1,1,-1,1,-1,-1,-1,1,-1,-1,-1,1,-1,1,-1,1,-1,-1,1,1,-1,1,1,1,1,1,-1,1,1,1,-1,-1,1,1,1,0.0,-72.0,1
74,-1,1,-1,-1,1,-1,1,-1,-1,1,1,1,-1,-1,1,1,-1,1,1,-1,1,1,1,-1,-1,-1,1,1,-1,-1,1,1,-1,1,-1,-1,-1,1,-1,-1,0.0,-72.0,1
75,-1,1,1,1,-1,1,-1,1,1,1,1,-1,1,1,-1,-1,1,-1,-1,1,-1,1,-1,-1,-1,1,-1,-1,1,1,-1,-1,1,-1,-1,1,1,-1,1,1,0.0,-72.0,1
76,-1,1,-1,-1,1,-1,1,-1,-1,1,1,1,-1,-1,1,1,-1,1,1,-1,-1,1,-1,-1,-1,-1,1,1,-1,-1,1,1,-1,1,-1,-1,-1,1,-1,-1,0.0,-72.0,1
77,-1,1,-1,-1,1,-1,1,-1,-1,1,1,1,-1,-1,1,1,-1,1,1,-1,-1,1,1,-1,-1,-1,1,1,-1,-1,1,1,-1,1,1,-1,-1,1,-1,-1,0.0,-72.0,4
78,-1,1,-1,-1,1,-1,1,-1,1,-1,1,-1,1,1,-1,-1,1,-1,-1,1,-1,1,1,1,-1,-1,-1,-1,1,1,1,-1,1,1,1,-1,-1,1,1,1,0.0,-72.0,1
79,1,1,-1,-1,1,-1,1,-1,1,-1,1,-1,1,1,-1,-1,-1,-1,1,1,-1,1,1,1,1,-1,-1,-1,1,1,1,-1,1,1,1,-1,-1,1,1,1,0.0,-72.0,1
80,-1,1,-1,-1,1,-1,1,-1,1,-1,-1,-1,-1,-1,-1,-1,1,-1,1,-1,1,-1,-1,-1,1,-1,1,1,1,1,1,-1,1,1,1,-1,-1,1,1,1,0.0,-72.0,2
81,1,-1,-1,-1,1,-1,1,-1,1,-1,1,-1,1,1,-1,-1,1,-1,-1,1,-1,1,1,1,1,-1,-1,-1,1,1,1,-1,-1,1,1,-1,-1,1,1,1,0.0,-72.0,1
82,1,-1,1,-1,1,-1,1,-1,1,-1,1,-1,1,1,-1,-1,1,-1,-1,1,-1,1,1,1,1,-1,-1,-1,1,1,1,-1,1,1,1,-1,1,-1,1,1,0.0,-72.0,1
83,-1,-1,1,1,-1,1,-1,1,1,-1,-1,-1,1,1,-1,-1,1,-1,-1,1,1,-1,-1,1,1,1,-1,-1,1,1,-1,-1,1,-1,1,1,1,-1,1,1,0.0,-72.0,2
84,1,1,-1,-1,1,-1,1,-1,1,-1,-1,-1,-1,-1,-1,-1,1,-1,-1,-1,1,-1,1,1,1,-1,1,1,1,1,1,-1,1,1,1,-1,-1,1,1,1,0.0,-72.0,1
85,-1,1,-1,-1,1,-1,1,-1,1,-1,1,-1,1,1,-1,-1,1,-1,1,1,-1,1,1,-1,-1,-1,-1,-1,1,1,1,-1,1,1,1,-1,-1,1,1,1,0.0,-72.0,1
86,1,-1,-1,-1,1,-1,1,-1,1,-1,1,-1,-1,-1,-1,-1,1,-1,1,-1,-1,1,1,1,1,-1,1,1,1,1,1,1,1,1,1,-1,-1,1,1,1,0.0,-72.0,1
87,1,-1,-1,-1,1,-1,1,-1,1,-1,1,-1,-1,-1,-1,-1,1,-1,1,-1,-1,-1,1,1,1,-1,1,1,1,1,1,-1,1,1,1,-1,-1,1,1,1,0.0,-72.0,1
88,1,1,-1,-1,1,-1,1,-1,1,-1,-1,-1,-1,-1,-1,-1,-1,-1,1,-1,1,-1,1,1,1,-1,1,1,1,1,1,-1,1,1,1,-1,-1,1,1,1,0.0,-72.0,2
89,1,-1,1,1,-1,1,-1,1,1,-1,-1,-1,1,1,-1,-1,1,-1,-1,1,1,-1,-1,1,1,1,-1,-1,1,1,-1,-1,1,-1,-1,1,1,-1,1,1,0.0,-72.0,3
90,1,-1,-1,-1,1,-1,1,-1,1,-1,1,-1,-1,-1,-1,-1,1,-1,-1,-1,-1,1,1,1,1,-1,1,1,1,1,1,-1,1,1,1,-1,-1,1,1,1,0.0,-72.0,2
91,-1,1,1,1,-1,1,-1,1,1,-1,1,-1,1,1,-1,-1,1,-1,-1,1,-1,1,-1,-1,-1,1,-1,-1,1,1,-1,-1,1,-1,1,1,1,-1,1,1,0.0,-72.0,2
92,1,1,-1,-1,1,-1,1,-1,1,-1,-1,1,-1,-1,-1,-1,1,-1,1,-1,1,-1,1,1,1,-1,1,1,1,1,1,-1,1,1,1,-1,-1,1,1,1,0.0,-72.0,2
93,1,1,-1,-1,1,-1,1,-1,1,-1,1,-1,1,1,-1,-1,1,-1,-1,1,-1,-1,1,1,-1,-1,-1,-1,1,1,1,-1,1,1,1,-1,-1,1,1,1,0.0,-72.0,1
94,1,1,-1,-1,1,-1,1,-1,-1,1,1,1,-1,-1,1,1,-1,1,1,-1,-1,1,1,-1,-1,-1,1,1,-1,-1,1,1,-1,1,-1,-1,-1,1,-1,-1,0.0,-72.0,1
95,1,-1,1,-1,1,-1,1,-1,1,-1,-1,-1,-1,-1,-1,-1,1,-1,1,-1,1,-1,-1,1,1,-1,1,1,1,1,1,-1,1,1,1,-1,1,-1,1,1,0.0,-72.0,1
96,1,-1,-1,-1,1,-1,1,-1,1,-1,1,-1,1,1,-1,-1,1,-1,-1,1,-1,1,1,1,1,-1,-1,-1,1,1,1,-1,1,1,1,-1,-1,-1,1,1,0.0,-72.0,1
97,1,-1,-1,-1,1,-1,1,-1,1,-1,1,-1,1,1,-1,-1,-1,-1,-1,-1,-1,1,1,1,1,-1,-1,-1,1,-1,1,-1,1,1,1,-1,-1,1,1,1,0.0,-72.0,1
98,-1,1,-1,-1,1,-1,1,-1,1,1,1,-1,1,1,-1,-1,-1,-1,-1,-1,-1,1,-1,-1,-1,-1,-1,-1,1,-1,1,-1,1,1,1,-1,-1,1,1,1,0.0,-72.0,2
99,1,-1,-1,-1,1,-1,1,-1,1,-1,-1,1,-1,-1,1,1,-1,1,-1,-1,1,-1,1,1,1,-1,1,1,-1,-1,1,1,-1,1,1,-1,-1,1,-1,-1,0.025,-64.0,1
100,1,-1,-1,-1,1,-1,1,-1,1,-1,1,-1,1,1,-1,-1,1,-1,-1,1,-1,1,1,1,1,-1,-1,-1,1,1,1,-1,1,1,1,-1,-1,1,1,1,0.025,-78.0,1
101,1,-1,-1,-1,1,-1,1,-1,1,-1,-1,1,-1,-1,1,1,1,1,-1,-1,1,-1,1,1,1,-1,1,1,-1,1,1,1,-1,1,1,-1,-1,1,-1,-1,0.025,-68.0,2
102,1,-1,-1,-1,1,-1,1,-1,1,-1,-1,1,-1,-1,1,1,1,1,1,1,1,-1,1,1,1,-1,1,1,-1,1,1,1,-1,1,1,-1,-1,1,-1,-1,0.025,-68.0,2
103,1,-1,-1,-1,1,-1,1,-1,1,-1,-1,-1,-1,1,-1,-1,1,-1,-1,-1,1,-1,-1,1,1,-1,1,1,1,1,1,-1,1,1,1,-1,-1,1,1,1,0.0,-70.0,1
104,-1,1,-1,-1,1,-1,1,-1,1,-1,1,-1,-1,-1,-1,-1,1,-1,-1,-1,-1,1,-1,-1,-1,-1,1,1,1,1,1,-1,1,1,1,-1,-1,1,1,1,0.0,-70.0,1
105,1,-1,1,1,-1,1,1,1,1,-1,-1,-1,-1,-1,-1,-1,1,-1,1,-1,1,-1,-1,1,1,1,1,1,1,1,1,-1,1,-1,1,1,1,-1,1,1,0.0,-70.0,1
106,-1,1,-1,-1,1,-1,-1,-1,-1,1,1,1,-1,-1,1,1,-1,1,1,-1,-1,1,-1,-1,-1,-1,1,1,-1,-1,1,1,-1,1,-1,-1,-1,1,-1,-1,0.0,-70.0,1
107,-1,1,-1,-1,1,-1,1,-1,1,-1,1,-1,1,1,-1,1,1,-1,-1,1,-1,1,-1,-1,-1,-1,-1,-1,1,1,1,-1,1,1,1,-1,-1,1,1,1,0.0,-70.0,1
108,-1,1,1,1,-1,1,-1,1,1,-1,1,-1,1,1,-1,-1,1,-1,-1,1,-1,1,1,-1,-1,1,-1,-1,1,1,-1,-1,1,-1,1,1,1,-1,1,1,0.0,-70.0,1
109,1,-1,1,1,-1,1,-1,1,1,-1,-1,-1,1,1,-1,-1,1,-1,-1,-1,1,-1,1,1,1,1,-1,-1,1,1,-1,-1,1,-1,1,1,1,-1,1,1,0.0,-70.0,2
110,1,-1,1,1,-1,1,1,1,1,-1,1,-1,1,1,-1,-1,1,-1,-1,1,-1,1,1,1,1,-1,-1,-1,1,1,-1,-1,1,-1,1,1,1,-1,1,1,0.0,-70.0,1
111,-1,1,-1,-1,1,-1,1,-1,-1,1,-1,1,-1,-1,1,1,-1,1,1,-1,1,-1,-1,-1,-1,-1,1,1,-1,-1,1,1,-1,1,-1,-1,-1,1,-1,-1,0.0,-70.0,1
112,-1,1,1,1,-1,1,-1,1,-1,1,1,1,1,1,1,1,-1,1,-1,1,-1,1,1,-1,-1,-1,-1,-1,-1,-1,-1,-1,-1,-1,-1,1,1,-1,-1,-1,0.0,-70.0,1
113,1,-1,1,1,-1,-1,1,-1,1,-1,1,-1,1,1,-1,-1,1,-1,-1,1,-1,1,1,1,1,-1,-1,-1,1,1,1,-1,1,1,1,1,1,-1,1,1,0.0,-70.0,1
114,1,-1,-1,-1,1,-1,1,-1,1,-1,1,-1,1,1,-1,-1,1,-1,-1,1,-1,1,1,1,-1,1,-1,-1,1,1,1,-1,1,1,1,-1,-1,1,1,1,0.0,-70.0,1
115,-1,1,-1,-1,1,-1,1,-1,1,-1,-1,-1,-1,-1,-1,-1,1,-1,1,-1,1,-1,-1,1,1,-1,1,1,1,1,1,-1,1,1,1,-1,-1,1,1,1,0.0,-70.0,1
116,-1,1,-1,-1,1,-1,1,-1,-1,-1,1,1,-1,-1,1,1,-1,1,1,-1,-1,1,1,-1,-1,-1,1,1,-1,-1,1,1,-1,1,1,-1,-1,1,-1,-1,0.0,-70.0,1
117,1,-1,1,1,1,-1,1,1,1,-1,-1,-1,-1,-1,-1,-1,1,-1,1,-1,1,-1,-1,1,1,1,1,1,1,1,1,-1,1,1,1,1,1,1,1,1,0.0,-70.0,1
118,-1,-1,1,1,-1,1,-1,1,1,-1,-1,-1,1,1,-1,-1,1,-1,-1,1,1,-1,-1,1,1,1,-1,-1,1,1,-1,-1,1,-1,-1,1,1,-1,1,1,0.0,-70.0,1
119,-1,1,-1,-1,1,-1,1,-1,1,-1,1,-1,-1,-1,-1,-1,1,-1,1,-1,-1,1,1,-1,-1,-1,1,1,1,1,1,-1,1,1,1,-1,-1,1,1,1,0.0,-70.0,2
120,-1,1,-1,-1,1,-1,1,-1,1,-1,1,-1,-1,-1,-1,-1,-1,-1,1,-1,-1,1,-1,-1,-1,-1,1,1,1,1,1,-1,1,1,1,-1,-1,1,1,1,0.0,-70.0,1
121,1,1,-1,-1,1,-1,1,-1,1,-1,1,-1,-1,-1,-1,-1,1,-1,-1,-1,-1,1,1,1,1,-1,1,1,1,1,1,-1,1,1,1,-1,-1,1,1,1,0.0,-70.0,1
122,1,-1,1,1,1,-1,1,-1,1,-1,-1,-1,-1,-1,-1,-1,1,-1,1,-1,1,-1,1,1,1,-1,1,1,1,1,1,-1,1,1,1,-1,1,1,1,1,0.0,-70.0,1
123,-1,1,1,1,-1,1,-1,1,1,-1,1,-1,1,1,-1,-1,1,-1,-1,1,-1,1,-1,-1,-1,1,-1,-1,1,1,-1,-1,-1,-1,1,1,1,-1,1,1,0.0,-70.0,1
124,-1,1,-1,-1,1,-1,1,-1,1,-1,1,1,1,1,-1,-1,1,-1,-1,1,-1,1,1,-1,1,-1,-1,-1,1,1,1,-1,1,1,1,-1,-1,1,1,1,0.0,-70.0,1
125,-1,1,-1,-1,1,-1,1,-1,1,-1,-1,-1,-1,-1,-1,-1,1,-1,-1,-1,1,-1,-1,-1,1,-1,1,1,1,1,1,-1,1,1,1,-1,-1,1,1,1,0.0,-70.0,1
126,-1,1,1,1,-1,1,-1,1,1,1,1,-1,1,1,-1,-1,1,-1,-1,1,-1,1,-1,-1,-1,-1,-1,-1,1,1,-1,-1,1,-1,-1,1,1,-1,1,1,0.0,-70.0,1
127,-1,1,1,1,-1,1,-1,1,-1,1,1,1,1,1,1,1,-1,1,1,1,-1,1,1,-1,-1,1,-1,-1,-1,-1,-1,-1,-1,-1,-1,1,1,-1,-1,-1,0.0,-70.0,1
128,1,-1,-1,-1,1,-1,1,-1,1,-1,1,-1,1,1,-1,-1,1,-1,-1,1,-1,1,-1,1,-1,-1,-1,-1,1,1,1,-1,1,1,1,-1,-1,1,1,1,0.0,-70.0,1
129,1,-1,1,1,1,-1,1,-1,1,-1,-1,-1,-1,-1,-1,-1,1,-1,1,-1,-1,-1,-1,1,1,-1,1,1,1,1,1,-1,1,1,1,-1,1,1,1,1,0.0,-70.0,1
130,-1,-1,1,1,-1,1,-1,1,1,-1,-1,-1,1,1,-1,-1,1,-1,-1,1,1,-1,-1,1,-1,1,-1,-1,1,1,-1,-1,1,-1,1,1,1,-1,1,1,0.0,-70.0,1
131,-1,1,1,1,-1,1,-1,1,-1,1,-1,-1,-1,-1,1,1,1,1,-1,-1,1,-1,-1,-1,-1,1,1,1,-1,1,-1,1,-1,-1,-1,1,1,-1,-1,-1,0.0,-70.0,1
132,-1,-1,1,1,-1,1,-1,1,-1,1,-1,-1,-1,-1,1,1,1,1,-1,-1,1,-1,-1,1,-1,1,1,1,-1,1,-1,1,-1,-1,-1,1,1,-1,-1,-1,0.0,-70.0,1
133,1,-1,-1,-1,1,-1,1,-1,-1,-1,-1,1,-1,-1,1,1,-1,1,1,-1,1,-1,1,1,1,-1,1,1,-1,-1,1,-1,-1,1,1,-1,-1,1,-1,-1,0.0,-70.0,1
134,1,-1,1,1,-1,-1,1,-1,-1,-1,-1,-1,-1,-1,1,1,1,1,-1,-1,1,-1,-1,1,1,1,1,1,-1,1,1,-1,-1,1,1,1,1,-1,-1,-1,0.0,-70.0,1
135,1,-1,1,1,-1,-1,1,-1,-1,-1,-1,-1,-1,-1,1,1,1,1,1,1,1,-1,-1,1,1,1,1,1,-1,1,1,-1,-1,1,1,1,1,-1,-1,-1,0.0,-70.0,2
136,1,-1,-1,-1,1,-1,1,-1,-1,-1,-1,1,-1,-1,1,1,1,1,-1,-1,1,-1,1,1,1,-1,1,1,-1,1,1,1,-1,1,1,-1,-1,1,-1,-1,0.0,-70.0,2
137,-1,1,1,1,-1,-1,1,-1,-1,-1,-1,-1,-1,-1,1,1,1,1,1,1,1,-1,-1,-1,-1,1,1,1,-1,1,1,-1,-1,1,1,1,1,-1,-1,-1,0.0,-70.0,1
138,-1,-1,-1,-1,1,-1,1,-1,-1,-1,-1,-1,-1,-1,1,1,1,1,-1,-1,1,-1,-1,1,-1,1,1,1,-1,1,1,-1,-1,1,1,-1,-1,1,-1,-1,0.0,-70.0,2
139,-1,-1,1,1,-1,-1,1,-1,-1,-1,-1,-1,-1,-1,1,1,1,1,-1,-1,1,-1,-1,1,-1,1,1,1,-1,1,1,-1,-1,1,1,1,1,-1,-1,-1,0.0,-70.0,3
140,1,-1,-1,-1,1,-1,1,-1,1,-1,-1,1,-1,-1,1,1,1,1,1,1,1,-1,1,1,1,-1,1,1,-1,1,1,-1,-1,1,1,-1,-1,1,-1,-1,0.0,-70.0,1
141,-1,1,1,1,-1,-1,1,-1,-1,-1,-1,-1,-1,-1,1,1,1,1,-1,-1,1,-1,-1,-1,-1,1,1,1,-1,1,1,-1,-1,1,1,1,1,-1,-1,-1,0.0,-70.0,6
142,1,-1,1,1,-1,1,-1,1,-1,-1,-1,1,-1,-1,1,1,1,1,-1,-1,1,-1,-1,1,1,1,1,1,-1,1,-1,1,-1,-1,-1,1,1,-1,-1,-1,0.0,-70.0,1
143,1,-1,-1,-1,1,-1,1,-1,1,-1,-1,1,-1,-1,1,1,1,1,-1,-1,1,-1,1,1,1,-1,1,1,-1,1,1,-1,-1,1,1,-1,-1,1,-1,-1,0.0,-70.0,4
144,1,-1,-1,-1,1,-1,1,-1,1,-1,-1,-1,-1,-1,1,1,1,1,-1,-1,1,-1,-1,1,1,-1,1,1,-1,1,1,-1,-1,1,1,-1,-1,1,-1,-1,0.0,-70.0,1
145,1,-1,-1,-1,1,-1,1,-1,1,-1,-1,1,-1,-1,1,1,-1,1,-1,-1,1,-1,1,1,1,-1,1,1,-1,-1,1,-1,-1,1,1,-1,-1,1,-1,-1,0.025,-66.0,1
146,1,-1,-1,-1,1,-1,1,-1,1,-1,1,1,-1,-1,1,1,-1,1,1,-1,1,1,1,1,1,-1,1,1,-1,-1,1,1,-1,1,1,-1,-1,1,-1,-1,0.025,-62.0,1
147,-1,-1,1,1,-1,1,1,1,1,-1,-1,-1,1,1,-1,-1,1,-1,-1,1,1,-1,-1,1,1,1,-1,-1,1,1,-1,-1,1,1,1,1,1,-1,1,1,0.0,-68.0,1
148,1,-1,1,1,-1,-1,-1,1,-1,-1,-1,-1,-1,-1,-1,1,1,-1,1,-1,1,-1,-1,1,1,1,1,1,1,1,1,-1,-1,-1,1,1,1,-1,1,1,0.0,-68.0,1
149,-1,1,1,1,-1,-1,1,-1,-1,-1,-1,-1,-1,-1,-1,-1,1,-1,1,-1,1,-1,-1,-1,-1,1,1,1,1,1,1,-1,-1,1,1,1,1,-1,1,1,0.0,-68.0,1
150,-1,-1,1,1,-1,-1,1,1,1,-1,-1,-1,-1,-1,-1,-1,1,-1,1,-1,1,-1,-1,1,1,1,1,1,1,1,1,-1,1,1,1,1,1,-1,1,1,0.0,-68.0,1
151,1,-1,-1,-1,1,-1,1,-1,1,1,1,-1,1,1,-1,-1,-1,-1,-1,1,-1,1,1,1,1,-1,-1,-1,1,1,1,-1,1,1,-1,-1,-1,1,1,1,0.0,-68.0,1
152,-1,-1,1,1,-1,-1,1,-1,-1,-1,-1,-1,-1,-1,1,1,-1,1,1,-1,1,-1,-1,1,-1,1,1,1,-1,-1,1,-1,-1,1,1,1,1,-1,-1,-1,0.0,-68.0,1
153,1,-1,-1,-1,1,-1,1,-1,1,-1,-1,-1,-1,-1,-1,-1,1,-1,1,-1,1,-1,-1,1,1,-1,1,1,1,1,1,-1,1,1,1,-1,-1,1,-1,1,0.0,-68.0,1
154,1,-1,-1,-1,1,-1,1,-1,1,-1,1,-1,1,1,-1,-1,1,-1,-1,1,-1,1,1,1,1,-1,-1,-1,1,1,1,-1,1,1,1,1,-1,1,1,1,0.0,-68.0,1
155,1,-1,-1,-1,1,-1,1,-1,1,-1,-1,-1,-1,-1,-1,-1,-1,-1,1,-1,1,-1,1,1,1,-1,1,1,1,1,1,-1,1,1,1,-1,-1,1,-1,1,0.0,-68.0,1
156,-1,1,1,1,-1,1,-1,1,-1,1,-1,1,-1,-1,1,1,-1,1,1,-1,1,-1,-1,-1,-1,1,1,1,-1,-1,-1,1,-1,1,-1,1,1,-1,-1,-1,0.0,-68.0,1
157,-1,-1,1,1,-1,-1,-1,1,-1,-1,-1,-1,-1,-1,-1,1,1,-1,1,1,1,-1,-1,1,-1,1,1,1,-1,1,1,-1,-1,-1,1,1,1,-1,1,1,0.0,-68.0,1
158,1,-1,1,1,-1,-1,-1,1,-1,-1,-1,-1,-1,-1,1,1,1,1,-1,-1,1,-1,-1,1,1,1,1,1,-1,1,1,-1,-1,-1,1,1,1,-1,-1,-1,0.0,-68.0,1
159,-1,-1,1,1,-1,1,-1,1,1,-1,1,-1,1,1,-1,-1,1,-1,-1,1,-1,1,-1,-1,-1,1,-1,-1,1,1,-1,-1,1,-1,-1,1,1,-1,1,1,0.0,-68.0,1
160,-1,1,1,1,-1,-1,1,-1,-1,-1,-1,-1,-1,-1,1,1,1,1,-1,-1,1,-1,-1,1,-1,1,1,1,-1,1,1,-1,-1,1,1,1,1,-1,-1,-1,0.0,-68.0,1
161,-1,1,-1,-1,1,-1,1,-1,-1,-1,-1,-1,-1,-1,1,1,-1,1,-1,-1,1,-1,-1,-1,-1,1,1,1,-1,1,1,-1,-1,1,1,-1,-1,1,-1,-1,0.0,-68.0,1
162,1,-1,1,1,-1,-1,1,-1,-1,-1,-1,1,-1,-1,1,1,1,1,1,1,1,-1,1,1,1,-1,1,1,-1,1,1,-1,-1,1,1,1,1,-1,-1,-1,0.0,-68.0,1
163,-1,-1,-1,-1,1,-1,-1,-1,-1,-1,-1,-1,-1,-1,1,1,1,1,-1,-1,1,-1,-1,1,-1,1,1,1,-1,1,1,1,-1,1,-1,-1,-1,1,-1,-1,0.0,-68.0,1
164,1,1,-1,-1,1,-1,1,-1,1,-1,-1,1,-1,-1,-1,-1,1,-1,-1,-1,1,-1,1,1,1,-1,1,1,-1,1,1,-1,1,1,1,-1,-1,1,1,1,0.0,-68.0,1
165,1,1,-1,-1,1,-1,1,-1,1,-1,-1,1,-1,-1,1,1,1,1,1,1,1,-1,1,1,1,-1,1,1,-1,1,1,-1,-1,1,1,-1,-1,1,-1,-1,0.0,-68.0,1
166,-1,1,1,1,-1,-1,1,-1,-1,-1,-1,-1,-1,-1,1,1,-1,1,-1,-1,1,-1,-1,-1,-1,1,1,1,-1,1,1,-1,-1,1,1,1,1,-1,-1,-1,0.0,-68.0,1
167,-1,-1,-1,-1,1,-1,1,-1,-1,-1,-1,-1,-1,-1,1,1,1,1,-1,-1,1,-1,-1,1,-1,1,1,1,-1,1,1,1,-1,1,1,-1,-1,1,-1,-1,0.0,-68.0,1
168,1,1,-1,-1,1,-1,1,-1,1,-1,-1,1,-1,-1,1,1,1,1,-1,-1,1,-1,1,1,1,-1,1,1,-1,1,1,-1,-1,1,1,-1,-1,1,-1,-1,0.0,-68.0,1
169,1,-1,-1,-1,1,-1,1,-1,1,-1,-1,1,-1,-1,1,1,1,1,-1,-1,1,-1,-1,1,1,-1,1,1,-1,1,1,-1,-1,1,1,-1,-1,1,-1,-1,0.0,-68.0,1
170,1,-1,-1,-1,1,-1,1,-1,1,-1,-1,-1,-1,-1,1,1,1,1,-1,-1,1,-1,1,1,1,-1,1,1,-1,1,1,-1,-1,1,1,-1,-1,1,-1,-1,0.0,-68.0,1
171,-1,-1,-1,-1,1,-1,1,-1,-1,-1,-1,-1,-1,-1,1,1,1,1,-1,1,1,-1,-1,1,-1,1,1,1,-1,1,1,-1,-1,1,1,-1,-1,1,-1,-1,0.0,-68.0,1
172,-1,1,1,1,-1,-1,1,-1,-1,-1,-1,-1,-1,-1,1,1,1,1,1,1,1,-1,-1,1,-1,1,1,1,-1,1,1,-1,-1,1,1,1,1,-1,-1,-1,0.0,-68.0,1
173,-1,1,-1,-1,1,-1,1,-1,-1,-1,-1,-1,-1,-1,1,1,1,1,-1,-1,1,-1,-1,-1,-1,1,1,1,-1,1,1,1,-1,1,1,-1,-1,1,-1,-1,0.0,-68.0,1
174,-1,1,1,1,-1,-1,-1,1,-1,-1,-1,-1,-1,-1,1,1,1,1,-1,-1,1,-1,-1,-1,-1,1,1,1,-1,1,1,-1,-1,-1,1,1,1,-1,-1,-1,0.0,-68.0,1
175,-1,-1,1,1,-1,-1,1,-1,-1,-1,-1,-1,-1,-1,1,1,1,1,1,1,1,-1,-1,1,1,1,1,1,-1,1,1,-1,-1,1,1,1,1,-1,-1,-1,0.0,-68.0,1
176,-1,1,1,1,-1,-1,-1,1,-1,-1,-1,-1,-1,-1,-1,1,1,-1,-1,-1,1,-1,-1,-1,-1,1,1,1,-1,1,1,-1,-1,-1,1,1,1,-1,1,1,0.0,-68.0,1
177,1,-1,-1,-1,1,-1,1,-1,1,-1,-1,-1,-1,-1,1,-1,1,-1,1,-1,1,-1,-1,1,1,-1,1,1,1,1,1,-1,1,1,1,-1,-1,1,1,1,0.025,-64.0,1
178,1,-1,-1,-1,1,-1,1,-1,1,-1,-1,-1,-1,-1,-1,-1,1,1,1,-1,1,-1,1,1,1,1,1,1,1,1,1,-1,1,1,1,-1,-1,1,1,1,0.025,-68.0,1
179,1,-1,-1,-1,1,-1,1,-1,1,-1,1,-1,1,1,-1,-1,1,-1,-1,1,-1,1,1,1,1,1,-1,-1,1,1,1,-1,1,1,1,-1,-1,1,1,1,0.025,-72.0,1
180,1,-1,1,-1,1,-1,1,-1,1,-1,-1,1,-1,-1,1,1,-1,1,1,-1,1,-1,1,1,1,-1,1,1,-1,-1,1,1,-1,1,1,-1,1,-1,-1,-1,0.025,-60.0,1
181,-1,1,1,1,-1,-1,1,-1,-1,-1,-1,-1,-1,-1,-1,-1,1,-1,-1,-1,1,-1,-1,-1,-1,1,1,1,1,1,1,-1,-1,1,1,1,1,-1,1,1,0.0,-66.0,1
182,1,-1,1,1,1,-1,1,-1,1,-1,1,-1,-1,-1,-1,-1,1,-1,-1,-1,-1,1,1,1,1,-1,1,1,1,1,1,-1,1,1,1,-1,1,1,1,1,0.0,-66.0,1
183,1,-1,1,1,-1,-1,-1,1,1,-1,1,-1,1,1,-1,1,1,-1,-1,1,-1,1,1,1,1,1,-1,-1,1,1,1,-1,-1,-1,1,1,1,-1,1,1,0.0,-66.0,1
184,-1,-1,1,1,-1,1,-1,1,-1,-1,-1,-1,-1,-1,-1,1,-1,-1,1,-1,1,-1,-1,1,-1,1,1,1,1,1,1,-1,-1,-1,-1,1,1,-1,1,1,0.0,-66.0,1
185,-1,-1,1,1,-1,1,-1,1,1,-1,-1,-1,1,1,-1,-1,1,1,-1,1,1,-1,-1,1,1,1,-1,-1,1,1,-1,-1,1,-1,1,1,1,-1,1,1,0.0,-66.0,1
186,-1,1,-1,-1,1,-1,1,-1,-1,1,1,1,-1,-1,1,-1,-1,1,1,1,-1,1,1,-1,-1,-1,1,1,-1,-1,1,1,-1,1,-1,-1,-1,1,-1,-1,0.0,-66.0,1
187,1,-1,1,1,-1,1,-1,1,1,-1,-1,1,-1,-1,-1,-1,1,-1,1,-1,1,-1,1,1,1,-1,1,1,1,1,-1,1,1,-1,1,1,1,-1,1,1,0.0,-66.0,1
188,1,-1,1,1,-1,1,-1,1,-1,-1,-1,-1,-1,-1,1,1,1,1,-1,1,1,-1,-1,1,1,1,1,1,-1,1,-1,1,-1,-1,-1,1,1,-1,-1,-1,0.0,-66.0,1
189,-1,-1,1,1,-1,-1,-1,1,-1,-1,-1,-1,-1,-1,1,1,-1,1,-1,-1,1,-1,-1,1,-1,1,1,1,-1,1,1,-1,-1,-1,1,1,1,-1,-1,-1,0.0,-66.0,1
190,-1,1,1,1,-1,1,-1,1,-1,1,-1,1,1,1,1,1,-1,1,-1,1,1,-1,-1,-1,1,1,-1,-1,-1,-1,-1,-1,-1,-1,-1,1,1,-1,-1,-1,0.0,-66.0,1
191,-1,-1,1,-1,-1,-1,-1,1,-1,-1,-1,-1,-1,-1,1,1,1,1,-1,-1,1,-1,-1,1,-1,1,1,1,-1,1,1,-1,-1,-1,1,1,1,-1,-1,-1,0.0,-66.0,1
192,-1,1,1,1,-1,-1,-1,-1,-1,-1,-1,-1,-1,-1,-1,1,1,-1,1,1,1,-1,-1,-1,-1,1,1,1,-1,1,1,-1,-1,-1,1,1,1,-1,1,1,0.0,-66.0,1
193,1,-1,-1,-1,1,-1,1,-1,1,-1,-1,-1,-1,-1,1,1,-1,-1,-1,-1,1,-1,-1,1,1,-1,1,1,-1,1,1,-1,-1,1,1,-1,-1,1,-1,-1,0.0,-66.0,1
194,-1,1,1,1,-1,-1,1,-1,-1,-1,-1,-1,-1,-1,-1,1,1,-1,1,1,1,-1,-1,-1,-1,1,1,1,-1,1,1,-1,-1,1,1,1,1,-1,1,1,0.0,-66.0,1
195,-1,1,-1,-1,1,-1,-1,-1,-1,-1,-1,-1,-1,-1,1,1,1,1,1,-1,1,-1,-1,-1,-1,1,1,1,-1,1,1,1,-1,1,-1,-1,-1,1,-1,-1,0.0,-66.0,1
196,1,1,-1,-1,1,-1,1,-1,1,-1,-1,-1,-1,-1,1,1,1,1,1,1,1,-1,1,1,1,-1,1,1,-1,1,1,-1,-1,1,1,-1,-1,1,-1,-1,0.0,-66.0,1
197,1,-1,1,1,-1,-1,1,1,-1,-1,-1,-1,-1,-1,1,1,-1,1,-1,-1,1,-1,-1,1,1,1,1,1,-1,1,1,-1,-1,1,1,1,1,-1,-1,-1,0.0,-66.0,1
198,1,-1,1,1,-1,-1,-1,1,-1,-1,-1,-1,-1,-1,-1,1,1,-1,-1,1,1,-1,-1,1,1,1,1,1,-1,1,1,-1,-1,-1,1,1,1,-1,1,1,0.0,-66.0,1
199,1,-1,-1,-1,1,-1,1,-1,1,-1,-1,1,-1,-1,-1,1,1,-1,1,1,1,-1,1,1,1,-1,1,1,-1,1,1,-1,-1,1,1,-1,-1,1,1,1,0.0,-66.0,1
200,-1,-1,1,1,-1,-1,-1,1,-1,-1,-1,-1,-1,-1,-1,1,1,1,1,1,1,-1,-1,1,-1,1,1,1,-1,1,1,-1,-1,-1,1,1,1,-1,1,1,0.0,-66.0,1
201,-1,1,1,1,-1,1,-1,1,-1,1,1,1,-1,-1,1,1,1,1,-1,-1,-1,1,1,-1,-1,-1,1,1,-1,1,-1,1,-1,-1,-1,1,1,-1,-1,-1,0.025,-62.0,1
202,1,-1,-1,-1,1,-1,1,-1,1,-1,1,-1,1,1,-1,-1,1,1,-1,1,-1,1,1,1,1,-1,-1,-1,1,1,1,-1,1,1,1,-1,-1,-1,1,1,0.025,-66.0,1
203,1,-1,-1,-1,1,-1,1,-1,1,-1,-1,-1,-1,-1,-1,-1,1,-1,1,-1,1,-1,-1,1,1,-1,1,1,1,1,1,-1,1,1,1,-1,-1,1,1,1,0.025,-78.0,1
204,1,-1,1,-1,-1,1,-1,1,1,1,-1,1,1,1,1,1,-1,1,-1,1,1,-1,1,1,1,1,-1,-1,-1,-1,-1,-1,-1,-1,1,1,1,-1,-1,-1,0.025,-64.0,1
205,1,-1,1,1,-1,-1,1,1,1,-1,-1,-1,1,1,-1,-1,-1,-1,-1,1,1,-1,-1,1,1,1,-1,-1,1,1,1,-1,1,1,1,1,1,-1,1,1,0.0,-64.0,1
206,1,-1,1,1,-1,-1,1,-1,-1,-1,-1,-1,-1,-1,1,1,-1,1,1,-1,1,-1,1,1,1,-1,1,1,-1,-1,1,-1,-1,1,1,1,1,-1,-1,-1,0.0,-64.0,1
207,-1,-1,1,1,-1,-1,1,-1,-1,-1,-1,-1,-1,-1,-1,-1,-1,-1,1,-1,1,-1,-1,1,-1,1,1,1,1,1,1,-1,1,1,1,1,1,-1,1,1,0.0,-64.0,1
208,-1,1,1,1,-1,1,-1,1,1,-1,1,-1,1,1,-1,1,1,-1,-1,1,-1,1,1,-1,-1,1,-1,-1,1,1,-1,-1,-1,-1,-1,1,1,-1,1,1,0.0,-64.0,1
209,-1,1,-1,-1,1,-1,-1,-1,-1,-1,1,-1,-1,-1,1,1,-1,1,1,-1,-1,1,1,-1,-1,1,1,1,1,-1,1,1,-1,1,-1,-1,-1,1,-1,-1,0.0,-64.0,1
210,-1,1,1,1,-1,-1,-1,1,-1,-1,-1,-1,-1,-1,-1,1,-1,1,-1,-1,1,-1,-1,-1,-1,1,1,1,-1,1,1,-1,-1,-1,1,1,1,-1,-1,-1,0.0,-64.0,1
211,1,-1,-1,-1,1,-1,1,-1,1,-1,-1,1,-1,-1,1,1,1,1,1,1,1,-1,1,1,1,-1,1,1,-1,1,1,-1,-1,1,1,-1,-1,1,-1,-1,0.025,-70.0,1
212,1,-1,1,1,-1,1,1,1,1,-1,1,-1,1,1,-1,-1,1,1,-1,1,-1,1,1,1,1,-1,-1,-1,1,1,1,-1,1,-1,1,1,1,-1,1,1,0.0,-62.0,1
213,-1,1,1,1,1,-1,1,-1,-1,-1,1,1,-1,-1,1,1,1,1,1,-1,-1,1,1,-1,-1,-1,1,1,-1,-1,1,1,-1,1,1,-1,1,1,-1,-1,0.0,-62.0,1
214,-1,1,-1,-1,1,-1,1,-1,-1,1,-1,1,-1,-1,-1,-1,1,-1,-1,-1,1,1,-1,-1,-1,-1,1,1,-1,1,1,1,1,1,-1,-1,-1,1,1,1,0.0,-62.0,1
215,-1,-1,1,1,-1,-1,1,1,-1,-1,-1,-1,-1,-1,-1,1,1,-1,1,1,1,-1,-1,-1,1,1,1,1,-1,1,1,-1,-1,-1,1,1,1,-1,1,1,0.0,-62.0,1
216,-1,1,1,1,-1,-1,1,-1,-1,-1,-1,-1,-1,-1,-1,1,1,1,-1,-1,1,-1,-1,-1,-1,1,1,1,-1,1,1,-1,-1,1,1,1,1,-1,1,-1,0.0,-62.0,1
217,-1,-1,1,1,-1,-1,-1,1,-1,-1,-1,-1,-1,-1,-1,1,1,-1,-1,-1,1,-1,-1,1,-1,1,1,1,-1,1,1,-1,-1,1,1,1,1,-1,1,1,0.0,-62.0,1
218,1,1,1,-1,-1,-1,1,-1,1,-1,-1,1,-1,-1,1,1,1,1,1,1,1,-1,1,1,1,-1,1,1,-1,1,1,-1,-1,-1,1,-1,1,-1,-1,-1,0.0,-62.0,1
219,1,-1,-1,-1,1,-1,1,-1,1,-1,-1,-1,-1,-1,-1,1,1,-1,-1,-1,1,-1,-1,1,1,-1,1,1,1,1,1,-1,1,1,1,-1,-1,1,1,1,0.025,-70.0,1
