,0,1,2,3,4,5,6,7,8,9,10,11,12,13,14,15,16,17,18,19,20,21,22,23,24,25,26,27,28,29,30,31,32,33,34,35,36,37,38,39,chain_break_fraction,energy,num_occurrences
0,1,1,1,-1,1,1,1,1,-1,-1,-1,-1,1,-1,1,1,-1,1,-1,1,1,1,1,-1,-1,1,-1,1,1,1,1,1,1,-1,1,1,-1,1,1,1,0.0,-172.98559740062646,12
1,-1,-1,-1,1,-1,-1,-1,-1,1,1,1,1,-1,1,-1,-1,1,-1,1,-1,-1,-1,-1,1,1,-1,1,-1,-1,-1,-1,-1,-1,1,-1,-1,1,-1,-1,-1,0.0,-172.98559740062646,12
2,-1,-1,-1,1,-1,-1,-1,-1,1,-1,1,1,-1,1,-1,-1,1,-1,1,-1,-1,-1,-1,1,1,-1,1,-1,-1,-1,-1,-1,-1,1,-1,-1,-1,-1,-1,-1,0.0,-172.8676973807932,8
3,1,1,1,-1,1,1,1,1,-1,1,-1,-1,1,-1,1,1,-1,1,-1,1,1,1,1,-1,-1,1,-1,1,1,1,1,1,1,-1,1,1,1,1,1,1,0.0,-172.8676973807932,1
4,1,1,1,-1,1,1,1,1,-1,1,-1,-1,1,-1,1,1,-1,1,-1,1,-1,1,1,-1,-1,1,-1,1,1,1,1,1,1,-1,1,1,-1,1,-1,1,0.0,-172.38887186678525,14
5,-1,-1,-1,1,-1,-1,-1,-1,1,-1,1,1,-1,1,-1,-1,1,-1,1,-1,1,-1,-1,1,1,-1,1,-1,-1,-1,-1,-1,-1,1,-1,-1,1,-1,1,-1,0.0,-172.38887186678525,18
6,-1,-1,-1,1,-1,-1,-1,-1,1,-1,1,1,-1,1,-1,-1,1,-1,1,1,-1,-1,-1,1,1,-1,1,-1,-1,-1,-1,-1,-1,1,-1,-1,-1,-1,-1,-1,0.0,-171.35193348976784,6
7,1,1,1,-1,1,1,1,1,-1,1,-1,-1,1,-1,1,1,-1,1,-1,-1,1,1,1,-1,-1,1,-1,1,1,1,1,1,1,-1,1,1,1,1,1,1,0.0,-171.35193348976784,1
8,-1,-1,-1,1,-1,-1,-1,-1,1,1,1,1,-1,1,-1,-1,1,-1,1,-1,1,-1,-1,1,1,-1,1,-1,-1,-1,-1,-1,-1,1,-1,-1,1,-1,1,-1,0.0,-170.87552756577966,6
9,1,1,1,-1,1,1,1,1,-1,-1,-1,-1,1,-1,1,1,-1,1,-1,1,-1,1,1,-1,-1,1,-1,1,1,1,1,1,1,-1,1,1,-1,1,-1,1,0.0,-170.87552756577966,5
10,-1,-1,-1,1,-1,-1,-1,-1,1,-1,1,1,-1,1,-1,-1,1,-1,1,-1,-1,-1,-1,1,1,-1,1,-1,-1,-1,-1,-1,-1,1,-1,-1,1,-1,-1,-1,0.0,-170.69930520891697,7
11,1,1,1,-1,1,1,1,1,-1,1,-1,-1,1,-1,1,1,-1,1,-1,1,1,1,1,-1,-1,1,-1,1,1,1,1,1,1,-1,1,1,-1,1,1,1,0.0,-170.69930520891697,1
12,-1,-1,-1,-1,-1,-1,-1,-1,1,1,1,1,-1,1,-1,-1,1,-1,1,1,-1,-1,-1,1,1,-1,1,-1,-1,-1,-1,-1,-1,1,-1,-1,1,-1,-1,-1,0.0,-169.79900498850415,2
13,1,1,1,1,1,1,1,1,-1,-1,-1,-1,1,-1,1,1,-1,1,-1,-1,1,1,1,-1,-1,1,-1,1,1,1,1,1,1,-1,1,1,-1,1,1,1,0.0,-169.79900498850415,1
14,-1,-1,-1,-1,-1,-1,-1,-1,1,-1,1,1,-1,1,-1,-1,1,-1,1,1,-1,-1,-1,1,1,-1,1,-1,-1,-1,-1,-1,-1,1,-1,-1,-1,-1,-1,-1,0.0,-169.5675620352977,2
15,1,1,1,1,1,1,1,1,-1,1,-1,-1,1,-1,1,1,-1,1,-1,-1,1,1,1,-1,-1,1,-1,1,1,1,1,1,1,-1,1,1,1,1,1,1,0.0,-169.5675620352977,2
16,-1,-1,-1,1,-1,-1,-1,-1,1,1,1,1,-1,1,-1,-1,1,-1,1,1,-1,-1,-1,1,1,-1,1,-1,-1,-1,-1,-1,-1,1,-1,-1,1,-1,-1,-1,0.0,-169.38160138298005,3
17,1,1,1,-1,1,1,1,1,-1,-1,-1,-1,1,-1,1,1,-1,1,-1,-1,1,1,1,-1,-1,1,-1,1,1,1,1,1,1,-1,1,1,-1,1,1,1,0.0,-169.38160138298005,2
18,-1,-1,-1,1,-1,-1,-1,-1,1,1,1,1,-1,1,-1,-1,1,-1,1,-1,-1,-1,-1,1,1,-1,1,-1,-1,-1,-1,1,-1,1,-1,-1,1,-1,-1,-1,0.0,-169.37271593846347,3
19,1,1,1,-1,1,1,1,1,-1,-1,-1,-1,1,-1,1,1,-1,1,-1,1,1,1,1,-1,-1,1,-1,1,1,1,1,-1,1,-1,1,1,-1,1,1,1,0.0,-169.37271593846347,4
20,1,1,1,1,1,1,1,1,-1,-1,-1,-1,1,-1,1,1,-1,1,-1,1,1,1,1,-1,-1,1,-1,1,1,1,1,1,1,-1,1,1,-1,1,1,1,0.0,-169.27631528086349,1
21,-1,-1,-1,-1,-1,-1,-1,-1,1,1,1,1,-1,1,-1,-1,1,-1,1,-1,-1,-1,-1,1,1,-1,1,-1,-1,-1,-1,-1,-1,1,-1,-1,1,-1,-1,-1,0.0,-169.27631528086349,2
22,1,1,1,-1,1,1,1,1,-1,-1,-1,-1,1,-1,1,-1,-1,1,-1,1,1,1,1,-1,-1,1,-1,1,1,1,1,1,1,-1,1,1,-1,1,1,1,0.0,-169.15131841236908,2
23,-1,-1,-1,1,-1,-1,-1,-1,1,1,1,1,-1,1,-1,1,1,-1,1,-1,-1,-1,-1,1,1,-1,1,-1,-1,-1,-1,-1,-1,1,-1,-1,1,-1,-1,-1,0.0,-169.15131841236908,6
24,1,1,1,-1,1,1,1,1,-1,-1,-1,-1,1,-1,1,1,-1,1,-1,1,-1,1,1,-1,-1,1,-1,1,1,1,1,1,1,-1,1,1,-1,1,1,1,0.0,-169.01328531588794,3
25,-1,-1,-1,1,-1,-1,-1,-1,1,1,1,1,-1,1,-1,-1,1,-1,1,-1,1,-1,-1,1,1,-1,1,-1,-1,-1,-1,-1,-1,1,-1,-1,1,-1,-1,-1,0.0,-169.01328531588794,5
26,1,1,1,-1,1,1,-1,1,-1,1,1,-1,1,-1,1,1,1,1,-1,1,-1,1,1,-1,-1,-1,1,1,1,1,1,-1,-1,-1,1,1,-1,-1,1,1,0.0,-168.94709297161876,1
27,-1,-1,-1,1,-1,-1,1,-1,1,-1,-1,1,-1,1,-1,-1,-1,-1,1,-1,1,-1,-1,1,1,1,-1,-1,-1,-1,-1,1,1,1,-1,-1,1,1,-1,-1,0.0,-168.94709297161876,6
28,1,1,1,-1,1,1,1,1,-1,1,-1,-1,1,-1,1,1,-1,1,-1,1,1,1,1,-1,-1,1,-1,1,1,1,1,1,1,-1,1,1,-1,1,-1,1,0.0,-168.8260890920797,1
29,-1,-1,-1,1,-1,-1,-1,-1,1,1,1,1,-1,1,-1,-1,1,-1,1,1,-1,-1,-1,1,1,-1,1,-1,-1,-1,-1,-1,-1,1,-1,-1,-1,-1,-1,-1,0.0,-168.8232700400997,2
30,1,1,1,-1,1,1,1,1,-1,-1,-1,-1,1,-1,1,1,-1,1,-1,1,1,1,1,-1,-1,1,-1,1,1,1,1,1,1,-1,1,1,-1,1,-1,1,0.0,-168.6738854186783,1
31,-1,-1,-1,1,-1,-1,-1,-1,1,1,1,1,-1,1,-1,1,1,-1,1,-1,-1,-1,-1,1,1,-1,1,-1,-1,-1,-1,1,-1,1,-1,-1,1,-1,-1,-1,0.0,-168.54263340210164,2
32,1,1,1,-1,1,1,1,1,-1,-1,-1,-1,1,-1,1,-1,-1,1,-1,1,1,1,1,-1,-1,1,-1,1,1,1,1,-1,1,-1,1,1,-1,1,1,1,0.0,-168.54263340210164,4
33,-1,-1,-1,-1,-1,-1,-1,-1,1,-1,1,1,-1,1,-1,-1,1,-1,1,-1,-1,-1,-1,1,1,-1,1,-1,-1,-1,-1,-1,-1,1,-1,-1,1,-1,-1,-1,0.0,-168.3258059986696,3
34,-1,-1,-1,-1,-1,-1,-1,-1,1,-1,1,1,-1,1,-1,-1,1,-1,1,-1,1,-1,-1,1,1,-1,1,-1,-1,-1,-1,-1,-1,1,-1,-1,1,-1,1,-1,0.0,-168.15572560676517,2
35,-1,-1,-1,1,-1,-1,-1,-1,1,-1,1,1,-1,1,-1,-1,1,-1,1,-1,1,-1,-1,1,1,-1,1,-1,-1,-1,-1,-1,-1,1,-1,-1,1,-1,-1,-1,0.0,-168.0881337517827,2
36,-1,-1,-1,-1,-1,-1,-1,-1,1,-1,1,1,-1,1,-1,-1,1,1,1,-1,-1,-1,-1,1,1,-1,1,1,-1,-1,-1,-1,-1,1,-1,1,-1,-1,-1,-1,0.0,-167.94883095185133,4
37,1,1,1,1,1,1,1,1,-1,1,-1,-1,1,-1,1,1,-1,-1,-1,1,1,1,1,-1,-1,1,-1,-1,1,1,1,1,1,-1,1,-1,1,1,1,1,0.0,-167.94883095185133,4
38,1,1,1,-1,1,1,1,1,-1,-1,-1,-1,1,-1,1,-1,-1,1,-1,-1,1,1,1,-1,-1,1,-1,1,1,1,1,1,1,-1,1,1,-1,1,1,1,0.0,-167.92635274441616,1
39,-1,-1,-1,1,-1,-1,-1,-1,1,1,1,1,-1,1,-1,1,1,-1,1,1,-1,-1,-1,1,1,-1,1,-1,-1,-1,-1,-1,-1,1,-1,-1,1,-1,-1,-1,0.0,-167.92635274441616,1
40,1,1,1,-1,1,1,1,1,-1,-1,-1,-1,1,-1,1,1,-1,1,-1,-1,-1,1,1,-1,-1,1,-1,1,1,1,1,1,1,-1,1,1,-1,1,-1,1,0.0,-167.83509657427172,3
41,-1,-1,-1,-1,-1,-1,-1,-1,1,-1,1,1,-1,1,-1,-1,1,-1,1,1,1,-1,-1,1,1,-1,1,-1,-1,-1,-1,-1,-1,1,-1,-1,1,-1,1,-1,0.0,-167.6939429026847,3
42,-1,-1,-1,-1,-1,-1,-1,-1,1,-1,1,1,-1,1,-1,-1,1,-1,1,1,-1,-1,-1,1,1,-1,1,-1,-1,-1,-1,-1,-1,1,-1,-1,1,-1,-1,-1,0.0,-167.3004582684508,2
43,1,1,1,1,1,1,1,1,-1,1,-1,-1,1,-1,1,1,-1,-1,-1,-1,1,1,1,-1,-1,1,-1,-1,1,1,1,1,1,-1,1,1,1,1,1,1,0.0,-166.74192301233248,1
44,1,1,1,1,1,1,1,1,-1,-1,-1,-1,1,-1,1,1,-1,1,-1,-1,-1,1,1,-1,-1,1,-1,1,1,1,1,1,1,-1,1,1,-1,1,-1,1,0.0,-166.39285313002296,1
45,1,1,1,1,1,1,1,1,-1,1,-1,-1,-1,-1,1,1,-1,1,-1,-1,-1,1,1,-1,-1,1,-1,1,1,1,1,1,1,-1,1,1,-1,1,-1,1,0.0,-166.32980774488664,1
46,-1,-1,-1,-1,-1,-1,-1,-1,1,-1,1,1,1,1,-1,-1,1,-1,1,1,1,-1,-1,1,1,-1,1,-1,-1,-1,-1,-1,-1,1,-1,-1,1,-1,1,-1,0.0,-166.32980774488664,1
47,-1,-1,-1,-1,-1,-1,-1,-1,1,-1,1,1,-1,1,-1,-1,1,1,1,1,-1,-1,-1,1,1,-1,1,1,-1,-1,-1,-1,-1,1,-1,1,-1,-1,-1,-1,0.0,-166.27346739434228,5
48,1,1,1,-1,1,1,-1,1,-1,1,-1,-1,1,-1,1,1,1,1,-1,-1,-1,1,1,-1,-1,-1,1,1,1,1,1,1,-1,-1,1,1,1,-1,1,1,0.0,-166.23017249639219,1
49,-1,-1,-1,1,-1,-1,1,-1,1,-1,1,1,-1,1,-1,-1,-1,-1,1,1,1,-1,-1,1,1,1,-1,-1,-1,-1,-1,-1,1,1,-1,-1,-1,1,-1,-1,0.0,-166.23017249639219,4
50,-1,-1,-1,-1,-1,-1,-1,-1,1,1,1,1,-1,1,-1,1,1,-1,1,1,-1,-1,-1,1,1,-1,1,-1,-1,-1,-1,-1,-1,1,-1,-1,1,-1,-1,-1,0.0,-166.18169470429936,1
51,-1,1,-1,1,1,-1,1,1,-1,-1,-1,1,1,1,-1,-1,-1,-1,-1,1,1,1,1,-1,1,1,-1,-1,-1,-1,-1,1,1,-1,1,-1,1,1,1,1,0.0,-165.98521330155285,1
52,1,-1,1,-1,-1,1,-1,-1,1,1,1,-1,-1,-1,1,1,1,1,1,-1,-1,-1,-1,1,-1,-1,1,1,1,1,1,-1,-1,1,-1,1,-1,-1,-1,-1,0.0,-165.98521330155285,4
53,1,1,1,-1,1,1,-1,1,-1,-1,-1,-1,1,-1,1,1,-1,1,-1,-1,-1,1,1,-1,-1,1,-1,1,1,1,1,1,-1,-1,1,1,-1,-1,-1,-1,0.0,-165.8848246418815,7
54,-1,-1,-1,1,-1,-1,1,-1,1,1,1,1,-1,1,-1,-1,1,-1,1,1,1,-1,-1,1,1,-1,1,-1,-1,-1,-1,-1,1,1,-1,-1,1,1,1,1,0.0,-165.8848246418815,2
55,1,1,1,-1,1,1,-1,1,-1,1,1,-1,1,-1,1,1,1,1,-1,1,-1,1,1,-1,-1,-1,1,1,1,1,1,-1,-1,1,1,1,-1,-1,1,1,0.0,-165.77486582994328,1
56,1,1,1,1,1,1,1,1,-1,1,-1,-1,1,-1,1,1,-1,-1,-1,1,1,1,1,-1,1,1,-1,-1,1,1,1,1,1,-1,1,-1,1,1,1,1,0.0,-165.7414200624293,2
57,1,1,1,1,1,1,-1,1,-1,-1,-1,-1,1,-1,1,1,-1,1,-1,-1,-1,1,1,-1,-1,1,-1,1,1,1,1,1,-1,-1,1,1,-1,-1,-1,-1,0.0,-165.61375280985618,1
58,-1,-1,-1,-1,-1,-1,1,-1,1,1,1,1,-1,1,-1,-1,1,-1,1,1,1,-1,-1,1,1,-1,1,-1,-1,-1,-1,-1,1,1,-1,-1,1,1,1,1,0.0,-165.61375280985618,1
59,-1,-1,-1,1,-1,-1,-1,-1,1,1,1,1,-1,1,-1,-1,1,-1,1,1,1,-1,-1,1,1,-1,1,-1,-1,-1,-1,-1,-1,1,-1,-1,1,-1,-1,-1,0.0,-165.57798401859773,1
60,-1,-1,-1,1,-1,-1,-1,-1,1,-1,1,1,-1,1,-1,1,1,-1,1,-1,-1,-1,-1,1,1,-1,1,-1,-1,-1,-1,-1,-1,1,-1,-1,1,-1,-1,-1,0.0,-165.5308557956541,1
61,1,1,1,-1,1,1,1,1,-1,-1,-1,-1,1,-1,1,1,-1,1,-1,-1,1,1,1,-1,-1,1,-1,1,1,1,1,1,1,-1,1,1,-1,1,-1,1,0.0,-165.46475970681433,1
62,-1,-1,-1,-1,-1,-1,-1,-1,1,1,1,1,-1,1,-1,-1,1,-1,1,1,1,-1,-1,1,1,-1,1,-1,-1,-1,-1,-1,-1,1,-1,-1,1,-1,-1,-1,0.0,-165.36087249311194,1
63,-1,-1,-1,1,-1,-1,1,-1,1,1,1,1,-1,1,-1,1,1,-1,-1,1,1,-1,-1,1,1,1,-1,-1,-1,-1,-1,1,1,1,-1,-1,1,1,-1,-1,0.0,-165.24095687343987,1
64,-1,-1,-1,1,-1,-1,1,-1,1,-1,1,1,-1,1,-1,-1,-1,-1,1,-1,1,-1,-1,1,1,1,-1,-1,-1,-1,-1,1,1,1,-1,1,1,1,-1,-1,0.0,-165.23716769815343,1
65,1,1,1,-1,1,1,-1,1,-1,1,-1,-1,1,-1,1,1,1,1,-1,1,-1,1,1,-1,-1,-1,1,1,1,1,1,-1,-1,-1,1,-1,-1,-1,1,1,0.0,-165.23716769815343,1
66,-1,-1,-1,-1,-1,-1,-1,-1,1,-1,1,1,-1,1,-1,-1,1,-1,1,-1,1,-1,-1,1,1,-1,1,-1,-1,-1,-1,-1,-1,1,-1,-1,1,-1,-1,-1,0.0,-165.08011941052555,2
67,-1,-1,-1,1,-1,-1,-1,-1,1,-1,-1,1,-1,1,-1,-1,1,-1,1,-1,-1,-1,-1,1,1,-1,1,-1,-1,-1,-1,-1,-1,1,-1,-1,1,-1,-1,-1,0.0,-164.84221889817476,1
68,-1,-1,-1,1,-1,-1,-1,-1,1,1,1,1,-1,1,-1,-1,1,-1,-1,-1,1,-1,-1,1,1,-1,1,-1,-1,-1,-1,-1,-1,1,-1,-1,1,-1,1,-1,0.0,-164.70974234601857,1
69,-1,-1,-1,1,-1,-1,-1,-1,1,-1,1,1,-1,-1,-1,-1,1,-1,1,-1,-1,-1,-1,1,1,-1,1,-1,-1,-1,-1,-1,-1,1,-1,-1,-1,-1,-1,-1,0.0,-164.70100607883134,2
70,-1,-1,-1,-1,-1,-1,-1,-1,1,1,1,1,-1,1,-1,-1,1,-1,1,-1,1,-1,-1,1,1,-1,1,-1,-1,-1,-1,-1,-1,1,-1,-1,1,-1,-1,-1,0.0,-164.6694880651153,3
71,-1,-1,-1,-1,-1,-1,-1,-1,1,1,1,1,-1,1,-1,-1,1,-1,1,1,1,-1,-1,1,1,-1,1,-1,-1,-1,-1,-1,-1,1,-1,-1,1,-1,1,1,0.0,-164.64107859937792,1
72,1,1,1,1,1,1,1,1,-1,1,-1,-1,1,-1,1,-1,-1,-1,-1,1,1,1,1,-1,-1,1,-1,-1,1,1,1,1,1,-1,1,-1,-1,1,1,1,0.0,-164.62488149324616,1
73,-1,-1,-1,-1,-1,-1,-1,-1,1,-1,1,1,-1,1,-1,1,1,1,1,-1,-1,-1,-1,1,1,-1,1,1,-1,-1,-1,-1,-1,1,-1,1,1,-1,-1,-1,0.0,-164.62488149324616,2
74,-1,-1,-1,1,-1,-1,1,-1,1,-1,-1,1,-1,1,-1,-1,-1,-1,1,-1,1,-1,-1,1,1,1,-1,-1,-1,-1,-1,-1,1,1,-1,-1,1,1,-1,-1,0.0,-164.60808643754262,6
75,-1,-1,-1,1,-1,-1,-1,-1,1,1,1,1,-1,1,-1,-1,1,-1,1,1,1,-1,-1,1,1,-1,1,-1,-1,-1,-1,-1,-1,1,-1,-1,1,-1,1,1,0.0,-164.58394214534127,1
76,1,-1,1,1,1,-1,-1,1,1,1,1,1,-1,-1,-1,-1,1,-1,1,1,-1,-1,1,-1,-1,-1,1,-1,-1,-1,-1,-1,-1,1,-1,-1,-1,-1,1,1,0.0,-164.54774739290096,1
77,1,1,-1,1,1,-1,1,1,-1,1,-1,-1,1,-1,-1,-1,-1,-1,-1,1,1,1,1,-1,1,1,-1,-1,1,-1,1,1,1,-1,1,-1,1,1,1,1,0.0,-164.50159515106253,1
78,-1,-1,1,-1,-1,1,-1,-1,1,-1,1,1,-1,1,1,1,1,1,1,-1,-1,-1,-1,1,-1,-1,1,1,-1,1,-1,-1,-1,1,-1,1,-1,-1,-1,-1,0.0,-164.50159515106253,2
79,1,1,1,-1,1,1,-1,1,-1,-1,-1,-1,1,-1,1,1,-1,1,-1,1,-1,1,1,-1,-1,1,-1,1,1,1,1,1,1,-1,1,1,-1,1,1,1,0.0,-164.3929833476345,1
80,-1,-1,-1,1,-1,-1,1,-1,1,1,1,1,-1,1,-1,-1,1,-1,1,-1,1,-1,-1,1,1,-1,1,-1,-1,-1,-1,-1,-1,1,-1,-1,1,-1,-1,-1,0.0,-164.3929833476345,3
81,1,1,1,-1,1,1,-1,1,-1,1,1,-1,1,-1,1,1,1,1,-1,1,-1,1,1,-1,-1,-1,1,1,1,1,1,-1,-1,-1,1,1,-1,-1,1,-1,0.0,-164.38628121093913,1
82,-1,-1,-1,1,-1,-1,1,-1,1,-1,-1,1,-1,1,-1,-1,-1,-1,1,-1,1,-1,-1,1,1,1,-1,-1,-1,-1,-1,1,1,1,-1,-1,1,1,-1,1,0.0,-164.38628121093913,1
83,1,1,1,-1,1,1,-1,1,1,-1,-1,-1,1,-1,1,1,-1,1,1,-1,-1,1,1,-1,-1,-1,1,1,1,1,1,1,-1,-1,1,1,-1,1,-1,-1,0.0,-164.3644938528687,1
84,-1,-1,-1,1,-1,-1,1,-1,-1,1,1,1,-1,1,-1,-1,1,-1,-1,1,1,-1,-1,1,1,1,-1,-1,-1,-1,-1,-1,1,1,-1,-1,1,-1,1,1,0.0,-164.3644938528687,1
85,-1,-1,-1,1,-1,-1,-1,-1,1,1,1,1,-1,1,-1,1,1,-1,-1,-1,-1,-1,-1,1,1,-1,1,-1,-1,-1,-1,1,-1,1,-1,-1,1,-1,-1,-1,0.0,-164.3430731516618,3
86,-1,1,-1,1,-1,-1,1,1,-1,-1,-1,1,1,1,-1,-1,-1,-1,-1,1,1,1,1,-1,1,1,-1,-1,-1,-1,-1,1,1,-1,1,-1,1,1,1,1,0.0,-164.32013600586964,2
87,1,-1,1,-1,1,1,-1,-1,1,1,1,-1,-1,-1,1,1,1,1,1,-1,-1,-1,-1,1,-1,-1,1,1,1,1,1,-1,-1,1,-1,1,-1,-1,-1,-1,0.0,-164.32013600586964,2
88,1,1,1,1,1,1,1,1,-1,1,-1,-1,1,-1,1,1,-1,-1,-1,1,1,1,1,-1,-1,1,-1,-1,1,1,1,1,1,-1,1,-1,-1,1,1,1,0.0,-164.2511508532429,1
89,-1,-1,-1,-1,-1,-1,-1,-1,1,-1,1,1,-1,1,-1,-1,1,1,1,-1,-1,-1,-1,1,1,-1,1,1,-1,-1,-1,-1,-1,-1,-1,1,-1,-1,-1,-1,0.025,-163.70859102165633,3
90,-1,-1,-1,-1,-1,-1,-1,-1,1,-1,1,1,-1,1,-1,-1,1,-1,1,1,1,-1,-1,1,1,-1,1,-1,-1,-1,-1,-1,-1,1,-1,-1,1,-1,-1,-1,0.0,-164.22346640066283,1
91,-1,-1,-1,1,-1,-1,-1,-1,1,-1,1,1,-1,1,-1,-1,1,-1,1,-1,-1,-1,-1,1,1,-1,1,-1,-1,-1,-1,1,-1,1,-1,-1,1,-1,-1,-1,0.0,-164.21348413467598,2
92,1,1,1,1,1,1,1,1,-1,1,-1,-1,1,-1,1,1,-1,-1,-1,-1,1,1,1,-1,-1,1,-1,-1,1,1,1,1,1,1,1,1,1,1,1,1,0.0,-164.18340870585826,1
93,-1,-1,-1,1,-1,-1,-1,-1,-1,-1,1,1,-1,1,-1,-1,1,-1,1,1,1,-1,-1,1,1,-1,1,-1,-1,-1,-1,-1,1,1,-1,-1,1,-1,1,1,0.0,-164.10965063315007,3
94,-1,-1,-1,1,-1,-1,1,-1,1,1,1,1,-1,1,-1,-1,1,-1,1,-1,1,-1,-1,1,1,1,-1,-1,-1,-1,-1,1,1,1,-1,-1,1,1,-1,-1,0.0,-164.0500619326382,1
95,1,1,1,-1,1,1,-1,1,-1,-1,-1,-1,1,-1,1,1,-1,1,-1,1,-1,1,1,-1,-1,1,-1,1,1,1,1,1,1,-1,1,1,-1,1,-1,1,0.025,-159.91624850888422,2
96,-1,-1,-1,1,-1,-1,1,-1,1,1,1,1,-1,1,-1,-1,1,-1,1,-1,1,-1,-1,1,1,-1,1,-1,-1,-1,-1,-1,-1,1,-1,-1,1,-1,1,-1,0.025,-159.91624850888422,2
97,1,1,1,1,1,1,-1,1,-1,1,-1,-1,1,-1,1,-1,1,-1,1,1,1,1,1,-1,-1,-1,1,-1,1,-1,1,-1,-1,1,1,-1,-1,-1,1,1,0.0,-163.97842331196213,1
98,-1,-1,-1,-1,-1,-1,1,-1,1,-1,1,1,-1,1,-1,1,-1,1,-1,-1,-1,-1,-1,1,1,1,-1,1,-1,1,-1,1,1,-1,-1,1,1,1,-1,-1,0.0,-163.97842331196213,1
99,1,1,-1,1,1,-1,1,1,-1,1,-1,-1,1,-1,-1,-1,-1,-1,-1,1,1,1,1,-1,1,1,-1,-1,1,-1,1,1,1,-1,1,-1,1,1,1,1,0.025,-164.50159515106253,2
100,-1,-1,-1,1,-1,-1,1,-1,1,-1,1,1,-1,1,-1,-1,-1,-1,1,-1,1,-1,-1,1,1,1,-1,-1,-1,-1,-1,1,1,1,-1,-1,1,1,-1,-1,0.0,-163.87483584760201,1
101,1,1,1,-1,1,1,1,1,-1,1,-1,-1,1,-1,1,1,-1,1,-1,1,-1,1,1,-1,-1,1,-1,1,1,1,1,1,1,-1,1,-1,-1,1,-1,1,0.0,-163.75214614215912,1
102,1,1,1,-1,1,1,-1,1,-1,1,1,-1,1,-1,1,1,1,1,-1,-1,-1,1,1,-1,-1,-1,1,1,1,1,1,1,-1,-1,1,1,-1,-1,-1,-1,0.0,-163.73377979714155,3
103,-1,-1,-1,1,-1,-1,1,-1,1,-1,-1,1,-1,1,-1,-1,-1,-1,1,1,1,-1,-1,1,1,1,-1,-1,-1,-1,-1,-1,1,1,-1,-1,1,1,1,1,0.0,-163.73377979714155,1
104,1,1,-1,1,1,-1,1,1,-1,1,-1,-1,1,-1,-1,-1,-1,-1,-1,1,1,1,1,-1,1,1,-1,-1,1,-1,1,1,1,1,1,-1,1,1,1,1,0.0,-163.72822511285415,4
105,-1,-1,1,-1,-1,1,-1,-1,1,-1,1,1,-1,1,1,1,1,1,1,-1,-1,-1,-1,1,-1,-1,1,1,-1,1,-1,-1,-1,-1,-1,1,-1,-1,-1,-1,0.0,-163.72822511285415,1
106,-1,-1,-1,1,-1,-1,1,-1,1,-1,1,1,-1,1,-1,-1,-1,-1,1,-1,1,-1,-1,1,1,1,-1,-1,-1,-1,-1,-1,1,1,-1,1,1,1,1,-1,0.0,-163.71495312359303,2
107,1,1,1,-1,1,1,-1,1,-1,-1,-1,-1,1,-1,1,-1,-1,1,1,1,-1,1,1,-1,-1,-1,1,1,1,1,1,-1,-1,-1,1,1,-1,-1,1,1,0.0,-163.68010304201147,1
108,-1,-1,-1,1,-1,-1,1,-1,1,1,1,1,-1,1,-1,1,1,-1,-1,-1,1,-1,-1,1,1,1,-1,-1,-1,-1,-1,1,1,1,-1,-1,1,1,-1,-1,0.0,-163.68010304201147,3
109,1,1,-1,1,1,-1,1,1,-1,-1,-1,1,1,1,-1,-1,-1,-1,-1,1,1,1,1,-1,1,1,-1,-1,-1,-1,-1,1,1,-1,1,-1,1,1,1,1,0.0,-163.58779014850165,2
110,-1,-1,1,-1,-1,1,-1,-1,1,1,1,-1,-1,-1,1,1,1,1,1,-1,-1,-1,-1,1,-1,-1,1,1,1,1,1,-1,-1,1,-1,1,-1,-1,-1,-1,0.0,-163.58779014850165,1
111,1,1,1,-1,1,1,1,1,-1,-1,-1,-1,1,-1,1,1,-1,1,-1,1,-1,1,1,-1,-1,1,-1,1,1,1,1,1,1,-1,1,1,-1,1,-1,-1,0.0,-163.57643314290806,2
112,-1,-1,-1,1,-1,-1,1,-1,1,-1,1,1,-1,1,-1,1,-1,-1,1,-1,1,-1,-1,1,1,1,-1,-1,-1,-1,-1,1,1,1,-1,1,1,1,-1,-1,0.0,-163.55781345927608,2
113,-1,1,-1,1,-1,-1,1,1,-1,-1,-1,1,1,1,-1,-1,-1,-1,-1,1,1,1,1,-1,1,1,-1,-1,-1,-1,-1,-1,1,-1,1,-1,1,1,1,1,0.0,-163.52538057430723,5
114,-1,-1,-1,-1,-1,-1,-1,-1,1,-1,1,1,-1,1,-1,-1,1,-1,1,-1,1,-1,-1,1,1,-1,1,-1,-1,-1,-1,-1,-1,1,-1,1,1,-1,1,-1,0.0,-163.50387901019732,1
115,-1,-1,-1,-1,-1,-1,1,-1,1,-1,1,1,-1,1,-1,-1,-1,-1,1,1,1,-1,-1,1,1,1,-1,-1,-1,-1,-1,-1,1,1,-1,1,1,1,-1,-1,0.0,-163.49444278485504,1
116,1,1,1,-1,1,1,1,1,1,-1,-1,-1,1,-1,1,1,-1,1,-1,-1,-1,1,1,-1,-1,1,-1,1,1,1,1,1,-1,-1,1,1,-1,1,-1,-1,0.0,-163.49212537472326,1
117,-1,1,-1,1,1,-1,1,1,-1,-1,-1,1,1,1,-1,-1,-1,-1,1,1,1,1,1,-1,1,1,-1,-1,-1,-1,-1,1,1,-1,1,-1,1,1,1,1,0.0,-163.46919036858168,2
118,-1,-1,-1,-1,-1,-1,1,-1,1,-1,1,1,-1,1,-1,-1,-1,-1,1,-1,1,-1,-1,1,1,1,-1,-1,-1,-1,-1,-1,1,1,-1,1,1,1,-1,-1,0.0,-163.4163944371385,1
119,1,1,1,-1,1,1,1,1,-1,1,1,-1,1,-1,1,1,-1,1,-1,1,-1,1,1,-1,-1,1,-1,1,1,1,1,1,1,-1,1,1,-1,1,-1,1,0.0,-163.38528369844505,1
120,-1,-1,-1,1,-1,-1,1,-1,1,-1,1,1,-1,1,-1,-1,-1,-1,1,-1,1,-1,-1,1,1,1,-1,-1,-1,-1,-1,-1,1,1,-1,1,1,1,-1,-1,0.0,-163.37649712319822,4
121,1,1,-1,1,1,1,1,1,-1,1,-1,-1,1,-1,-1,-1,-1,-1,-1,1,1,1,1,-1,1,1,-1,-1,1,-1,1,1,1,1,1,-1,1,1,1,1,0.025,-162.08202389057737,2
122,1,1,1,1,1,1,1,1,-1,-1,-1,-1,1,-1,1,-1,-1,1,-1,1,1,1,1,-1,-1,1,-1,1,1,1,1,1,1,-1,1,1,-1,1,1,1,0.0,-163.2799746469652,1
123,-1,-1,-1,-1,-1,-1,-1,-1,1,-1,1,1,-1,1,-1,1,1,1,1,-1,-1,-1,-1,1,-1,-1,1,1,-1,-1,-1,-1,-1,1,-1,1,1,-1,-1,-1,0.0,-163.23829875713204,1
124,1,1,1,1,1,1,1,1,-1,1,-1,-1,1,-1,1,-1,-1,-1,-1,-1,1,1,1,-1,-1,1,-1,-1,1,1,1,1,-1,-1,1,-1,1,1,1,1,0.0,-163.18784346742666,2
125,-1,-1,-1,-1,-1,-1,-1,-1,1,-1,1,1,-1,1,-1,1,1,1,1,1,-1,-1,-1,1,1,-1,1,1,-1,-1,-1,-1,1,1,-1,1,-1,-1,-1,-1,0.0,-163.18784346742666,3
126,1,1,-1,1,1,-1,1,1,-1,-1,-1,-1,1,-1,-1,-1,-1,-1,-1,1,1,1,1,-1,1,1,-1,-1,1,-1,-1,1,1,-1,1,-1,1,1,1,1,0.0,-163.08229392632637,1
127,1,1,1,1,1,1,-1,1,-1,1,-1,-1,1,-1,1,1,1,1,-1,-1,-1,1,1,-1,-1,-1,1,1,1,1,1,1,-1,-1,1,1,-1,-1,-1,-1,0.0,-163.0754625205168,1
128,-1,-1,-1,-1,-1,-1,1,-1,1,-1,1,1,-1,1,-1,-1,-1,-1,1,1,1,-1,-1,1,1,1,-1,-1,-1,-1,-1,-1,1,1,-1,1,-1,1,-1,-1,0.0,-163.00877930648275,2
129,-1,-1,-1,-1,-1,-1,1,-1,1,-1,1,1,-1,1,-1,-1,-1,-1,1,1,1,-1,-1,1,1,1,-1,-1,-1,-1,-1,-1,1,1,-1,1,1,1,1,-1,0.0,-163.00263717226926,1
130,-1,-1,-1,-1,-1,-1,1,-1,1,-1,1,1,-1,1,-1,-1,-1,-1,1,1,1,-1,-1,1,1,1,-1,-1,-1,-1,-1,-1,1,1,-1,-1,-1,1,-1,-1,0.0,-162.87431843805143,2
131,1,-1,1,-1,1,1,-1,-1,1,1,1,-1,-1,-1,1,1,1,1,1,-1,-1,-1,-1,1,-1,-1,1,1,1,1,1,1,-1,1,-1,1,-1,1,-1,-1,0.0,-162.81129355737926,1
132,-1,1,-1,1,-1,-1,1,1,-1,-1,-1,1,1,1,-1,-1,-1,-1,-1,1,1,1,1,-1,1,1,-1,-1,-1,-1,-1,-1,1,-1,1,-1,1,-1,1,1,0.0,-162.81129355737926,3
133,-1,-1,-1,1,-1,-1,1,-1,1,-1,1,1,-1,1,-1,-1,-1,-1,1,-1,1,-1,-1,1,1,1,-1,-1,-1,-1,-1,-1,1,1,-1,1,-1,1,-1,-1,0.0,-162.79212204985535,1
134,1,1,1,-1,1,1,-1,1,-1,1,-1,-1,1,-1,1,1,1,1,-1,1,-1,1,1,-1,-1,-1,1,1,1,1,1,1,-1,-1,1,-1,1,-1,1,1,0.0,-162.79212204985535,1
135,-1,-1,1,-1,-1,1,-1,-1,1,1,1,-1,-1,-1,1,1,1,1,1,-1,-1,-1,-1,1,-1,-1,1,1,-1,1,1,-1,-1,1,-1,1,-1,-1,-1,-1,0.0,-162.78615542491724,1
136,-1,-1,-1,1,-1,-1,1,-1,1,1,1,1,-1,1,-1,1,1,-1,1,1,-1,-1,-1,1,1,1,1,-1,-1,-1,-1,1,1,1,-1,-1,1,1,-1,-1,0.0,-162.69841582557524,2
137,-1,-1,-1,1,-1,-1,1,-1,-1,1,1,1,-1,1,-1,1,1,-1,-1,1,1,-1,-1,1,1,1,-1,-1,-1,-1,-1,1,1,1,-1,-1,1,1,-1,1,0.0,-162.686272261884,1
138,-1,-1,-1,1,-1,-1,-1,-1,1,-1,1,1,-1,1,-1,-1,1,-1,1,-1,-1,-1,-1,1,1,1,1,-1,-1,-1,-1,-1,-1,1,-1,-1,-1,-1,-1,-1,0.0,-162.65276081855887,1
139,1,-1,1,-1,-1,1,-1,-1,1,1,1,-1,-1,-1,1,1,1,1,-1,-1,-1,-1,-1,1,-1,-1,1,1,1,1,1,1,-1,1,-1,1,-1,-1,-1,-1,0.0,-162.64528518991904,3
140,-1,1,-1,1,1,-1,1,1,-1,-1,-1,1,1,1,-1,-1,-1,-1,1,1,1,1,1,-1,1,1,-1,-1,-1,-1,-1,-1,1,-1,1,-1,1,1,1,1,0.0,-162.64528518991904,4
141,-1,-1,-1,1,-1,-1,1,-1,1,-1,1,1,-1,1,-1,-1,-1,-1,1,1,1,-1,-1,1,1,1,-1,-1,-1,-1,-1,-1,1,1,-1,-1,1,1,1,1,0.0,-162.6195106298255,1
142,1,1,1,-1,1,1,-1,1,-1,1,-1,-1,1,-1,1,1,1,1,-1,-1,-1,1,1,-1,-1,-1,1,1,1,1,1,1,-1,-1,1,1,-1,-1,-1,-1,0.0,-162.6195106298255,1
143,-1,-1,-1,1,-1,-1,-1,-1,1,-1,1,1,-1,1,-1,-1,1,-1,1,1,-1,-1,1,1,1,-1,1,-1,-1,-1,-1,-1,-1,1,-1,-1,-1,-1,-1,-1,0.0,-162.60917592528884,1
144,1,-1,1,1,1,-1,-1,1,1,1,1,1,-1,-1,-1,-1,1,-1,1,1,-1,-1,1,-1,-1,-1,1,-1,-1,-1,-1,-1,-1,1,-1,-1,-1,-1,-1,1,0.0,-162.58995225510432,1
145,-1,-1,-1,1,-1,-1,1,-1,1,1,1,1,-1,1,-1,-1,1,-1,-1,-1,1,-1,-1,1,1,1,-1,-1,-1,-1,-1,1,1,1,-1,-1,1,1,-1,-1,0.0,-162.5845283011888,1
146,1,1,1,-1,1,1,-1,1,-1,1,-1,-1,1,-1,1,1,-1,1,-1,1,-1,1,1,-1,-1,1,-1,1,1,1,1,1,1,-1,1,1,-1,1,-1,1,0.025,-158.49600406434334,1
147,1,-1,1,1,1,-1,-1,-1,1,1,1,1,-1,-1,-1,-1,1,-1,1,1,-1,-1,1,-1,1,-1,1,-1,-1,-1,-1,-1,-1,1,-1,-1,-1,-1,-1,-1,0.0,-162.50706622136815,1
148,-1,-1,-1,-1,-1,-1,-1,-1,1,1,1,1,-1,1,-1,1,1,-1,1,1,-1,-1,-1,1,1,-1,1,-1,-1,-1,-1,-1,-1,1,-1,-1,1,1,-1,-1,0.0,-162.45987563755267,1
149,1,1,1,1,1,1,1,1,-1,-1,-1,-1,1,-1,1,-1,-1,1,-1,-1,1,1,1,-1,-1,1,-1,1,1,1,1,1,1,-1,1,1,-1,-1,1,1,0.0,-162.45987563755267,1
150,1,-1,1,1,1,-1,-1,-1,1,1,1,1,-1,-1,-1,-1,1,-1,1,1,-1,-1,1,-1,-1,-1,1,-1,-1,-1,-1,-1,-1,1,-1,-1,-1,1,-1,-1,0.0,-162.45775960424942,1
151,-1,-1,-1,1,-1,-1,1,-1,1,-1,1,1,-1,1,-1,-1,-1,-1,1,1,1,-1,-1,1,1,1,-1,-1,-1,-1,-1,-1,1,1,-1,1,-1,1,-1,-1,0.0,-162.37975423676525,1
152,1,1,1,-1,1,1,1,1,-1,-1,-1,-1,1,-1,1,1,-1,1,-1,-1,1,1,1,-1,-1,1,-1,1,1,1,1,1,1,-1,1,1,-1,1,-1,-1,0.0,-162.3762604021646,1
153,1,1,1,-1,1,1,-1,1,-1,-1,1,-1,1,-1,1,1,-1,1,-1,1,-1,1,1,-1,-1,-1,1,1,1,1,1,-1,-1,-1,1,1,-1,-1,1,1,0.0,-162.3692861120678,3
154,-1,-1,-1,-1,-1,-1,-1,-1,1,-1,1,1,-1,1,-1,1,1,-1,1,1,-1,-1,-1,1,1,-1,1,-1,-1,-1,-1,-1,-1,1,-1,-1,1,-1,-1,-1,0.0,-162.34897755924047,1
155,-1,-1,-1,1,-1,-1,-1,-1,1,-1,1,1,-1,1,-1,-1,1,-1,1,1,-1,-1,-1,1,1,-1,1,-1,-1,-1,-1,-1,-1,1,-1,-1,-1,-1,1,-1,0.0,-162.298563487083,1
156,1,1,1,1,1,1,-1,1,-1,1,-1,-1,1,-1,1,1,1,1,-1,-1,-1,1,1,-1,-1,1,1,1,1,1,1,1,-1,-1,1,1,-1,-1,-1,-1,0.0,-162.2832657537505,1
157,1,-1,1,1,1,-1,-1,-1,1,1,1,1,-1,-1,-1,-1,1,-1,1,1,-1,-1,1,-1,1,-1,1,-1,-1,-1,-1,-1,-1,1,-1,-1,-1,1,-1,-1,0.0,-162.26826622780285,3
158,-1,-1,-1,1,-1,-1,-1,-1,1,-1,1,1,-1,1,-1,-1,1,-1,1,-1,1,-1,-1,1,1,-1,1,-1,-1,-1,-1,-1,-1,1,-1,-1,1,-1,1,1,0.0,-162.10638860486975,2
159,1,1,1,-1,1,1,1,1,-1,-1,-1,-1,1,1,1,1,-1,1,-1,-1,1,1,1,-1,-1,1,-1,1,1,1,1,1,1,-1,1,1,1,1,1,1,0.0,-162.0925882358703,1
160,-1,-1,-1,1,-1,-1,1,-1,-1,-1,-1,1,1,1,-1,-1,1,-1,1,1,1,-1,-1,1,1,1,1,-1,-1,-1,-1,-1,1,1,-1,-1,1,1,1,1,0.0,-162.09036981063457,2
161,-1,-1,-1,1,-1,-1,1,-1,1,1,1,1,-1,1,-1,-1,1,-1,1,-1,1,-1,-1,1,1,1,-1,-1,-1,-1,-1,-1,-1,1,-1,-1,1,-1,-1,-1,0.0,-162.07621384028738,1
162,-1,1,1,1,1,-1,1,1,-1,-1,-1,-1,1,-1,1,-1,-1,-1,1,1,1,1,1,-1,1,1,-1,-1,1,1,1,-1,1,-1,1,-1,-1,1,1,1,0.0,-162.06131819056097,1
163,-1,-1,-1,1,-1,-1,1,-1,1,1,1,1,-1,1,-1,-1,1,-1,-1,-1,1,-1,-1,1,1,1,-1,-1,-1,-1,-1,1,1,1,-1,-1,1,-1,-1,-1,0.0,-162.05488491679367,4
164,-1,-1,-1,1,-1,-1,1,-1,1,1,1,1,-1,1,-1,-1,1,-1,1,1,1,-1,-1,1,1,1,1,-1,-1,-1,-1,-1,1,1,-1,-1,1,1,1,1,0.0,-162.04270668574452,1
165,1,1,-1,1,1,-1,1,1,-1,1,-1,1,1,-1,-1,-1,-1,-1,-1,1,1,1,1,-1,1,1,-1,-1,1,-1,1,1,1,-1,1,-1,1,1,1,1,0.0,-161.8987535080434,2
166,-1,-1,-1,1,-1,-1,-1,-1,1,-1,1,1,-1,1,-1,-1,1,-1,1,-1,1,-1,-1,1,1,-1,1,-1,-1,-1,-1,-1,-1,1,-1,-1,-1,-1,-1,-1,0.0,-161.89205677373812,1
167,-1,-1,-1,1,-1,-1,1,-1,1,1,1,1,-1,1,-1,1,1,-1,1,1,1,-1,-1,1,1,1,1,-1,-1,-1,-1,1,1,1,-1,-1,1,1,-1,-1,0.0,-161.871838090577,1
168,-1,-1,-1,-1,-1,-1,-1,-1,1,-1,1,1,-1,1,-1,1,1,1,1,1,-1,-1,-1,1,1,-1,1,1,-1,-1,-1,-1,-1,1,-1,1,-1,-1,-1,-1,0.0,-161.86531295519893,2
169,1,1,1,1,1,1,1,1,-1,1,-1,-1,1,-1,1,-1,-1,-1,-1,-1,1,1,1,-1,-1,1,-1,-1,1,1,1,1,1,-1,1,-1,1,1,1,1,0.0,-161.86531295519893,1
170,-1,-1,-1,-1,-1,-1,-1,-1,1,-1,1,1,-1,1,-1,-1,1,1,1,1,-1,-1,-1,1,1,-1,1,1,-1,-1,-1,-1,1,-1,-1,1,-1,-1,-1,-1,0.0,-161.8552359669835,1
171,-1,-1,-1,1,-1,-1,-1,-1,1,1,1,1,-1,1,-1,1,1,-1,1,1,-1,-1,-1,1,1,-1,1,-1,-1,-1,-1,-1,-1,1,-1,-1,1,1,-1,-1,0.0,-161.83519857361256,1
172,1,1,1,-1,1,1,-1,1,-1,-1,-1,-1,1,-1,1,1,-1,1,-1,-1,-1,1,1,-1,-1,-1,1,1,1,1,1,1,-1,-1,1,1,-1,-1,-1,-1,0.0,-161.80508469167052,1
173,1,-1,1,1,1,-1,-1,-1,1,1,1,-1,-1,-1,-1,-1,1,-1,1,1,-1,-1,1,-1,1,-1,1,-1,-1,-1,-1,-1,-1,1,-1,-1,-1,-1,-1,-1,0.0,-161.7502573101025,1
174,-1,-1,-1,1,-1,-1,-1,-1,1,-1,1,1,-1,-1,-1,-1,1,-1,1,1,-1,-1,-1,1,1,-1,1,-1,-1,-1,-1,-1,-1,1,-1,-1,-1,-1,-1,-1,0.0,-161.72739156583626,1
175,1,1,1,1,1,1,1,1,-1,1,-1,-1,1,-1,1,-1,-1,-1,-1,-1,1,1,1,-1,-1,1,-1,-1,1,1,1,1,1,-1,1,-1,-1,1,1,1,0.0,-161.69227872095013,1
176,-1,-1,-1,-1,-1,-1,-1,-1,1,-1,1,1,-1,1,-1,1,1,1,1,1,-1,-1,-1,1,1,-1,1,1,-1,-1,-1,-1,-1,1,-1,1,1,-1,-1,-1,0.0,-161.69227872095013,1
177,1,1,-1,1,1,-1,1,1,-1,-1,-1,-1,1,-1,-1,-1,-1,-1,-1,1,1,1,1,-1,1,1,-1,-1,1,-1,1,1,1,-1,1,-1,1,1,1,1,0.0,-161.68375848701743,2
178,1,1,-1,1,-1,-1,1,1,-1,-1,-1,1,1,1,-1,-1,-1,-1,-1,1,1,1,1,-1,1,1,-1,-1,1,-1,-1,1,1,-1,1,-1,1,1,1,1,0.0,-161.6734235294163,1
179,-1,-1,-1,-1,-1,-1,-1,-1,1,-1,1,1,-1,1,-1,-1,1,1,1,1,-1,-1,-1,1,1,-1,1,1,-1,-1,-1,-1,1,1,-1,1,-1,-1,-1,-1,0.0,-161.66493645174347,1
180,1,1,1,-1,1,1,1,1,-1,-1,-1,-1,1,-1,1,1,-1,1,-1,-1,-1,1,1,-1,-1,1,-1,1,1,1,1,1,-1,-1,1,1,-1,1,-1,-1,0.0,-161.6269419366478,2
181,-1,-1,-1,-1,-1,-1,1,-1,1,-1,1,1,-1,1,-1,-1,-1,-1,1,-1,1,-1,-1,1,1,1,-1,-1,-1,-1,-1,1,1,1,-1,1,1,1,-1,-1,0.025,-161.54697868936998,1
182,-1,-1,-1,1,-1,-1,1,-1,1,-1,-1,1,-1,1,-1,-1,-1,-1,1,-1,1,-1,-1,1,1,1,-1,-1,-1,-1,-1,-1,-1,1,-1,-1,1,1,-1,-1,0.0,-161.59952453430986,1
183,1,-1,1,-1,-1,1,-1,-1,1,1,1,-1,-1,-1,1,1,1,1,1,-1,-1,-1,-1,1,-1,-1,1,1,-1,1,1,-1,-1,1,-1,1,-1,-1,-1,-1,0.025,-160.81299304704345,1
184,-1,1,-1,1,1,-1,1,1,-1,-1,-1,1,1,1,-1,-1,-1,-1,-1,1,1,1,1,-1,1,1,-1,-1,1,-1,-1,1,1,-1,1,-1,1,1,1,1,0.025,-160.81299304704345,1
185,-1,-1,-1,-1,-1,1,-1,-1,1,1,1,1,-1,1,-1,1,1,1,-1,-1,-1,-1,-1,1,-1,-1,1,1,-1,1,-1,1,-1,1,-1,1,1,-1,-1,-1,0.0,-161.56085824845798,4
186,1,1,1,1,1,-1,1,1,-1,-1,-1,-1,1,-1,1,-1,-1,-1,1,1,1,1,1,-1,1,1,-1,-1,1,-1,1,-1,1,-1,1,-1,-1,1,1,1,0.0,-161.56085824845798,4
187,1,-1,1,-1,-1,1,-1,-1,1,1,1,-1,-1,-1,1,1,1,1,1,-1,-1,-1,-1,1,-1,-1,1,1,1,1,1,1,-1,1,-1,1,-1,-1,-1,-1,0.0,-161.50273770712096,1
188,-1,-1,-1,1,-1,-1,1,-1,1,-1,1,1,-1,1,-1,-1,-1,-1,1,-1,1,-1,-1,1,1,1,-1,-1,-1,-1,-1,-1,1,1,-1,-1,-1,1,-1,-1,0.0,-161.47773771470335,1
189,1,1,-1,1,1,-1,1,1,-1,1,-1,-1,1,-1,-1,-1,-1,-1,-1,1,1,1,1,-1,1,1,-1,-1,1,-1,1,1,1,1,1,-1,1,1,1,1,0.025,-163.72822511285415,1
190,-1,-1,-1,-1,-1,-1,-1,-1,1,-1,1,1,-1,1,-1,-1,1,1,1,-1,-1,-1,-1,1,1,-1,1,1,-1,1,-1,-1,-1,1,-1,1,-1,-1,-1,-1,0.0,-161.43613452388803,1
191,1,-1,1,1,1,-1,-1,-1,1,1,-1,1,-1,-1,-1,-1,1,-1,1,1,-1,-1,1,-1,-1,-1,1,-1,-1,-1,1,-1,-1,1,-1,-1,-1,1,-1,-1,0.0,-161.43497208969882,4
192,-1,-1,-1,-1,-1,-1,1,-1,1,-1,1,1,-1,1,-1,-1,-1,-1,1,1,1,-1,-1,1,1,1,-1,-1,-1,-1,-1,-1,1,1,-1,-1,1,1,-1,-1,0.0,-161.40044102009546,1
193,-1,-1,1,-1,-1,1,-1,-1,1,-1,1,-1,-1,1,1,1,1,1,1,-1,-1,-1,-1,1,-1,-1,1,1,-1,1,1,-1,-1,1,-1,1,-1,-1,-1,-1,0.025,-156.39833042308044,1
194,-1,1,-1,1,-1,-1,1,1,-1,-1,-1,1,1,1,-1,-1,-1,-1,-1,1,1,-1,1,-1,1,1,-1,-1,-1,-1,-1,1,1,-1,1,-1,1,1,1,1,0.0,-161.34812064466558,1
195,-1,-1,-1,-1,-1,-1,-1,-1,1,-1,1,1,-1,1,-1,-1,1,1,1,-1,-1,-1,-1,1,1,-1,1,-1,-1,-1,-1,-1,-1,1,-1,-1,-1,-1,-1,-1,0.0,-161.32049681777696,1
196,1,1,1,-1,1,1,-1,1,-1,-1,-1,-1,1,-1,1,1,-1,1,1,1,-1,1,1,-1,-1,-1,1,1,1,1,1,1,1,-1,1,1,-1,1,1,1,0.0,-161.23421046667005,1
197,-1,-1,1,-1,-1,1,-1,-1,1,-1,1,1,-1,1,1,1,1,1,1,-1,-1,-1,-1,1,-1,-1,1,1,-1,-1,-1,-1,-1,1,-1,1,-1,-1,-1,-1,0.0,-161.19739736131913,1
198,-1,-1,-1,-1,-1,-1,-1,-1,1,-1,1,1,-1,1,-1,-1,1,1,1,1,-1,-1,-1,1,1,-1,1,-1,-1,-1,-1,-1,-1,1,-1,1,-1,-1,-1,-1,0.0,-161.18891050878136,1
199,1,-1,1,1,1,-1,-1,-1,1,1,1,1,-1,-1,-1,-1,1,-1,1,1,-1,-1,1,-1,-1,-1,1,-1,-1,-1,-1,-1,-1,1,-1,-1,-1,-1,-1,-1,0.0,-161.1844435518257,1
200,-1,-1,-1,1,-1,-1,1,-1,1,1,1,-1,-1,1,-1,1,1,-1,-1,-1,1,-1,-1,1,1,1,-1,-1,-1,-1,-1,1,1,1,-1,-1,1,-1,-1,-1,0.0,-161.1580312963791,2
201,-1,-1,1,-1,-1,1,-1,-1,1,1,1,1,-1,1,1,1,1,1,1,-1,-1,-1,-1,1,-1,-1,1,1,-1,1,1,-1,-1,1,-1,1,-1,-1,-1,-1,0.025,-163.08229392632637,1
202,-1,-1,-1,1,-1,-1,-1,-1,1,1,1,1,-1,1,-1,-1,1,-1,1,-1,1,-1,-1,1,1,-1,1,-1,-1,-1,-1,1,-1,1,-1,-1,1,-1,-1,-1,0.0,-161.09636315536935,1
203,1,-1,1,-1,-1,1,-1,-1,1,1,1,-1,-1,1,1,1,1,1,-1,-1,-1,-1,-1,1,-1,-1,1,1,-1,-1,-1,1,-1,1,-1,1,1,-1,-1,-1,0.0,-161.06721696397912,1
204,-1,-1,1,-1,-1,1,-1,-1,1,-1,1,1,-1,1,-1,1,1,1,1,-1,-1,-1,-1,1,-1,-1,1,1,-1,1,1,-1,-1,1,-1,1,-1,-1,-1,-1,0.025,-151.60614715737722,1
205,-1,-1,-1,-1,-1,-1,1,-1,1,-1,1,1,-1,1,-1,-1,1,-1,1,1,1,-1,-1,1,1,-1,1,-1,-1,-1,-1,-1,1,1,-1,-1,1,1,1,1,0.0,-161.04922515038203,1
206,-1,-1,-1,-1,-1,-1,-1,-1,1,-1,1,1,-1,1,-1,-1,1,1,1,1,-1,-1,-1,1,1,-1,1,1,-1,-1,-1,-1,-1,-1,-1,1,-1,-1,-1,-1,0.025,-160.50852705528536,1
207,-1,-1,-1,1,-1,-1,1,-1,1,-1,1,1,-1,1,-1,-1,-1,-1,1,-1,1,-1,-1,1,1,1,-1,-1,-1,-1,-1,1,1,1,-1,1,1,1,-1,-1,0.025,-165.23716769815343,1
208,1,1,1,1,1,1,1,1,-1,1,-1,-1,1,-1,-1,1,-1,-1,-1,1,1,1,1,-1,-1,1,-1,-1,1,1,1,1,1,1,1,-1,1,1,1,1,0.0,-161.01248770288862,1
209,-1,-1,-1,1,-1,-1,1,-1,1,1,1,1,-1,1,-1,-1,1,-1,1,1,1,-1,-1,1,1,-1,1,-1,-1,-1,-1,-1,-1,1,-1,-1,1,-1,1,-1,0.025,-156.90990648701242,2
210,1,1,1,-1,1,1,-1,1,-1,-1,-1,-1,1,-1,1,1,-1,1,-1,-1,-1,1,1,-1,-1,1,-1,1,1,1,1,1,1,-1,1,1,-1,1,-1,1,0.025,-156.90990648701242,1
211,1,-1,1,-1,1,1,-1,-1,1,1,1,-1,-1,-1,1,1,1,1,1,-1,-1,-1,-1,1,-1,-1,1,1,-1,1,1,-1,-1,1,-1,1,-1,-1,-1,-1,0.025,-160.1546779708355,1
212,-1,-1,-1,1,-1,-1,1,-1,1,1,1,1,-1,1,-1,-1,1,-1,-1,-1,1,-1,-1,1,1,1,-1,-1,-1,-1,-1,1,-1,1,-1,-1,1,-1,-1,-1,0.0,-160.9049391762232,2
213,-1,-1,-1,1,-1,-1,1,-1,1,-1,-1,1,-1,1,-1,-1,-1,-1,-1,-1,1,-1,-1,1,1,1,-1,-1,-1,-1,-1,1,1,-1,-1,-1,1,1,-1,-1,0.0,-160.87621456253999,1
214,-1,-1,-1,-1,-1,-1,1,-1,1,1,1,1,-1,1,-1,-1,1,-1,1,1,1,-1,-1,1,1,-1,1,-1,-1,-1,-1,-1,-1,1,-1,-1,1,1,-1,-1,0.0,-160.82502287063846,1
215,1,-1,1,1,1,-1,-1,1,1,1,-1,1,-1,-1,-1,-1,1,-1,1,1,-1,-1,1,-1,-1,-1,1,-1,-1,-1,-1,-1,-1,1,-1,-1,-1,-1,-1,1,0.0,-160.80145253207613,1
216,-1,-1,-1,-1,-1,-1,-1,-1,1,-1,1,1,-1,1,-1,1,1,1,1,-1,-1,-1,-1,1,-1,-1,1,1,-1,1,-1,-1,-1,1,-1,1,-1,-1,-1,-1,0.0,-160.78459609769163,1
217,1,-1,-1,-1,-1,1,-1,-1,1,1,1,-1,-1,1,-1,1,1,1,-1,-1,-1,-1,-1,1,-1,-1,1,1,-1,-1,-1,1,-1,1,-1,1,1,-1,-1,-1,0.0,-160.76794222378135,1
218,1,1,1,-1,1,1,1,1,1,-1,-1,-1,1,-1,1,1,-1,1,-1,-1,-1,1,1,-1,-1,1,-1,1,1,1,1,1,1,-1,1,1,-1,1,-1,-1,0.0,-160.76608207035812,1
219,1,-1,1,1,1,-1,-1,-1,1,1,-1,1,-1,-1,-1,-1,1,-1,1,1,-1,-1,1,-1,-1,-1,1,-1,-1,-1,1,-1,-1,1,-1,-1,-1,1,-1,1,0.0,-160.73987929884822,1
220,-1,1,-1,1,-1,-1,1,1,-1,-1,-1,1,1,1,-1,-1,-1,-1,-1,1,1,1,1,-1,1,1,-1,-1,-1,-1,-1,1,1,-1,1,-1,1,1,1,1,0.025,-164.32013600586964,1
221,-1,-1,-1,1,-1,-1,1,-1,1,-1,-1,1,-1,1,-1,-1,-1,-1,1,-1,1,-1,-1,1,1,1,-1,-1,-1,-1,-1,-1,1,-1,-1,-1,1,1,-1,-1,0.0,-160.70927986397157,1
222,1,1,1,-1,1,1,-1,1,1,1,1,-1,-1,-1,1,1,1,1,1,-1,-1,1,1,-1,-1,-1,1,1,1,1,1,1,-1,-1,-1,1,-1,-1,-1,-1,0.0,-160.6927884336692,1
223,-1,-1,-1,-1,-1,-1,1,-1,1,-1,1,1,-1,1,-1,-1,-1,-1,1,1,1,-1,-1,1,1,1,-1,-1,-1,-1,-1,-1,1,-1,-1,-1,1,1,-1,-1,0.0,-160.69125279199716,1
224,-1,-1,-1,-1,-1,-1,-1,-1,1,-1,1,1,-1,1,-1,1,1,1,1,1,-1,-1,-1,1,1,-1,1,1,-1,-1,-1,-1,1,1,-1,1,-1,1,-1,-1,0.0,-160.64263881842746,2
225,1,1,1,1,1,1,-1,1,-1,1,1,-1,-1,-1,1,1,1,1,-1,-1,-1,1,1,-1,-1,-1,1,1,1,1,1,1,-1,-1,1,1,-1,-1,-1,-1,0.0,-160.62784953647667,1
226,1,1,1,-1,1,1,-1,1,1,1,1,-1,-1,-1,1,1,1,1,-1,-1,-1,-1,1,-1,-1,-1,1,1,1,1,1,1,-1,1,-1,1,-1,-1,-1,-1,0.0,-160.60185328176544,1
227,1,-1,1,-1,-1,1,-1,-1,1,1,1,-1,-1,-1,1,1,1,1,1,-1,-1,-1,-1,1,-1,-1,1,1,1,-1,1,-1,-1,1,-1,1,-1,-1,-1,-1,0.0,-160.60047956182183,1
228,-1,-1,-1,-1,-1,-1,-1,-1,1,-1,1,1,-1,1,-1,-1,1,1,1,-1,-1,-1,-1,1,1,-1,1,1,-1,1,-1,-1,-1,-1,-1,1,-1,-1,-1,-1,0.025,-157.32066733037965,1
229,1,1,1,-1,1,1,-1,1,-1,1,-1,-1,1,-1,1,1,-1,1,-1,1,-1,1,1,-1,-1,1,-1,1,1,1,1,1,1,-1,1,1,-1,1,1,1,0.0,-160.53424303798275,1
230,1,1,1,-1,1,1,-1,1,-1,1,-1,-1,1,-1,1,1,1,1,-1,-1,-1,1,1,-1,-1,-1,1,1,1,1,1,1,-1,-1,1,1,-1,-1,-1,1,0.0,-160.48367021252602,1
231,-1,-1,-1,1,-1,-1,1,-1,-1,1,1,1,-1,1,-1,1,1,-1,-1,1,1,-1,-1,1,1,1,-1,-1,-1,-1,-1,1,1,1,-1,-1,1,1,1,1,0.0,-160.476818978282,1
232,1,1,-1,-1,-1,1,1,1,-1,-1,-1,-1,1,1,1,1,-1,1,-1,-1,1,1,-1,-1,-1,1,-1,1,1,1,1,1,1,-1,1,1,1,1,1,1,0.0,-160.43362201109306,1
233,-1,-1,1,1,1,-1,-1,-1,1,1,1,1,-1,-1,-1,-1,1,-1,1,1,-1,-1,1,-1,1,-1,1,-1,-1,-1,-1,-1,-1,1,-1,-1,-1,-1,-1,-1,0.0,-160.43215363038178,2
234,1,1,-1,1,1,1,1,1,-1,1,-1,-1,1,-1,-1,1,-1,-1,-1,1,1,1,1,-1,1,1,-1,-1,1,1,1,1,1,1,1,-1,1,1,1,1,0.025,-159.15115640365764,1
235,1,1,1,1,1,1,1,1,-1,-1,-1,-1,1,-1,1,1,-1,1,-1,-1,-1,1,1,-1,-1,1,-1,1,1,1,1,1,1,-1,1,1,-1,-1,1,1,0.0,-160.37031148775566,1
236,-1,-1,-1,-1,-1,-1,-1,-1,1,1,1,1,-1,1,-1,-1,1,-1,1,1,1,-1,-1,1,1,-1,1,-1,-1,-1,-1,-1,-1,1,-1,-1,1,1,-1,-1,0.0,-160.37031148775566,1
237,-1,-1,-1,1,-1,-1,-1,-1,1,-1,-1,1,-1,1,-1,-1,1,-1,1,-1,1,-1,-1,1,1,-1,1,-1,-1,-1,-1,-1,-1,1,-1,-1,1,-1,-1,-1,0.0,-160.30076384189377,1
238,1,1,1,-1,1,1,1,1,-1,1,1,-1,1,-1,1,1,-1,1,-1,1,-1,1,1,-1,-1,1,-1,1,1,1,1,1,1,-1,1,1,-1,1,1,1,0.0,-160.30076384189377,1
239,1,1,-1,1,1,-1,1,1,-1,1,-1,-1,1,-1,-1,-1,-1,-1,-1,1,1,1,1,-1,1,1,-1,-1,1,1,1,1,1,1,1,-1,1,1,1,1,0.0,-160.299254586424,1
240,1,-1,1,1,1,-1,-1,1,1,1,-1,1,1,-1,-1,-1,1,-1,1,1,-1,-1,1,-1,-1,-1,1,-1,-1,-1,1,-1,-1,1,-1,-1,-1,1,1,1,0.0,-160.2569945481974,1
241,-1,-1,-1,1,-1,-1,1,-1,1,1,1,1,-1,1,-1,-1,1,-1,1,-1,1,-1,-1,1,1,1,-1,-1,-1,-1,-1,1,1,1,-1,-1,1,1,-1,1,0.0,-160.25416635578532,1
242,-1,-1,-1,1,-1,-1,-1,-1,1,1,1,1,-1,1,-1,1,1,-1,1,1,-1,-1,-1,1,1,-1,1,-1,-1,-1,-1,-1,-1,1,-1,-1,-1,-1,-1,-1,0.0,-160.20710597269587,1
243,-1,1,-1,1,-1,1,1,-1,-1,-1,-1,-1,1,-1,-1,1,-1,-1,-1,-1,1,1,-1,1,1,1,-1,-1,1,1,1,1,1,1,1,1,1,1,1,-1,0.0,-160.2065796659526,1
244,-1,-1,-1,1,-1,-1,1,-1,1,1,1,1,-1,1,-1,1,1,-1,1,1,1,-1,-1,1,1,-1,1,-1,-1,-1,-1,1,1,1,-1,-1,1,1,-1,-1,0.0,-160.20389192414876,3
245,1,1,-1,1,1,1,1,1,-1,1,-1,-1,1,-1,-1,-1,-1,-1,-1,-1,1,1,1,-1,-1,1,-1,-1,1,1,1,1,1,1,1,-1,1,1,1,1,0.025,-158.88434709546323,1
246,-1,-1,1,-1,-1,-1,-1,-1,1,-1,1,1,-1,1,1,1,1,1,1,1,-1,-1,-1,1,1,-1,1,1,-1,-1,-1,-1,-1,-1,-1,1,-1,-1,-1,-1,0.025,-158.88434709546323,1
247,-1,-1,-1,1,-1,-1,1,-1,1,-1,1,1,-1,1,-1,-1,-1,-1,1,-1,1,-1,-1,1,1,1,-1,-1,-1,-1,-1,-1,1,1,-1,-1,1,1,-1,-1,0.0,-160.10257189171801,1
248,1,1,1,1,1,1,1,1,-1,1,-1,-1,1,-1,1,-1,-1,-1,1,-1,1,1,1,-1,-1,1,-1,-1,1,1,1,1,-1,-1,1,-1,-1,1,-1,1,0.0,-160.08875520787214,1
249,-1,-1,-1,-1,-1,-1,-1,-1,1,-1,1,1,-1,1,-1,1,1,1,-1,1,-1,-1,-1,1,1,-1,1,1,-1,-1,-1,-1,1,1,-1,1,1,-1,1,-1,0.0,-160.08875520787214,1
250,1,-1,1,-1,-1,1,-1,-1,1,-1,1,1,-1,1,1,-1,1,1,1,-1,-1,-1,-1,1,-1,-1,1,1,-1,-1,-1,-1,-1,-1,-1,1,-1,-1,-1,-1,0.0,-160.08062265385666,1
251,1,-1,1,-1,-1,1,-1,-1,1,-1,1,1,-1,1,1,1,1,1,1,-1,-1,-1,-1,1,-1,-1,1,1,-1,-1,-1,-1,-1,-1,-1,1,-1,-1,-1,-1,0.0,-159.9782637631846,2
252,-1,-1,-1,-1,-1,-1,-1,-1,1,-1,1,1,-1,1,-1,1,1,1,1,-1,-1,-1,-1,1,1,-1,1,-1,-1,-1,-1,-1,-1,1,-1,1,1,-1,-1,-1,0.0,-159.9325744473328,1
253,1,1,1,-1,1,1,-1,1,-1,-1,-1,-1,1,-1,1,1,-1,1,-1,-1,-1,1,1,-1,-1,1,-1,1,1,1,1,1,-1,-1,1,1,-1,1,-1,-1,0.0,-159.91497702205032,1
254,1,1,1,1,1,1,-1,1,1,-1,-1,-1,1,-1,1,-1,-1,1,-1,-1,-1,-1,1,-1,-1,1,-1,1,-1,1,1,1,-1,-1,1,1,-1,-1,-1,-1,0.0,-159.9132773845499,1
255,1,1,1,-1,1,1,-1,1,1,-1,-1,1,1,-1,1,-1,-1,1,1,1,-1,1,1,-1,-1,-1,1,1,1,1,1,-1,-1,-1,1,1,-1,1,1,1,0.0,-159.85930225638643,2
256,-1,-1,-1,1,-1,-1,1,-1,-1,1,1,-1,-1,1,-1,1,1,-1,-1,-1,1,-1,-1,1,1,1,-1,-1,-1,-1,-1,1,1,1,-1,-1,1,-1,-1,-1,0.0,-159.85930225638643,5
257,-1,1,-1,1,1,-1,1,1,-1,-1,-1,1,1,-1,1,-1,-1,-1,1,1,1,1,1,-1,1,1,-1,-1,1,1,1,-1,1,-1,1,-1,-1,1,1,1,0.0,-159.8010819818778,1
258,-1,-1,-1,-1,-1,-1,-1,-1,1,1,1,1,-1,1,-1,-1,1,-1,1,1,1,-1,-1,1,1,-1,1,-1,-1,-1,-1,-1,1,1,-1,-1,1,-1,1,1,0.0,-159.67344583738654,1
259,-1,-1,-1,-1,1,-1,1,-1,1,1,1,1,-1,1,-1,-1,1,-1,1,1,1,-1,-1,1,1,-1,1,-1,-1,-1,-1,-1,1,1,-1,-1,1,1,1,1,0.0,-159.66681266501737,1
260,1,1,1,1,-1,1,-1,1,-1,-1,-1,-1,1,-1,1,1,-1,1,-1,-1,-1,1,1,-1,-1,1,-1,1,1,1,1,1,-1,-1,1,1,-1,-1,-1,-1,0.0,-159.66681266501737,1
261,-1,-1,-1,-1,-1,-1,1,-1,1,-1,1,1,-1,1,-1,1,-1,1,-1,-1,-1,-1,-1,1,1,1,-1,1,-1,1,-1,1,1,-1,1,1,1,1,-1,-1,0.0,-159.65991207451722,1
262,-1,-1,-1,-1,-1,1,-1,-1,1,1,1,1,-1,1,-1,1,1,1,-1,-1,-1,-1,-1,1,-1,-1,1,1,-1,-1,-1,1,-1,1,-1,1,1,-1,-1,-1,0.0,-159.64599996134973,1
263,1,1,1,1,1,-1,1,1,-1,-1,-1,-1,1,-1,1,-1,-1,-1,1,1,1,1,1,-1,1,1,-1,-1,1,1,1,-1,1,-1,1,-1,-1,1,1,1,0.0,-159.64599996134973,1
264,1,-1,1,1,1,-1,-1,-1,1,1,1,1,-1,-1,-1,-1,1,-1,1,1,-1,-1,1,-1,1,-1,1,-1,-1,-1,1,-1,-1,1,-1,-1,-1,1,-1,-1,0.0,-159.64451811364836,2
265,-1,-1,-1,1,-1,-1,1,-1,-1,1,1,1,-1,1,-1,1,1,-1,-1,1,1,-1,-1,1,1,1,1,-1,-1,-1,-1,-1,1,1,-1,-1,1,1,1,1,0.0,-159.4826952006938,1
266,-1,-1,-1,-1,-1,1,-1,-1,1,-1,1,1,-1,1,-1,1,1,1,-1,-1,-1,-1,-1,1,-1,-1,1,1,-1,1,-1,1,-1,1,-1,1,1,-1,-1,-1,0.0,-159.47539042379003,1
267,1,1,1,1,1,-1,1,1,-1,1,-1,-1,1,-1,1,-1,-1,-1,1,1,1,1,1,-1,1,1,-1,-1,1,-1,1,-1,1,-1,1,-1,-1,1,1,1,0.0,-159.47539042379003,1
268,-1,-1,-1,1,-1,-1,1,-1,-1,-1,1,1,-1,1,-1,-1,1,-1,1,1,1,-1,-1,1,1,1,-1,-1,-1,-1,-1,-1,1,1,-1,-1,1,1,1,1,0.0,-159.4438753204171,1
269,1,1,1,-1,1,1,-1,1,-1,-1,1,-1,1,-1,1,1,1,1,-1,-1,-1,1,1,-1,-1,-1,1,1,1,1,1,-1,-1,-1,1,1,-1,-1,1,-1,0.0,-159.43887730779133,1
270,1,1,1,-1,1,1,-1,1,-1,-1,-1,-1,1,-1,1,1,-1,1,-1,-1,-1,1,1,-1,-1,-1,-1,1,1,1,1,-1,-1,-1,1,1,-1,-1,1,-1,0.0,-159.4350717197431,1
271,-1,-1,-1,1,-1,-1,1,-1,1,1,1,1,-1,1,-1,1,1,-1,1,-1,-1,-1,-1,1,1,1,1,-1,-1,-1,-1,1,1,1,-1,-1,1,1,-1,-1,0.0,-159.43084694252906,2
272,-1,-1,-1,1,-1,-1,1,-1,1,1,-1,1,-1,1,-1,-1,1,-1,-1,-1,1,-1,-1,1,1,1,-1,-1,-1,-1,-1,1,1,1,-1,-1,1,-1,-1,-1,0.0,-159.38675328604657,1
273,1,1,1,1,1,1,-1,1,-1,-1,-1,-1,1,-1,1,1,-1,1,-1,1,-1,1,1,-1,-1,1,-1,1,1,1,1,1,1,-1,1,1,-1,1,1,1,0.0,-159.36227526004083,1
274,1,1,1,1,1,1,-1,1,-1,1,1,-1,1,-1,1,1,1,1,-1,-1,-1,1,1,-1,-1,-1,1,1,1,1,1,1,-1,-1,1,1,-1,-1,-1,-1,0.0,-159.3494941514259,1
275,-1,-1,-1,1,-1,-1,1,-1,1,1,1,1,-1,1,-1,-1,1,-1,1,1,1,-1,-1,1,1,-1,1,-1,-1,-1,-1,-1,1,1,-1,-1,1,1,1,-1,0.0,-159.3476053460215,1
276,1,1,1,-1,1,1,-1,1,-1,1,-1,-1,1,-1,1,1,1,1,-1,-1,-1,1,1,-1,-1,-1,1,1,1,1,1,1,-1,-1,1,-1,-1,-1,1,1,0.0,-159.3278597456278,1
277,-1,-1,-1,1,-1,-1,1,-1,1,1,1,1,-1,1,-1,-1,1,-1,1,-1,1,-1,-1,1,1,-1,1,-1,-1,-1,-1,1,-1,1,-1,-1,1,-1,-1,-1,0.0,-159.2478837313142,1
278,1,1,-1,1,-1,-1,1,1,-1,-1,-1,1,1,1,-1,-1,-1,-1,-1,1,1,-1,1,-1,1,1,-1,-1,-1,-1,-1,1,1,-1,1,-1,1,1,1,1,0.0,-159.23114215497156,1
279,1,1,1,-1,1,1,1,1,-1,-1,-1,-1,1,-1,1,-1,-1,1,-1,-1,1,1,1,-1,-1,1,-1,1,1,1,1,-1,-1,-1,1,1,-1,-1,1,1,0.0,-159.1682118220657,1
280,1,1,1,-1,1,1,-1,1,1,1,1,-1,-1,-1,1,-1,-1,1,1,-1,-1,1,1,-1,-1,-1,-1,1,1,1,1,1,-1,-1,1,1,-1,-1,-1,-1,0.0,-159.1646773505255,1
281,1,1,-1,1,1,1,1,1,-1,1,-1,-1,1,-1,-1,-1,-1,-1,-1,-1,1,1,1,-1,1,1,-1,-1,1,1,1,1,1,1,1,-1,1,1,1,1,0.0,-159.15634975349178,1
282,1,1,1,-1,1,1,1,1,-1,-1,-1,-1,1,-1,1,-1,-1,1,-1,1,-1,1,1,-1,-1,1,-1,1,1,1,1,1,1,-1,1,1,-1,1,1,1,0.0,-159.1291419507845,1
283,-1,-1,-1,-1,-1,1,-1,-1,1,-1,1,1,-1,1,-1,1,1,1,-1,-1,-1,-1,-1,1,-1,-1,1,1,-1,-1,-1,1,-1,1,-1,1,1,-1,-1,-1,0.0,-159.12318860455076,1
284,1,1,1,-1,1,1,-1,1,-1,-1,1,-1,1,-1,1,1,-1,1,-1,1,-1,1,1,-1,-1,-1,1,1,1,1,1,-1,-1,-1,1,1,-1,-1,1,-1,0.0,-159.024002591832,1
285,-1,-1,1,-1,-1,1,-1,-1,1,-1,1,1,-1,1,1,1,1,1,1,1,-1,-1,-1,1,-1,-1,1,1,-1,1,-1,-1,-1,1,-1,1,-1,-1,-1,-1,0.0,-158.94840085526096,1
286,-1,-1,-1,1,-1,-1,-1,-1,1,-1,1,1,-1,1,-1,-1,1,-1,1,-1,-1,-1,-1,1,1,-1,1,-1,-1,-1,-1,1,-1,1,-1,-1,-1,-1,-1,-1,0.0,-158.92916141982565,1
287,-1,-1,-1,1,-1,-1,1,-1,1,1,1,1,-1,1,-1,1,1,-1,1,1,-1,-1,-1,1,1,-1,1,-1,-1,-1,-1,1,1,1,-1,-1,1,1,-1,-1,0.0,-158.91549688560661,1
288,1,1,1,-1,1,1,-1,1,1,-1,-1,-1,1,-1,1,1,-1,1,-1,-1,-1,1,1,-1,-1,-1,1,1,1,1,1,1,-1,-1,1,1,-1,-1,-1,-1,0.0,-158.8763325048684,1
289,-1,-1,-1,1,-1,-1,1,-1,-1,1,1,1,-1,1,-1,-1,1,-1,1,1,1,-1,-1,1,1,1,-1,-1,-1,-1,-1,-1,1,1,-1,-1,1,1,1,1,0.0,-158.8763325048684,1
290,-1,1,-1,1,1,-1,1,1,-1,-1,-1,1,1,-1,-1,-1,-1,-1,1,1,1,1,1,-1,1,-1,-1,-1,1,1,1,-1,1,-1,1,-1,-1,1,1,1,0.0,-158.87089693568365,1
291,-1,-1,-1,-1,-1,-1,1,-1,1,-1,1,1,-1,1,-1,1,-1,1,1,1,-1,-1,-1,1,1,1,-1,1,-1,1,-1,-1,1,1,-1,1,-1,1,-1,-1,0.0,-158.86350161336227,3
292,-1,-1,-1,1,-1,-1,1,-1,-1,1,1,1,-1,1,-1,1,1,-1,1,1,1,-1,-1,1,1,1,1,-1,-1,-1,-1,1,1,1,-1,-1,1,1,-1,1,0.0,-158.85137334276945,1
293,1,1,-1,1,1,-1,1,1,-1,-1,-1,1,1,-1,-1,-1,-1,-1,1,1,1,1,1,-1,1,1,-1,-1,1,-1,-1,1,1,-1,1,-1,1,1,1,1,0.0,-158.84185641675884,1
294,-1,-1,-1,1,-1,-1,1,-1,1,-1,1,1,-1,1,-1,-1,-1,-1,1,1,1,-1,-1,1,1,1,-1,-1,-1,-1,-1,1,1,1,-1,-1,1,1,-1,1,0.0,-158.81879970639923,1
295,1,1,1,-1,1,1,-1,1,1,-1,-1,-1,1,-1,1,1,-1,1,1,-1,-1,1,1,-1,-1,-1,1,1,1,1,1,-1,-1,-1,1,1,-1,1,-1,-1,0.0,-158.8036552248035,1
296,-1,1,-1,-1,-1,1,1,1,-1,-1,-1,1,1,1,1,1,-1,1,-1,-1,1,1,-1,1,1,1,-1,1,1,1,1,1,1,-1,1,1,1,1,1,1,0.0,-158.78405687844514,1
297,-1,-1,-1,1,-1,-1,1,-1,-1,1,1,-1,-1,1,-1,1,1,-1,-1,-1,1,-1,-1,1,1,1,-1,-1,-1,-1,-1,1,1,1,-1,1,1,-1,-1,-1,0.0,-158.7753402678963,1
298,-1,1,-1,-1,-1,1,1,-1,-1,-1,1,-1,1,1,1,1,-1,1,-1,-1,1,1,-1,1,1,1,-1,1,1,1,1,1,1,-1,1,1,-1,1,-1,-1,0.0,-158.76767768999892,1
299,1,1,1,1,1,1,-1,1,1,1,-1,-1,-1,-1,1,-1,-1,1,-1,-1,-1,-1,1,-1,-1,1,-1,1,-1,1,1,1,-1,-1,1,1,-1,-1,-1,-1,0.0,-158.75988687026327,1
300,-1,-1,-1,1,-1,-1,-1,-1,1,1,-1,1,-1,1,-1,-1,1,-1,1,-1,-1,-1,-1,1,1,-1,1,-1,-1,-1,-1,-1,-1,1,-1,-1,1,-1,1,-1,0.0,-158.75606098565152,1
301,1,1,1,-1,1,1,-1,1,-1,-1,-1,-1,1,-1,1,-1,-1,1,-1,-1,-1,1,1,-1,-1,-1,1,1,1,1,1,1,-1,-1,1,1,-1,-1,1,1,0.0,-158.75414307498386,1
302,1,1,1,1,1,1,-1,1,-1,1,-1,-1,1,-1,1,-1,1,-1,1,1,-1,-1,1,-1,-1,-1,1,-1,1,-1,1,-1,-1,1,-1,-1,-1,-1,1,1,0.0,-158.72439965933032,1
303,-1,1,-1,1,-1,-1,1,1,-1,-1,-1,1,1,1,-1,-1,-1,-1,-1,1,1,-1,1,-1,1,1,-1,-1,-1,-1,-1,-1,1,-1,1,-1,1,1,1,1,0.0,-158.72410080797727,1
304,-1,-1,-1,1,-1,-1,1,-1,1,1,1,1,-1,1,-1,1,1,-1,1,1,1,-1,-1,1,1,-1,1,-1,-1,-1,-1,-1,1,1,-1,-1,1,1,-1,-1,0.0,-158.71434234879058,1
305,-1,-1,-1,1,-1,-1,1,-1,-1,-1,1,1,-1,1,-1,-1,1,-1,1,1,1,-1,-1,1,1,1,1,-1,-1,-1,-1,-1,1,1,-1,-1,1,1,1,1,0.0,-158.6856671237265,1
306,1,1,1,1,1,1,-1,1,-1,1,-1,-1,1,-1,1,1,1,-1,-1,1,1,1,1,-1,-1,-1,1,-1,1,-1,1,1,-1,1,1,-1,1,-1,1,1,0.0,-158.64661149012002,1
307,1,1,1,-1,1,1,-1,1,1,-1,-1,-1,1,-1,1,1,-1,1,-1,-1,-1,1,1,-1,-1,1,-1,1,1,1,1,1,-1,-1,1,1,-1,1,-1,-1,0.0,-158.62094929417108,1
308,-1,-1,1,-1,-1,1,-1,-1,1,-1,1,-1,-1,1,-1,1,1,1,1,-1,-1,-1,-1,1,-1,-1,1,1,-1,1,-1,-1,-1,1,-1,1,-1,-1,-1,-1,0.0,-158.6154658297799,1
309,-1,1,1,1,-1,1,1,-1,-1,1,1,-1,-1,-1,1,1,1,1,-1,-1,1,1,-1,1,1,1,-1,1,1,1,1,1,1,-1,1,1,-1,-1,-1,-1,0.0,-158.61247339344607,1
310,1,-1,-1,-1,1,-1,-1,1,1,-1,-1,1,1,1,-1,-1,-1,-1,1,1,-1,-1,1,-1,-1,-1,1,-1,-1,-1,-1,-1,-1,1,-1,-1,1,1,1,1,0.0,-158.61247339344607,1
311,-1,-1,-1,1,-1,-1,1,-1,1,1,-1,1,-1,1,-1,1,1,-1,1,1,-1,-1,-1,1,1,1,1,-1,-1,-1,-1,1,1,1,-1,-1,1,1,-1,-1,0.0,-158.60347443742148,2
312,1,1,1,1,1,-1,1,1,-1,-1,-1,-1,1,-1,-1,-1,-1,-1,1,1,1,1,1,-1,1,1,-1,-1,1,1,1,-1,1,-1,1,-1,-1,1,1,1,0.0,-158.5524799959629,1
313,-1,-1,-1,1,-1,-1,1,-1,1,1,1,1,-1,1,-1,1,1,-1,-1,1,-1,-1,-1,1,1,1,1,-1,-1,-1,-1,1,1,1,-1,-1,1,1,-1,-1,0.0,-158.47387508115554,1
314,1,-1,-1,-1,-1,1,-1,-1,1,-1,1,1,-1,1,-1,1,1,1,-1,-1,-1,-1,-1,1,-1,-1,1,1,-1,-1,-1,1,-1,1,-1,1,1,-1,-1,-1,0.0,-158.46965725625782,1
315,1,1,1,-1,1,1,-1,1,-1,-1,-1,-1,1,-1,1,1,-1,1,1,-1,-1,1,1,-1,-1,-1,1,1,1,1,1,1,-1,-1,1,1,-1,-1,1,1,0.0,-158.4651703335877,1
316,1,1,-1,1,1,-1,1,1,-1,-1,-1,1,1,-1,-1,-1,-1,-1,1,1,1,1,1,-1,1,1,-1,-1,1,-1,1,-1,1,-1,1,-1,-1,1,1,1,0.0,-158.4554043916606,1
317,1,1,-1,1,1,-1,1,1,-1,-1,-1,-1,1,-1,-1,-1,-1,-1,1,1,1,1,1,-1,1,1,-1,-1,1,-1,1,-1,1,-1,1,-1,-1,1,1,1,0.0,-158.44561682607485,1
318,-1,-1,-1,-1,-1,-1,-1,-1,1,-1,1,1,-1,1,-1,1,1,1,1,1,-1,-1,-1,1,1,-1,1,1,-1,-1,-1,-1,1,1,-1,1,1,-1,-1,-1,0.0,-158.40638379131116,1
319,1,1,1,-1,1,1,-1,1,-1,-1,1,-1,1,-1,1,1,1,1,1,-1,-1,1,1,-1,-1,-1,1,1,1,1,1,-1,-1,-1,1,1,-1,-1,1,-1,0.0,-158.35564476407527,1
320,1,1,1,-1,1,1,-1,1,1,-1,-1,-1,1,-1,1,1,-1,1,-1,-1,-1,1,1,-1,-1,-1,-1,1,1,1,1,1,-1,-1,1,1,-1,-1,-1,-1,0.0,-158.31872135156857,1
321,1,1,1,-1,1,1,-1,1,1,-1,-1,-1,1,-1,1,-1,-1,1,-1,-1,-1,-1,1,-1,-1,1,-1,1,-1,1,1,1,-1,-1,1,1,-1,-1,-1,-1,0.0,-158.31663319186484,1
322,-1,-1,-1,1,-1,-1,1,-1,1,1,1,1,-1,1,-1,1,1,-1,1,1,1,-1,-1,1,1,1,1,-1,-1,-1,-1,-1,1,1,-1,-1,1,1,-1,-1,0.0,-158.3107463181534,1
323,1,1,1,-1,1,1,-1,1,-1,-1,-1,-1,1,-1,1,-1,-1,1,-1,-1,-1,1,1,-1,-1,-1,-1,1,1,1,1,1,-1,-1,1,1,-1,-1,1,1,0.0,-158.3107463181534,1
324,1,1,1,-1,1,1,-1,1,-1,-1,1,-1,1,-1,1,1,-1,1,-1,-1,-1,1,1,-1,-1,-1,-1,1,1,1,1,1,-1,-1,1,1,-1,-1,-1,-1,0.0,-158.27991170028145,2
325,1,1,1,-1,1,1,-1,1,-1,1,1,-1,1,-1,1,1,1,1,-1,-1,-1,1,1,-1,-1,-1,1,1,1,1,1,-1,-1,-1,1,1,-1,-1,-1,-1,0.0,-158.23819585467,1
326,1,1,1,-1,1,1,-1,1,1,-1,-1,-1,1,-1,1,-1,-1,1,1,1,-1,-1,1,-1,-1,-1,1,1,-1,1,1,-1,-1,-1,1,1,-1,-1,-1,-1,0.0,-158.2178137248148,1
327,-1,-1,1,-1,-1,-1,-1,-1,1,-1,1,1,-1,1,1,1,1,1,1,-1,-1,-1,-1,1,1,-1,1,1,-1,1,-1,-1,-1,-1,-1,1,-1,-1,-1,-1,0.025,-156.9066839188432,1
328,1,-1,1,-1,1,1,-1,-1,1,1,1,-1,-1,-1,1,1,1,1,1,-1,-1,-1,-1,1,-1,-1,1,1,1,1,1,1,-1,1,-1,1,-1,1,-1,-1,0.025,-162.81129355737954,1
329,-1,-1,-1,1,-1,-1,1,-1,-1,-1,-1,1,1,1,-1,1,1,-1,1,1,1,-1,-1,1,1,1,1,-1,1,-1,-1,-1,1,1,-1,-1,1,1,1,1,0.0,-158.09293278378968,1
330,1,-1,1,1,1,-1,-1,1,1,1,-1,1,-1,-1,-1,-1,1,-1,1,1,-1,-1,1,-1,-1,-1,1,-1,-1,-1,-1,-1,-1,1,-1,-1,-1,1,1,1,0.0,-158.08580997867026,1
331,1,1,1,-1,1,1,-1,1,-1,-1,-1,-1,1,-1,1,1,-1,1,-1,1,-1,1,1,-1,-1,-1,1,1,1,1,1,1,1,-1,1,1,-1,-1,1,1,0.0,-158.0423215704144,1
332,1,1,1,-1,1,1,-1,1,-1,1,1,-1,1,-1,1,1,-1,1,-1,1,-1,1,1,-1,-1,-1,1,1,1,1,1,1,-1,-1,1,1,-1,-1,1,1,0.0,-158.036587633936,1
333,1,1,1,-1,1,1,1,1,-1,-1,-1,-1,1,-1,1,1,-1,1,-1,1,1,1,1,-1,-1,1,-1,1,1,1,1,-1,1,-1,1,1,-1,1,-1,1,0.0,-158.0250928266616,1
334,-1,-1,-1,-1,-1,-1,-1,-1,1,-1,1,1,-1,1,-1,1,1,1,1,-1,-1,-1,-1,1,1,-1,1,1,-1,-1,-1,1,-1,1,-1,1,1,-1,-1,-1,0.0,-158.00230512569647,1
335,-1,-1,-1,1,-1,-1,1,-1,1,1,-1,1,-1,1,-1,1,1,-1,1,-1,-1,-1,-1,1,1,1,1,-1,-1,-1,-1,1,1,1,-1,-1,1,1,-1,-1,0.0,-157.96154473104968,1
336,1,-1,1,-1,1,-1,-1,1,1,1,1,1,-1,-1,1,-1,1,-1,1,1,-1,-1,1,-1,-1,-1,1,1,-1,-1,-1,-1,-1,-1,-1,-1,-1,-1,-1,-1,0.0,-157.95648084817714,1
337,1,-1,1,-1,1,1,-1,-1,1,1,1,-1,-1,-1,1,-1,1,-1,1,-1,-1,-1,1,-1,-1,-1,1,1,-1,-1,1,-1,-1,1,-1,1,-1,-1,-1,-1,0.0,-157.92971156327275,1
338,1,1,1,-1,1,1,-1,1,1,-1,-1,-1,1,-1,1,1,-1,1,1,1,-1,1,1,-1,-1,-1,1,1,1,1,1,1,-1,-1,1,1,-1,1,-1,-1,0.0,-157.88307673943368,1
339,-1,-1,-1,-1,-1,-1,-1,-1,1,-1,1,1,-1,1,-1,-1,1,1,1,1,-1,-1,-1,1,1,-1,1,-1,-1,-1,-1,-1,-1,1,-1,-1,1,-1,-1,-1,0.0,-157.86444065265718,1
340,1,-1,-1,-1,-1,1,-1,-1,1,1,1,-1,-1,1,-1,1,1,1,-1,-1,-1,-1,-1,1,-1,-1,1,1,-1,-1,-1,1,-1,1,-1,1,1,-1,-1,-1,0.025,-160.76794222378135,1
341,1,1,1,1,1,1,-1,1,-1,1,-1,-1,1,-1,1,-1,1,-1,1,1,1,1,1,-1,-1,-1,1,-1,1,-1,1,-1,-1,-1,1,-1,1,-1,1,1,0.0,-157.83114463531672,1
342,-1,-1,-1,-1,-1,-1,1,-1,1,-1,1,1,-1,1,-1,1,-1,1,-1,-1,-1,-1,-1,1,1,1,-1,1,-1,1,-1,1,1,1,-1,1,-1,1,-1,-1,0.0,-157.83114463531672,1
343,1,-1,1,-1,-1,1,-1,-1,1,1,1,-1,-1,-1,1,1,1,1,1,-1,-1,-1,-1,1,-1,-1,1,1,-1,-1,-1,-1,-1,1,-1,1,-1,-1,-1,-1,0.0,-157.79721831907756,1
344,1,1,1,-1,1,1,-1,1,1,-1,-1,-1,1,-1,1,-1,-1,1,1,-1,-1,-1,1,-1,-1,1,-1,1,-1,1,1,-1,-1,-1,1,1,-1,-1,-1,-1,0.0,-157.7941648671729,1
345,-1,-1,-1,1,-1,-1,1,-1,1,1,-1,1,-1,1,-1,-1,1,-1,1,1,1,-1,-1,1,1,-1,1,-1,-1,-1,-1,-1,1,1,-1,-1,1,1,1,1,0.0,-157.77032640776702,1
346,1,-1,1,1,1,-1,-1,-1,1,1,-1,1,-1,-1,-1,-1,1,-1,1,1,-1,-1,1,-1,1,-1,1,-1,-1,-1,1,-1,-1,1,-1,-1,-1,1,-1,-1,0.0,-157.76781414195443,1
347,-1,-1,-1,-1,-1,-1,1,-1,1,-1,1,1,-1,1,-1,1,-1,-1,1,-1,1,-1,-1,1,1,1,-1,-1,-1,-1,-1,1,1,1,-1,1,1,1,-1,-1,0.0,-157.70556280485172,1
348,-1,-1,-1,1,-1,-1,1,-1,1,1,1,1,-1,1,-1,-1,1,-1,-1,1,1,-1,-1,1,1,1,-1,-1,-1,-1,-1,-1,1,1,-1,-1,1,-1,1,1,0.0,-157.68380727299635,1
349,-1,-1,-1,1,-1,-1,-1,-1,1,1,1,1,-1,-1,-1,-1,1,-1,1,-1,1,-1,-1,1,1,-1,1,-1,-1,-1,-1,-1,-1,1,-1,-1,1,-1,1,-1,0.0,-157.6706336285131,1
350,-1,-1,-1,1,-1,-1,1,-1,1,1,-1,1,-1,1,-1,-1,1,-1,1,-1,1,-1,-1,1,1,-1,1,-1,-1,-1,-1,-1,-1,1,-1,-1,1,-1,-1,-1,0.0,-157.6683751470188,1
351,1,1,-1,1,-1,1,1,-1,-1,1,-1,-1,1,-1,-1,1,1,-1,-1,-1,1,1,-1,1,1,1,-1,-1,1,1,1,1,1,1,1,-1,1,1,-1,-1,0.0,-157.6525073684452,1
352,1,1,1,1,1,1,1,1,-1,1,-1,-1,1,-1,1,-1,-1,-1,-1,-1,1,1,1,-1,-1,1,-1,-1,1,-1,1,1,-1,-1,1,-1,1,1,1,1,0.0,-157.637238336361,1
353,-1,-1,-1,-1,-1,-1,-1,-1,1,-1,1,1,-1,1,-1,1,1,1,1,1,-1,-1,-1,1,1,-1,1,1,-1,1,-1,-1,1,1,-1,1,-1,-1,-1,-1,0.0,-157.637238336361,2
354,-1,-1,-1,-1,-1,-1,-1,-1,1,-1,1,1,-1,1,-1,-1,1,1,1,-1,-1,-1,-1,1,1,-1,1,1,-1,1,-1,-1,-1,1,-1,1,-1,-1,-1,-1,0.025,-161.43613452388803,1
355,-1,-1,-1,-1,-1,-1,1,-1,1,-1,1,1,-1,1,-1,1,-1,1,1,-1,-1,-1,-1,1,1,1,-1,1,-1,1,-1,1,1,1,-1,1,-1,1,-1,-1,0.0,-157.59416429280884,2
356,-1,-1,1,1,1,-1,-1,-1,1,-1,1,1,-1,-1,-1,-1,1,-1,1,1,-1,-1,1,-1,1,-1,1,-1,-1,-1,-1,-1,-1,1,-1,-1,-1,1,-1,-1,0.0,-157.57117340019087,1
357,1,1,1,-1,1,1,1,1,-1,-1,-1,-1,1,-1,1,-1,-1,1,-1,1,1,1,1,-1,-1,1,-1,1,1,1,1,-1,-1,-1,1,1,-1,1,1,1,0.0,-157.5657004588296,1
358,-1,-1,-1,1,-1,-1,1,-1,1,-1,1,1,-1,1,-1,-1,-1,-1,1,1,1,-1,-1,1,1,1,-1,-1,-1,-1,-1,-1,1,1,-1,-1,-1,1,1,1,0.0,-157.53867409657994,1
359,-1,-1,-1,1,-1,-1,1,-1,1,-1,-1,1,1,1,-1,-1,-1,-1,-1,1,1,-1,-1,1,1,1,-1,-1,-1,-1,-1,-1,1,1,-1,-1,1,1,1,-1,0.0,-157.52492373172316,1
360,1,1,1,-1,1,1,-1,1,1,-1,1,-1,-1,-1,1,-1,-1,1,1,-1,-1,1,1,-1,-1,-1,-1,1,-1,1,1,-1,-1,-1,1,1,-1,-1,-1,-1,0.0,-157.5166223947239,1
361,-1,-1,-1,1,-1,-1,1,-1,1,1,1,1,-1,1,-1,1,1,-1,1,1,-1,-1,-1,1,1,-1,1,-1,-1,-1,-1,1,1,1,-1,-1,1,1,-1,1,0.0,-157.44469682008864,1
362,1,1,1,1,1,1,1,1,-1,-1,-1,-1,1,-1,-1,-1,-1,-1,-1,1,1,1,1,-1,1,1,-1,-1,1,1,1,-1,1,-1,1,-1,-1,1,1,1,0.0,-157.43831370550797,1
363,-1,-1,-1,1,-1,-1,1,-1,1,1,1,1,-1,1,-1,1,-1,-1,-1,1,1,-1,-1,1,1,1,-1,-1,-1,-1,-1,1,1,1,-1,-1,1,1,-1,-1,0.0,-157.41213751276467,1
364,-1,-1,-1,1,-1,-1,1,-1,1,1,1,1,-1,1,-1,-1,-1,-1,1,1,1,-1,-1,1,1,1,-1,-1,-1,-1,-1,1,1,1,-1,-1,1,1,-1,-1,0.0,-157.36626215197697,1
365,-1,-1,-1,-1,-1,-1,1,-1,1,-1,1,1,-1,1,-1,-1,-1,-1,1,-1,1,-1,-1,1,1,1,-1,-1,-1,-1,-1,-1,1,-1,-1,1,1,1,-1,-1,0.025,-161.02548058531937,1
366,1,-1,1,1,1,-1,-1,-1,1,-1,1,-1,-1,-1,-1,-1,1,-1,1,1,-1,-1,1,-1,1,-1,1,-1,-1,-1,-1,-1,-1,1,-1,-1,-1,-1,-1,-1,0.0,-157.3230920630452,1
367,-1,-1,-1,-1,-1,-1,-1,-1,1,-1,1,1,-1,1,-1,-1,1,1,1,1,-1,-1,-1,1,1,-1,1,-1,-1,-1,-1,-1,1,1,-1,-1,1,1,1,1,0.0,-157.3177431163004,1
368,1,1,-1,1,-1,-1,1,1,-1,1,-1,1,1,1,-1,-1,-1,-1,-1,1,1,1,1,-1,1,1,-1,-1,1,-1,1,1,1,-1,1,-1,1,1,1,1,0.0,-157.27227906702205,2
369,1,-1,1,1,1,-1,-1,1,1,1,-1,1,-1,-1,-1,-1,1,-1,1,1,-1,-1,1,-1,-1,-1,1,-1,-1,-1,-1,-1,-1,1,-1,-1,-1,-1,-1,-1,0.0,-157.27063891123396,1
370,-1,-1,-1,-1,-1,-1,1,-1,1,1,1,1,-1,1,-1,-1,1,-1,1,1,1,-1,-1,1,1,-1,1,-1,-1,-1,-1,-1,-1,1,-1,-1,1,1,-1,1,0.0,-157.25548977648413,1
371,1,1,1,-1,1,1,1,1,-1,1,-1,-1,1,-1,1,1,-1,-1,-1,1,1,1,1,-1,-1,1,-1,-1,1,1,1,1,1,-1,1,-1,1,1,1,1,0.0,-157.24812191431107,1
372,-1,-1,-1,1,-1,-1,-1,-1,1,-1,1,1,-1,1,-1,-1,1,-1,1,1,1,-1,-1,1,1,-1,1,-1,-1,-1,-1,-1,1,1,-1,-1,1,1,1,-1,0.0,-157.19783941461654,1
373,1,-1,1,1,1,-1,-1,-1,1,-1,1,1,-1,-1,-1,-1,1,-1,1,1,-1,-1,1,-1,1,-1,1,-1,-1,-1,-1,-1,-1,1,-1,-1,-1,1,-1,-1,0.0,-157.18294198506948,1
374,-1,1,-1,1,-1,-1,1,1,-1,-1,-1,1,1,1,-1,-1,-1,-1,-1,1,1,-1,1,-1,1,1,-1,-1,-1,-1,-1,-1,1,-1,1,-1,1,-1,1,1,0.0,-157.16972614855695,3
375,-1,-1,1,-1,-1,1,-1,-1,1,-1,1,-1,-1,-1,1,1,1,1,1,-1,-1,-1,-1,1,-1,-1,1,1,-1,1,-1,-1,-1,1,-1,1,-1,-1,-1,-1,0.0,-157.1203912756706,1
376,-1,-1,-1,-1,-1,-1,1,-1,1,-1,1,1,-1,1,-1,-1,-1,1,1,1,-1,-1,-1,1,1,1,-1,1,-1,1,-1,-1,1,-1,-1,1,-1,1,-1,-1,0.0,-157.10707545489092,1
377,-1,-1,-1,1,-1,-1,1,-1,-1,1,1,1,-1,1,-1,1,1,-1,-1,-1,1,-1,-1,1,1,1,-1,-1,-1,-1,-1,1,1,1,-1,-1,1,-1,-1,-1,0.0,-157.06883624455222,1
378,-1,-1,-1,1,-1,-1,1,-1,-1,1,1,1,-1,1,-1,1,1,-1,1,1,1,1,-1,1,1,1,1,-1,-1,-1,-1,-1,1,1,-1,-1,1,1,1,1,0.0,-157.0519837602318,1
379,-1,-1,-1,1,-1,-1,1,-1,1,1,1,1,-1,1,-1,-1,1,-1,-1,-1,1,-1,-1,1,1,-1,-1,-1,-1,-1,-1,-1,-1,1,-1,-1,1,-1,-1,-1,0.0,-157.04743743720957,1
380,-1,-1,-1,-1,-1,1,-1,-1,1,-1,1,1,-1,1,-1,-1,1,1,1,-1,-1,-1,-1,1,-1,-1,1,1,-1,-1,-1,-1,-1,1,-1,1,1,-1,-1,-1,0.0,-157.03309468182766,1
381,-1,-1,-1,1,-1,-1,1,-1,1,-1,1,-1,-1,-1,-1,-1,1,-1,1,-1,1,-1,-1,1,1,1,-1,-1,-1,-1,-1,-1,1,1,-1,1,-1,-1,-1,-1,0.0,-157.03155089844404,1
382,1,1,1,-1,1,1,-1,1,-1,1,-1,-1,1,-1,1,-1,1,1,-1,-1,-1,1,1,-1,-1,-1,1,1,1,1,1,1,-1,-1,1,-1,-1,-1,1,1,0.0,-157.02333940454844,1
383,-1,-1,-1,1,-1,-1,-1,-1,1,-1,1,-1,-1,1,-1,1,1,1,-1,-1,-1,-1,-1,1,1,1,1,1,-1,-1,-1,1,1,1,-1,1,1,-1,-1,-1,0.0,-157.0020381756219,1
384,-1,-1,-1,-1,-1,-1,-1,-1,1,-1,1,1,-1,1,1,1,1,1,1,1,-1,-1,-1,1,1,-1,1,1,-1,-1,-1,-1,-1,1,-1,1,-1,-1,-1,-1,0.0,-156.99319610130578,1
385,1,1,1,-1,1,1,-1,1,1,-1,-1,-1,1,-1,1,-1,-1,1,1,-1,-1,-1,1,-1,-1,1,-1,1,1,1,1,1,-1,-1,1,1,-1,-1,-1,-1,0.0,-156.90912328356075,1
386,-1,-1,-1,1,1,-1,1,-1,1,-1,-1,1,-1,1,-1,-1,-1,-1,1,-1,1,-1,-1,1,1,1,-1,-1,-1,-1,-1,1,1,1,-1,-1,1,1,-1,1,0.0,-156.85687955663278,1
387,-1,-1,-1,-1,-1,-1,1,-1,1,-1,1,1,-1,1,-1,-1,1,-1,1,-1,1,-1,-1,1,1,-1,1,-1,-1,-1,-1,-1,-1,1,-1,-1,1,-1,-1,-1,0.0,-156.83931785990458,1
388,-1,-1,-1,-1,-1,-1,1,-1,1,-1,1,1,-1,1,-1,-1,-1,1,1,1,-1,-1,-1,1,1,1,-1,1,-1,1,-1,-1,1,-1,1,1,-1,1,-1,-1,0.0,-156.80661574274347,1
389,1,-1,1,-1,1,-1,-1,1,1,-1,1,1,-1,1,1,-1,-1,1,1,1,-1,-1,1,-1,-1,-1,1,1,-1,-1,-1,-1,-1,-1,-1,1,-1,-1,1,1,0.0,-156.79050539950873,1
390,1,1,1,-1,1,1,-1,1,-1,-1,1,-1,1,-1,1,1,-1,1,-1,1,-1,1,1,-1,-1,-1,-1,1,1,1,1,1,1,-1,1,1,-1,1,1,1,0.0,-156.78624557563475,1
391,1,-1,1,1,1,-1,-1,-1,1,1,-1,1,-1,-1,1,-1,1,-1,1,1,-1,-1,1,-1,-1,-1,1,-1,-1,-1,1,-1,-1,1,-1,-1,-1,1,-1,-1,0.0,-156.78421067771845,1
392,-1,1,-1,1,-1,-1,1,1,-1,-1,-1,1,1,1,-1,-1,-1,-1,-1,1,1,-1,1,-1,1,1,-1,-1,-1,-1,-1,1,1,-1,1,-1,1,-1,1,1,0.0,-156.7377038289019,1
393,-1,1,1,1,1,-1,1,1,-1,-1,-1,1,1,-1,-1,-1,-1,-1,1,1,1,1,1,-1,1,1,-1,-1,-1,1,1,-1,1,-1,1,-1,-1,1,1,1,0.0,-156.71099254709858,1
394,1,-1,-1,-1,-1,1,-1,-1,1,-1,1,1,-1,1,-1,1,1,1,1,-1,-1,-1,-1,1,-1,-1,1,1,-1,-1,-1,-1,-1,1,-1,1,1,-1,-1,-1,0.0,-156.69754343799832,1
395,-1,-1,-1,1,-1,-1,1,-1,1,1,1,1,-1,1,-1,-1,1,-1,-1,-1,1,-1,-1,1,1,1,-1,-1,-1,-1,-1,-1,1,1,-1,-1,1,-1,1,-1,0.0,-156.6915608397382,1
396,1,1,1,-1,1,1,1,1,-1,-1,-1,-1,1,-1,1,1,-1,1,1,-1,-1,1,1,-1,-1,1,-1,1,1,1,1,1,1,-1,1,1,-1,1,1,1,0.0,-156.6844369720346,1
397,1,1,1,1,1,-1,1,1,-1,-1,-1,-1,1,-1,-1,-1,-1,-1,-1,1,1,1,1,-1,1,1,-1,-1,1,1,1,-1,1,-1,1,-1,-1,1,1,1,0.0,-156.68142946254287,1
398,-1,-1,-1,1,-1,-1,1,-1,1,-1,1,1,-1,1,-1,-1,-1,-1,1,1,1,-1,-1,1,1,1,-1,-1,-1,-1,-1,-1,1,1,-1,-1,1,1,-1,-1,0.025,-161.21873710892652,1
399,-1,-1,-1,-1,-1,-1,-1,-1,1,1,1,1,-1,1,-1,1,1,-1,1,1,-1,-1,-1,1,1,-1,1,-1,-1,-1,-1,1,-1,1,-1,-1,1,-1,-1,-1,0.0,-156.63420583625245,1
400,-1,-1,-1,1,-1,-1,1,-1,1,1,-1,1,-1,1,-1,-1,-1,-1,-1,1,1,-1,-1,1,1,1,-1,-1,-1,-1,-1,1,1,1,-1,-1,1,1,-1,-1,0.0,-156.61477285543185,1
401,-1,-1,-1,-1,-1,-1,-1,-1,1,-1,1,1,-1,1,-1,1,1,1,1,1,-1,-1,-1,1,1,-1,1,-1,-1,-1,-1,-1,-1,1,-1,1,-1,-1,-1,-1,0.0,-156.5941619976037,1
402,1,1,1,1,-1,1,-1,1,-1,1,-1,-1,1,-1,1,1,1,1,-1,-1,-1,1,1,-1,-1,-1,1,1,1,1,1,1,-1,-1,1,1,-1,-1,-1,-1,0.0,-156.5917822435045,1
403,1,-1,1,1,1,-1,-1,-1,1,-1,1,1,-1,-1,-1,-1,1,-1,1,1,-1,-1,1,-1,1,-1,1,-1,-1,-1,-1,-1,-1,1,-1,-1,-1,-1,-1,-1,0.0,-156.58636863801328,1
404,1,1,1,-1,1,1,-1,1,-1,1,1,-1,1,-1,1,1,-1,1,-1,1,-1,1,1,-1,-1,-1,-1,1,1,1,1,1,1,-1,1,1,-1,-1,1,1,0.0,-156.5637148635946,1
405,1,1,-1,1,1,-1,1,1,-1,-1,-1,1,1,1,-1,-1,-1,-1,-1,1,1,-1,1,-1,1,1,-1,-1,-1,-1,-1,1,1,-1,1,-1,1,1,1,1,0.0,-156.49758948448948,1
406,-1,-1,1,-1,-1,1,-1,-1,1,1,1,-1,-1,-1,1,1,1,1,1,-1,-1,1,-1,1,-1,-1,1,1,1,1,1,-1,-1,1,-1,1,-1,-1,-1,-1,0.0,-156.49758948448948,1
407,1,1,1,-1,1,1,-1,1,1,-1,-1,-1,1,-1,1,-1,-1,1,1,-1,-1,-1,1,-1,-1,1,-1,1,1,1,1,1,-1,-1,1,1,-1,1,-1,-1,0.0,-156.4804064791222,1
408,-1,-1,-1,1,-1,-1,1,-1,-1,1,1,1,-1,1,-1,1,1,-1,-1,1,1,1,-1,1,1,-1,1,-1,-1,-1,-1,-1,1,1,-1,-1,1,-1,1,1,0.0,-156.4804064791222,1
409,1,1,-1,1,1,1,1,1,-1,1,-1,-1,1,-1,-1,-1,-1,-1,-1,1,1,1,1,-1,1,1,-1,-1,1,-1,1,1,1,1,1,-1,1,1,1,1,0.05,-162.08202389057737,1
410,1,1,-1,1,1,-1,1,1,-1,-1,-1,-1,1,-1,-1,-1,-1,-1,-1,1,1,1,1,-1,1,1,-1,-1,1,-1,1,1,1,-1,1,-1,-1,1,1,1,0.0,-156.43725268062184,1
411,-1,-1,-1,1,-1,-1,1,-1,1,1,1,1,-1,1,-1,-1,1,-1,-1,1,1,-1,-1,1,1,1,-1,-1,-1,-1,-1,-1,1,1,-1,-1,1,-1,-1,-1,0.0,-156.41884723092943,1
412,-1,-1,-1,1,-1,-1,1,-1,-1,1,1,1,-1,1,-1,-1,1,-1,-1,1,1,-1,-1,1,1,1,-1,-1,-1,-1,-1,-1,1,1,-1,-1,1,-1,1,-1,0.0,-156.39692616935872,1
413,-1,-1,-1,-1,-1,-1,1,-1,1,-1,1,1,-1,1,-1,1,-1,1,-1,1,-1,-1,-1,1,1,1,-1,1,-1,1,-1,1,1,1,-1,1,-1,1,-1,-1,0.0,-156.37537856599783,1
414,-1,-1,-1,1,-1,-1,1,-1,-1,1,1,1,-1,1,-1,1,1,-1,1,1,1,-1,-1,1,1,1,1,-1,-1,-1,-1,1,1,1,-1,-1,1,1,1,1,0.0,-156.337409140298,1
415,-1,-1,-1,1,-1,-1,1,-1,-1,1,1,1,-1,1,-1,-1,1,-1,-1,-1,1,-1,-1,1,1,1,-1,-1,-1,-1,-1,1,1,1,-1,-1,1,-1,-1,1,0.0,-156.33412663863984,2
416,-1,-1,-1,1,-1,-1,-1,-1,-1,-1,1,1,-1,1,-1,1,1,-1,1,1,1,-1,-1,1,1,-1,1,-1,-1,-1,-1,-1,1,1,-1,-1,1,-1,1,-1,0.0,-156.29766576978355,1
417,-1,-1,1,-1,1,1,-1,-1,1,1,1,-1,-1,-1,1,1,1,1,1,-1,-1,1,-1,1,-1,-1,1,1,-1,1,1,-1,-1,1,-1,1,-1,-1,-1,-1,0.0,-156.28409596486324,1
418,-1,-1,-1,1,-1,-1,1,-1,1,1,1,1,-1,1,-1,-1,1,-1,-1,-1,1,-1,-1,1,1,1,-1,-1,-1,-1,-1,1,1,1,-1,-1,1,-1,-1,-1,0.025,-162.05488491679367,1
419,-1,-1,-1,-1,-1,-1,-1,-1,1,-1,1,1,-1,1,-1,1,1,1,1,-1,-1,-1,-1,1,-1,-1,1,1,-1,-1,-1,-1,-1,1,-1,1,1,-1,-1,-1,0.025,-163.23829875713204,1
420,-1,1,-1,1,-1,-1,1,1,-1,-1,-1,1,1,1,-1,-1,-1,-1,-1,1,1,-1,1,1,1,1,-1,-1,-1,-1,-1,-1,1,-1,1,-1,1,1,1,1,0.0,-156.22085779106908,1
421,-1,-1,-1,1,-1,-1,1,-1,1,-1,1,1,-1,1,-1,-1,1,-1,1,-1,1,-1,-1,1,1,1,-1,-1,-1,-1,-1,-1,-1,1,-1,1,1,-1,-1,-1,0.0,-156.21239426755022,1
422,-1,-1,-1,1,-1,-1,-1,-1,1,1,1,1,-1,1,-1,-1,1,-1,1,-1,1,-1,-1,1,1,-1,1,-1,-1,-1,-1,-1,-1,1,-1,-1,1,-1,-1,1,0.0,-156.20482846399935,1
423,1,1,1,-1,1,1,1,1,1,1,-1,-1,-1,-1,1,1,-1,1,-1,-1,-1,1,1,-1,-1,1,-1,1,1,1,1,1,1,-1,1,1,-1,1,-1,-1,0.0,-156.19064054882082,1
424,1,1,1,-1,1,1,1,1,-1,-1,-1,-1,1,-1,1,-1,-1,1,-1,-1,1,1,1,-1,-1,1,-1,1,1,1,1,1,-1,-1,1,1,-1,-1,1,1,0.0,-156.14644409255038,1
425,-1,-1,-1,1,-1,-1,1,-1,-1,1,1,1,-1,1,-1,-1,1,-1,-1,1,1,-1,-1,1,1,-1,1,-1,-1,-1,-1,-1,1,1,-1,-1,1,-1,1,1,0.0,-156.14538253610536,1
426,-1,-1,-1,-1,-1,-1,-1,-1,1,-1,1,1,-1,1,-1,1,1,1,1,-1,-1,-1,-1,1,1,-1,1,1,-1,-1,-1,-1,1,1,-1,1,1,-1,-1,-1,0.0,-156.14310807706687,1
427,1,1,1,1,1,1,1,1,-1,1,-1,-1,1,-1,1,-1,-1,-1,-1,-1,1,1,1,-1,-1,1,-1,-1,1,1,1,1,-1,1,1,-1,-1,1,-1,1,0.0,-156.11577077189767,1
428,1,1,1,-1,1,1,-1,1,-1,-1,1,-1,1,-1,1,1,-1,1,-1,1,-1,1,1,-1,-1,1,-1,1,1,1,1,1,1,-1,1,1,-1,1,-1,1,0.025,-151.97542204981733,1
429,1,1,1,1,1,1,-1,1,-1,-1,-1,-1,1,-1,1,1,1,1,-1,-1,-1,1,1,-1,-1,-1,1,1,1,1,1,-1,-1,-1,1,1,-1,-1,1,-1,0.025,-156.00138174488038,1
430,-1,1,1,1,1,-1,1,1,-1,-1,-1,-1,1,-1,1,-1,-1,-1,1,1,1,1,1,-1,1,1,-1,-1,1,-1,1,-1,1,-1,1,-1,-1,1,1,1,0.0,-156.02241725168875,1
431,-1,-1,-1,-1,-1,-1,1,-1,1,1,1,1,-1,1,-1,1,1,-1,1,1,1,-1,-1,1,1,-1,1,-1,-1,-1,-1,-1,1,1,-1,-1,1,1,-1,-1,0.0,-156.00696089160192,1
432,-1,-1,-1,-1,-1,-1,1,-1,1,-1,1,1,-1,1,-1,-1,1,-1,1,1,1,-1,-1,1,1,-1,1,-1,-1,-1,-1,-1,1,1,-1,-1,1,1,1,-1,0.0,-155.99601479528067,1
433,-1,-1,-1,-1,-1,-1,-1,-1,1,-1,1,-1,-1,1,-1,1,1,1,-1,-1,-1,-1,-1,1,1,-1,1,1,-1,-1,-1,1,1,1,-1,1,1,-1,-1,-1,0.0,-155.99176710974265,3
434,1,1,1,-1,1,1,-1,1,1,-1,-1,-1,1,-1,1,-1,-1,1,1,-1,-1,-1,1,-1,-1,-1,-1,1,-1,1,1,1,-1,-1,1,1,-1,-1,-1,-1,0.0,-155.9668876026025,1
435,-1,-1,-1,-1,-1,-1,1,-1,1,-1,1,1,-1,1,-1,1,-1,1,1,-1,-1,-1,-1,1,1,1,-1,1,-1,1,-1,1,1,1,-1,1,1,1,-1,-1,0.0,-155.9274596330646,1
436,1,1,1,1,1,1,-1,1,-1,1,-1,-1,1,-1,1,1,1,-1,-1,-1,1,1,1,-1,-1,-1,1,-1,1,-1,1,1,-1,-1,1,-1,1,-1,1,1,0.0,-155.90898940727047,1
437,-1,-1,-1,1,-1,-1,1,-1,1,1,1,1,-1,1,-1,-1,1,-1,-1,1,1,-1,-1,1,1,1,-1,-1,-1,-1,-1,-1,-1,1,-1,-1,1,-1,-1,-1,0.0,-155.8561511223142,1
438,-1,-1,-1,1,-1,-1,1,-1,1,1,1,-1,-1,1,-1,1,1,-1,-1,-1,1,-1,-1,1,1,1,1,-1,-1,-1,-1,1,1,1,-1,1,1,-1,-1,-1,0.0,-155.82707558112617,1
439,-1,-1,-1,-1,-1,1,-1,-1,1,-1,1,-1,-1,1,-1,1,1,1,-1,-1,-1,-1,-1,1,-1,-1,1,1,-1,1,-1,1,-1,1,-1,1,1,-1,-1,-1,0.0,-155.8208658028951,1
440,-1,-1,-1,1,-1,-1,1,-1,1,1,1,1,-1,1,-1,-1,1,-1,1,-1,1,-1,-1,1,1,1,-1,-1,-1,-1,-1,1,1,1,-1,-1,1,1,-1,-1,0.025,-164.0500619326382,1
441,1,1,-1,1,1,1,1,1,-1,1,-1,-1,1,-1,1,-1,-1,-1,-1,-1,1,1,1,-1,1,1,-1,-1,1,1,1,1,1,-1,1,-1,1,1,1,1,0.025,-154.51092410854312,1
442,-1,-1,-1,-1,-1,-1,1,-1,1,-1,1,1,-1,1,-1,1,-1,1,-1,-1,1,-1,-1,1,1,1,-1,1,-1,1,-1,1,1,1,-1,1,1,1,-1,-1,0.0,-155.77796122360047,1
443,1,1,1,1,1,1,1,1,-1,1,-1,-1,1,-1,-1,1,-1,-1,-1,1,1,1,1,-1,1,1,-1,-1,1,-1,1,1,1,1,1,-1,1,1,1,1,0.025,-152.54194155671934,1
444,1,1,1,1,1,1,1,1,-1,1,-1,-1,1,-1,1,1,1,-1,-1,1,1,1,1,-1,-1,-1,1,-1,1,-1,1,1,-1,1,1,-1,1,1,1,1,0.0,-155.71501455232118,1
445,-1,-1,-1,1,1,-1,-1,1,-1,-1,-1,1,1,1,-1,-1,1,-1,1,1,-1,-1,1,-1,-1,-1,1,-1,-1,-1,-1,-1,-1,1,-1,-1,1,-1,1,1,0.0,-155.67914001132274,1
446,1,-1,1,1,1,-1,-1,1,1,1,1,1,-1,-1,-1,-1,1,-1,1,1,-1,-1,1,-1,-1,-1,1,-1,-1,-1,-1,-1,-1,1,-1,-1,-1,1,-1,-1,0.025,-152.45370180054258,1
447,1,1,1,1,1,1,1,1,-1,1,-1,-1,1,-1,1,1,-1,-1,-1,1,1,1,1,-1,-1,1,-1,-1,1,1,1,1,-1,1,1,-1,1,1,-1,1,0.0,-155.60955182946705,1
448,-1,-1,-1,1,-1,-1,1,-1,1,1,-1,1,-1,1,-1,-1,1,-1,1,-1,1,-1,-1,1,1,1,-1,-1,-1,-1,-1,1,1,1,-1,-1,1,-1,-1,-1,0.0,-155.59935909060553,1
449,-1,-1,-1,1,-1,-1,1,-1,1,1,-1,1,-1,1,-1,-1,1,-1,1,-1,1,-1,-1,1,1,1,-1,-1,-1,-1,-1,1,1,1,-1,-1,1,1,-1,-1,0.025,-162.3692861120678,1
450,1,1,1,-1,1,1,-1,1,1,-1,-1,-1,1,-1,1,-1,-1,1,1,-1,-1,-1,1,-1,-1,-1,1,1,1,1,1,1,-1,-1,1,1,-1,1,-1,-1,0.0,-155.50854892015428,1
451,1,1,-1,1,1,-1,1,1,-1,1,-1,-1,1,-1,1,-1,-1,-1,-1,1,1,1,1,-1,1,1,-1,-1,1,-1,1,1,1,-1,1,-1,1,-1,1,1,0.025,-150.60272923628273,1
452,1,1,1,1,1,1,1,1,-1,-1,-1,-1,1,-1,1,-1,-1,-1,1,1,1,1,1,-1,-1,1,-1,-1,1,-1,1,-1,1,-1,1,-1,-1,1,1,1,0.0,-155.39987924312723,1
453,1,1,1,1,1,-1,1,1,-1,-1,-1,1,1,-1,-1,-1,-1,-1,1,1,1,1,1,-1,1,1,-1,-1,-1,-1,1,-1,1,-1,1,-1,-1,1,1,1,0.0,-155.39089160429418,1
454,-1,-1,-1,1,-1,-1,1,-1,1,1,1,1,-1,1,-1,-1,1,-1,1,-1,1,-1,-1,1,1,1,1,-1,-1,-1,-1,1,-1,1,-1,-1,1,1,-1,-1,0.0,-155.3779666983612,1
455,-1,-1,-1,-1,1,-1,-1,-1,1,-1,1,1,-1,1,-1,-1,-1,-1,1,1,-1,-1,1,1,1,-1,1,-1,-1,-1,-1,-1,-1,1,-1,-1,-1,1,-1,-1,0.0,-155.36722043454233,1
456,1,1,1,-1,1,1,-1,1,1,-1,1,-1,1,-1,1,-1,-1,1,1,1,-1,-1,1,-1,-1,-1,1,1,-1,1,1,-1,-1,-1,1,1,-1,-1,-1,-1,0.0,-155.35245160841447,1
457,-1,-1,-1,-1,-1,-1,-1,-1,1,1,1,1,-1,1,-1,1,1,1,1,1,-1,-1,-1,1,1,-1,1,1,-1,-1,-1,-1,-1,1,-1,1,1,-1,-1,-1,0.0,-155.347322634149,1
458,1,1,1,1,1,-1,1,1,-1,-1,-1,-1,1,-1,1,-1,-1,-1,1,1,1,1,1,-1,-1,1,-1,-1,1,-1,1,-1,1,-1,1,-1,-1,1,1,1,0.0,-155.32976001629842,1
459,-1,-1,-1,1,-1,-1,1,-1,-1,1,1,1,-1,1,-1,1,1,-1,-1,-1,1,-1,-1,1,1,1,-1,-1,1,-1,-1,1,1,1,-1,-1,1,1,1,1,0.0,-155.29833446024827,1
460,1,1,1,1,1,1,-1,1,-1,1,-1,-1,1,-1,1,1,1,-1,1,1,-1,1,1,-1,-1,-1,1,-1,1,-1,1,-1,-1,1,1,-1,-1,-1,1,1,0.0,-155.28177982219253,1
461,-1,-1,-1,1,-1,-1,1,-1,1,1,1,-1,-1,1,-1,1,1,-1,-1,-1,1,-1,-1,1,1,1,1,-1,-1,-1,-1,1,1,1,-1,-1,1,-1,-1,-1,0.0,-155.2402959654222,2
462,1,1,1,-1,1,1,-1,1,1,-1,-1,-1,1,-1,1,1,-1,1,1,-1,-1,1,1,-1,-1,-1,1,1,-1,1,1,1,-1,-1,1,1,-1,-1,-1,-1,0.0,-155.2327366134085,1
463,-1,-1,-1,1,-1,-1,-1,-1,-1,-1,1,1,-1,1,-1,1,1,-1,1,1,1,-1,-1,1,1,-1,1,-1,-1,-1,-1,-1,1,1,-1,-1,1,1,1,-1,0.0,-155.19997642646538,1
464,-1,-1,-1,1,-1,-1,1,-1,1,1,1,-1,-1,-1,-1,1,1,-1,-1,-1,1,-1,-1,1,1,1,-1,-1,-1,-1,-1,1,1,1,-1,-1,1,-1,-1,-1,0.0,-155.1691057370679,1
465,-1,-1,-1,-1,-1,1,-1,-1,1,-1,1,1,-1,1,-1,1,1,1,-1,-1,-1,-1,-1,1,1,-1,1,1,-1,1,-1,1,-1,1,-1,1,1,-1,-1,-1,0.0,-155.15818820983353,1
466,-1,-1,-1,-1,-1,-1,-1,-1,1,-1,1,1,-1,1,-1,1,1,1,-1,-1,-1,-1,-1,1,1,-1,1,1,-1,-1,-1,1,-1,1,-1,1,1,-1,-1,-1,0.0,-155.13671620757822,1
467,-1,-1,-1,1,-1,-1,1,-1,1,1,1,1,-1,1,-1,-1,1,-1,1,1,1,-1,-1,1,1,1,1,-1,-1,-1,-1,-1,1,1,-1,-1,1,1,-1,-1,0.0,-155.1222965475348,1
468,-1,-1,-1,-1,-1,-1,1,-1,1,-1,1,1,-1,1,-1,1,-1,1,-1,1,-1,-1,-1,1,1,1,-1,1,-1,1,-1,-1,1,-1,-1,1,-1,1,-1,-1,0.0,-154.9460183861627,1
469,-1,-1,-1,-1,-1,-1,-1,-1,1,1,1,-1,-1,1,-1,1,1,1,-1,-1,-1,-1,-1,1,1,-1,1,1,-1,-1,-1,1,1,1,-1,1,1,-1,-1,-1,0.025,-155.34498869890817,1
470,1,1,1,1,1,1,1,1,-1,-1,-1,1,1,-1,1,-1,-1,-1,1,1,1,1,1,-1,-1,1,-1,-1,1,1,1,-1,-1,-1,1,-1,-1,1,1,1,0.025,-155.34498869890817,1
471,-1,-1,-1,-1,-1,1,-1,-1,1,-1,1,-1,-1,1,-1,1,1,1,-1,-1,-1,-1,-1,1,-1,-1,1,1,-1,-1,-1,1,-1,1,-1,1,1,-1,-1,-1,0.025,-156.94611878188311,1
472,1,1,1,1,1,1,1,1,-1,1,-1,-1,1,-1,1,1,-1,-1,-1,-1,1,1,1,-1,-1,1,-1,1,1,1,1,1,1,-1,1,1,1,1,1,1,0.025,-165.69451157771957,1
473,1,1,-1,1,1,1,1,1,-1,1,-1,-1,1,-1,-1,-1,-1,-1,-1,1,1,1,1,-1,1,-1,-1,-1,1,1,1,1,1,1,1,-1,1,1,1,1,0.0,-154.86457950317362,1
474,-1,-1,-1,1,-1,-1,1,-1,-1,-1,1,1,1,1,-1,1,1,-1,-1,1,1,-1,-1,1,1,1,1,-1,-1,-1,-1,-1,1,1,-1,-1,1,1,1,1,0.0,-154.8306845627617,1
475,-1,-1,-1,1,-1,-1,1,-1,1,1,-1,1,-1,1,-1,-1,1,-1,1,-1,1,-1,-1,1,1,1,1,-1,-1,-1,-1,1,1,1,-1,-1,1,1,-1,-1,0.0,-154.81715158559172,1
476,-1,-1,1,-1,-1,1,-1,-1,1,1,1,1,-1,1,1,1,1,1,1,1,-1,-1,-1,1,-1,-1,1,1,-1,1,1,-1,-1,1,-1,1,-1,1,-1,-1,0.0,-154.72019890189125,1
477,1,1,1,1,-1,1,1,1,-1,1,-1,-1,1,-1,1,1,1,-1,-1,-1,1,1,-1,-1,-1,1,-1,1,1,1,1,1,-1,-1,1,1,1,-1,-1,-1,0.0,-154.68174574055004,1
478,-1,-1,-1,1,-1,-1,1,-1,1,1,1,1,-1,1,-1,1,1,-1,-1,1,1,-1,-1,1,1,1,-1,-1,-1,-1,-1,1,1,1,-1,-1,1,1,-1,-1,0.025,-165.24095687343987,1
479,1,1,-1,1,1,1,1,1,-1,1,-1,-1,1,-1,-1,-1,-1,-1,-1,1,1,-1,1,-1,1,1,-1,-1,1,-1,1,1,1,1,1,-1,1,1,1,1,0.0,-154.64964805273092,2
480,-1,1,1,1,1,-1,1,1,-1,-1,-1,-1,1,-1,-1,-1,-1,-1,1,1,1,1,1,-1,1,1,-1,-1,1,1,1,-1,1,1,1,-1,-1,1,1,1,0.0,-154.6146086044732,1
481,1,1,1,1,1,1,-1,1,-1,1,-1,1,1,-1,1,-1,1,-1,1,1,-1,1,1,-1,-1,-1,1,-1,1,-1,1,-1,-1,-1,1,-1,-1,-1,1,1,0.0,-154.50272159769236,1
482,-1,-1,-1,1,-1,-1,1,-1,-1,-1,1,1,1,1,-1,1,1,-1,1,1,1,-1,-1,1,1,1,1,-1,-1,-1,-1,-1,1,1,-1,-1,1,1,1,-1,0.0,-154.49052123867867,1
483,-1,-1,-1,-1,-1,1,-1,-1,1,-1,1,1,-1,1,-1,1,1,1,1,-1,-1,-1,-1,1,-1,-1,1,1,-1,1,1,-1,-1,1,-1,1,-1,-1,-1,-1,0.025,-144.26426807134663,1
484,-1,1,-1,1,-1,1,1,-1,-1,-1,-1,-1,1,1,-1,1,-1,-1,-1,-1,1,-1,-1,1,1,1,-1,-1,1,1,-1,1,1,1,1,-1,1,1,-1,-1,0.0,-154.4030674769474,1
485,1,1,-1,1,1,-1,1,1,-1,1,-1,-1,1,-1,-1,-1,-1,-1,-1,-1,1,1,1,-1,1,1,-1,-1,1,-1,1,1,1,1,1,-1,1,1,1,1,0.025,-156.65033040819054,1
486,-1,1,-1,1,1,-1,1,1,-1,-1,-1,1,1,1,-1,-1,-1,-1,-1,1,1,1,1,-1,1,1,-1,-1,-1,-1,-1,1,1,-1,1,-1,1,1,1,1,0.025,-165.98521330155285,1
487,-1,-1,-1,-1,-1,-1,-1,-1,1,-1,1,1,-1,1,-1,1,-1,1,1,1,-1,-1,-1,1,1,1,-1,1,-1,1,-1,-1,1,1,-1,1,-1,1,-1,-1,0.0,-154.36254088704115,1
488,1,1,1,1,1,-1,1,1,-1,1,-1,-1,1,-1,1,-1,-1,-1,1,1,1,1,1,-1,-1,1,-1,-1,1,1,1,-1,1,-1,1,-1,-1,1,1,1,0.0,-154.3560311000375,1
489,-1,-1,-1,-1,-1,1,-1,-1,1,-1,1,1,-1,1,-1,1,1,1,-1,-1,-1,-1,-1,1,1,-1,1,1,-1,-1,-1,1,-1,1,-1,1,1,-1,-1,-1,0.0,-154.3560311000375,1
490,-1,-1,-1,1,-1,-1,1,-1,1,1,1,-1,-1,1,-1,1,1,-1,-1,-1,1,-1,-1,1,1,1,-1,-1,-1,-1,-1,1,1,1,-1,-1,1,-1,-1,-1,0.025,-161.1580312963791,1
491,1,1,1,-1,1,1,-1,1,-1,-1,-1,-1,1,-1,1,1,-1,1,-1,1,-1,1,1,-1,-1,1,1,1,1,1,1,1,-1,-1,1,1,-1,1,-1,1,0.0,-154.2375036432992,1
492,1,-1,1,-1,1,1,-1,-1,1,1,1,1,-1,-1,1,-1,1,-1,1,1,-1,-1,1,-1,-1,-1,1,1,-1,-1,1,-1,-1,1,-1,1,-1,1,-1,-1,0.0,-154.09996205829168,1
493,1,1,1,1,1,1,1,1,-1,1,-1,-1,1,-1,1,-1,1,-1,1,1,1,1,1,-1,-1,-1,1,-1,1,-1,1,-1,-1,1,1,-1,-1,1,1,1,0.0,-154.0685177736268,1
494,-1,1,1,1,1,-1,1,1,-1,-1,-1,1,1,-1,1,-1,-1,-1,1,1,1,1,1,-1,1,1,-1,-1,-1,-1,1,-1,1,-1,1,-1,-1,1,1,1,0.0,-154.04321617008392,1
495,-1,-1,-1,1,-1,-1,1,-1,1,1,1,1,-1,1,-1,1,1,-1,-1,1,1,-1,-1,1,1,-1,1,-1,-1,-1,-1,1,1,1,-1,-1,1,1,1,1,0.0,-154.0348327221421,1
496,-1,-1,-1,1,-1,-1,1,-1,1,-1,-1,1,-1,1,-1,-1,-1,-1,-1,1,1,-1,-1,1,1,1,-1,-1,-1,-1,-1,1,1,-1,-1,-1,1,1,-1,-1,0.0,-154.02207940156677,1
497,1,1,-1,1,-1,-1,1,1,-1,-1,-1,1,1,1,-1,-1,-1,-1,-1,1,1,-1,1,-1,1,1,-1,-1,-1,-1,-1,1,1,-1,1,-1,1,-1,1,1,0.0,-154.01501976781137,1
498,-1,-1,-1,1,-1,-1,1,-1,1,-1,1,1,-1,-1,-1,-1,1,-1,1,1,1,-1,-1,1,1,1,-1,-1,-1,-1,-1,-1,1,1,-1,-1,-1,-1,-1,-1,0.0,-153.95231874323127,1
499,-1,-1,-1,-1,-1,-1,-1,-1,1,1,1,1,-1,1,-1,1,1,-1,1,1,-1,-1,-1,1,1,-1,1,-1,-1,-1,-1,-1,1,1,-1,-1,1,1,1,-1,0.0,-153.86349955349647,1
500,1,1,-1,1,-1,1,1,-1,-1,1,-1,-1,1,-1,-1,1,1,-1,-1,-1,1,1,-1,1,1,1,-1,-1,1,1,1,1,1,1,1,-1,1,1,-1,-1,0.025,-157.6525073684452,1
501,-1,1,-1,1,1,-1,1,1,-1,-1,-1,1,1,-1,-1,-1,-1,-1,-1,1,1,1,1,-1,1,1,-1,-1,1,1,1,1,1,-1,1,-1,1,1,1,1,0.0,-153.8008439110053,1
502,1,1,1,1,-1,1,1,1,-1,1,-1,-1,1,-1,1,1,-1,1,-1,-1,-1,1,1,-1,-1,1,-1,1,1,1,1,1,-1,-1,1,1,-1,-1,-1,-1,0.0,-153.7537165478663,1
503,-1,-1,-1,-1,-1,-1,-1,-1,1,-1,1,1,-1,1,-1,-1,1,1,1,1,-1,-1,-1,1,1,-1,1,1,-1,-1,-1,-1,1,1,-1,1,-1,1,-1,-1,0.0,-153.7472291998615,1
504,-1,-1,-1,1,-1,-1,1,-1,1,1,1,-1,-1,1,-1,1,1,-1,-1,-1,1,-1,-1,1,1,1,1,-1,-1,-1,-1,1,1,1,-1,-1,1,1,-1,-1,0.0,-153.71865163143724,1
505,-1,-1,-1,-1,-1,-1,-1,-1,1,-1,1,1,-1,1,-1,1,1,1,1,1,-1,-1,-1,1,1,-1,1,1,-1,-1,-1,-1,1,1,-1,1,1,-1,1,1,0.0,-153.67838776245122,1
506,-1,1,-1,-1,-1,1,1,1,-1,-1,-1,-1,1,1,-1,1,-1,1,-1,-1,1,1,-1,1,1,1,-1,1,1,1,-1,1,1,-1,1,1,1,-1,1,1,0.0,-153.67464660125162,1
507,1,1,1,1,1,1,1,1,-1,-1,-1,-1,1,-1,-1,-1,-1,-1,1,1,1,1,1,-1,1,1,-1,-1,1,1,1,1,1,-1,1,-1,-1,1,-1,1,0.0,-153.62468281330536,1
508,-1,-1,-1,-1,-1,-1,-1,-1,1,-1,1,1,-1,1,-1,1,1,1,1,1,-1,-1,-1,1,-1,-1,1,1,-1,-1,-1,-1,1,1,-1,1,-1,1,-1,-1,0.0,-153.58196815550284,1
509,1,1,1,-1,1,1,-1,1,-1,-1,-1,-1,1,-1,1,1,-1,1,-1,1,-1,1,1,-1,-1,1,-1,1,1,1,1,1,1,-1,1,1,-1,1,1,-1,0.0,-153.43396385246396,1
510,-1,-1,1,-1,-1,1,-1,-1,1,-1,1,1,-1,-1,1,1,1,1,1,-1,-1,-1,-1,1,-1,-1,1,1,-1,1,1,-1,-1,1,-1,1,-1,-1,-1,-1,0.025,-152.89076018903017,1
511,-1,-1,-1,1,-1,-1,-1,-1,1,1,1,1,-1,1,-1,1,1,-1,-1,-1,-1,-1,-1,1,1,1,1,-1,-1,-1,-1,-1,-1,1,-1,-1,1,-1,-1,-1,0.0,-153.37275339195327,1
512,-1,-1,-1,-1,-1,-1,-1,-1,1,1,1,1,-1,1,-1,1,1,1,-1,1,-1,-1,-1,1,1,-1,1,1,-1,-1,-1,1,1,1,-1,1,1,-1,-1,-1,0.0,-153.36201111745493,1
513,1,1,1,1,1,1,1,1,-1,-1,-1,-1,1,-1,1,1,-1,1,-1,1,-1,1,1,-1,-1,1,-1,1,1,1,1,1,1,-1,1,1,-1,1,1,-1,0.0,-153.36041111151172,1
514,-1,-1,-1,-1,-1,-1,-1,-1,1,-1,1,1,-1,1,-1,1,-1,1,1,1,-1,-1,-1,1,1,-1,1,1,-1,-1,-1,-1,1,1,-1,1,-1,1,-1,-1,0.0,-153.27632516656493,1
515,1,-1,1,-1,-1,1,-1,-1,1,-1,1,-1,-1,-1,1,1,1,1,1,-1,-1,-1,-1,1,-1,-1,1,1,-1,-1,1,-1,-1,1,-1,1,-1,-1,-1,-1,0.025,-152.99272435662215,1
516,-1,-1,-1,1,-1,-1,1,-1,1,1,-1,1,-1,1,-1,1,1,-1,-1,-1,-1,-1,-1,1,1,1,1,-1,-1,-1,-1,1,1,1,-1,-1,1,1,-1,-1,0.0,-153.23324047486977,1
517,-1,-1,-1,1,-1,-1,1,-1,1,1,-1,1,-1,1,-1,-1,1,-1,1,-1,1,-1,-1,1,1,1,1,-1,-1,-1,-1,1,1,1,-1,-1,1,1,-1,-1,0.025,-154.81715158559172,1
518,1,1,1,-1,1,1,-1,1,-1,-1,1,-1,1,-1,1,1,-1,1,-1,1,-1,1,1,-1,-1,-1,-1,1,1,1,1,-1,-1,-1,1,1,-1,-1,1,1,0.025,-154.81715158559172,1
519,1,1,1,-1,1,1,-1,1,-1,1,1,-1,1,-1,1,1,1,1,1,1,-1,1,1,-1,-1,-1,1,1,1,1,1,-1,-1,1,-1,1,-1,-1,-1,1,0.0,-153.16260156535765,1
520,-1,1,-1,1,1,-1,1,-1,-1,-1,-1,-1,1,-1,-1,-1,-1,-1,-1,1,1,1,1,-1,1,-1,-1,-1,1,1,1,1,1,1,1,-1,-1,1,1,1,0.0,-153.15837938611926,1
521,-1,-1,-1,1,-1,-1,1,-1,-1,1,1,-1,-1,1,-1,1,1,-1,-1,-1,1,-1,-1,1,1,1,1,-1,-1,-1,-1,1,1,1,-1,-1,1,-1,-1,-1,0.0,-153.14633377805558,1
522,-1,-1,-1,1,-1,-1,1,-1,1,1,1,1,-1,1,-1,1,1,-1,1,1,-1,-1,-1,1,1,-1,1,-1,-1,-1,-1,-1,1,1,-1,-1,1,1,-1,-1,0.0,-153.1219066118927,1
523,-1,-1,-1,-1,-1,-1,-1,-1,1,-1,1,1,-1,1,-1,1,1,1,1,1,-1,-1,-1,1,1,-1,1,1,-1,1,1,-1,1,1,-1,1,-1,1,-1,-1,0.025,-143.66974253713929,1
524,-1,-1,-1,1,-1,-1,1,-1,1,1,-1,1,-1,1,-1,-1,1,-1,1,-1,1,-1,-1,1,1,-1,1,-1,-1,-1,-1,1,-1,1,-1,-1,1,-1,-1,-1,0.0,-153.09001810889058,2
525,-1,-1,-1,-1,-1,-1,-1,-1,1,-1,1,1,-1,1,-1,1,1,1,-1,1,-1,-1,-1,1,1,-1,1,1,-1,-1,-1,-1,1,1,-1,1,1,1,1,-1,0.0,-153.08760532388538,1
526,-1,-1,-1,1,-1,-1,1,-1,1,1,1,1,-1,1,-1,-1,1,-1,1,-1,1,-1,-1,1,1,-1,1,-1,-1,-1,-1,-1,1,1,-1,-1,1,-1,1,-1,0.0,-153.03038777031165,1
527,1,1,1,1,1,-1,1,1,-1,1,-1,-1,1,-1,1,-1,-1,-1,1,1,1,1,1,-1,1,-1,-1,-1,1,-1,1,-1,1,-1,1,-1,-1,1,1,1,0.0,-152.97305469533507,1
528,-1,-1,-1,-1,-1,1,-1,-1,1,1,1,1,-1,1,-1,1,1,1,-1,-1,-1,-1,-1,1,1,-1,1,1,-1,-1,-1,1,-1,1,-1,1,1,-1,-1,-1,0.0,-152.96494643863355,1
529,1,1,1,1,1,1,1,1,-1,1,-1,-1,1,-1,1,-1,-1,-1,1,-1,1,1,1,-1,-1,1,-1,-1,1,1,1,1,-1,1,1,-1,-1,1,1,1,0.0,-152.9581312330711,1
530,-1,-1,-1,1,-1,-1,1,-1,1,1,1,1,-1,1,-1,1,1,-1,-1,-1,1,-1,-1,1,1,1,-1,-1,-1,-1,-1,1,1,1,-1,-1,1,1,1,-1,0.0,-152.93357206598208,1
531,1,1,1,1,1,1,1,1,-1,-1,-1,-1,1,-1,1,1,-1,1,-1,1,-1,1,1,-1,-1,1,1,1,1,1,1,1,1,-1,1,1,-1,1,1,1,0.0,-152.91399942385303,1
532,1,-1,1,-1,-1,1,-1,-1,1,1,1,-1,-1,-1,1,1,1,1,-1,-1,-1,-1,-1,1,-1,-1,1,1,-1,1,1,1,-1,1,-1,1,-1,-1,-1,-1,0.0,-152.90018714390595,1
533,-1,-1,-1,1,-1,-1,1,-1,1,-1,-1,1,-1,1,-1,-1,1,-1,1,-1,1,-1,-1,1,1,1,1,-1,-1,-1,-1,1,1,1,-1,-1,1,1,-1,-1,0.0,-152.82898759880595,1
534,-1,-1,-1,1,-1,-1,1,-1,1,-1,1,1,-1,-1,-1,-1,1,-1,1,-1,1,-1,-1,1,1,1,-1,-1,-1,-1,-1,-1,1,1,-1,1,-1,-1,-1,-1,0.0,-152.7917321776278,1
535,1,1,1,1,-1,1,1,-1,-1,1,1,-1,-1,-1,1,1,1,1,-1,-1,1,1,-1,1,1,1,-1,1,1,1,1,1,1,-1,1,1,1,-1,-1,-1,0.0,-152.77940564507864,1
536,1,-1,1,1,1,-1,1,-1,1,-1,-1,1,-1,-1,-1,-1,-1,-1,1,1,-1,-1,1,-1,1,1,-1,-1,-1,-1,-1,-1,-1,-1,1,-1,-1,1,-1,-1,0.0,-152.69089735286062,1
537,-1,-1,-1,1,-1,-1,1,-1,1,1,1,1,-1,1,-1,-1,1,-1,-1,-1,1,-1,-1,1,1,1,-1,-1,-1,-1,-1,-1,1,1,-1,-1,1,1,1,1,0.0,-152.6232594758985,1
538,1,-1,-1,-1,-1,1,1,-1,1,-1,1,-1,1,1,-1,1,-1,1,-1,-1,1,1,-1,1,1,1,-1,1,1,1,-1,1,1,-1,1,1,1,1,-1,-1,0.0,-152.6028945470987,1
539,-1,-1,-1,-1,-1,-1,-1,-1,1,-1,1,1,-1,1,-1,1,1,1,-1,1,-1,-1,-1,1,1,1,1,1,-1,-1,-1,-1,1,1,-1,1,1,-1,1,-1,0.0,-152.54568210603554,1
540,-1,-1,-1,1,-1,-1,1,-1,-1,-1,-1,1,-1,1,-1,-1,1,-1,1,-1,1,-1,-1,1,1,1,-1,-1,-1,-1,-1,-1,1,1,-1,-1,1,-1,1,1,0.0,-152.5400601323101,1
541,1,1,1,1,1,1,-1,1,-1,1,-1,-1,1,-1,1,-1,1,-1,1,1,-1,-1,1,-1,-1,-1,1,-1,1,-1,1,1,-1,1,-1,-1,-1,-1,1,1,0.0,-152.32589210940947,1
542,1,-1,1,-1,-1,1,-1,-1,1,-1,1,-1,-1,-1,1,1,1,1,1,-1,-1,-1,-1,1,-1,-1,1,1,-1,1,1,-1,-1,1,-1,1,-1,-1,-1,-1,0.05,-151.63457962516577,1
543,-1,-1,-1,-1,-1,-1,-1,-1,1,-1,1,-1,-1,1,-1,1,1,1,-1,-1,-1,-1,-1,1,1,-1,1,1,-1,-1,-1,1,1,-1,-1,1,1,-1,-1,-1,0.025,-154.11916185476642,1
544,1,1,1,-1,1,1,1,1,-1,-1,1,-1,1,-1,1,1,-1,1,-1,1,-1,1,1,-1,-1,1,-1,1,1,1,1,1,1,-1,1,1,-1,1,-1,-1,0.0,-152.17893716735162,1
545,1,1,1,1,1,-1,-1,1,-1,1,-1,-1,1,-1,1,-1,1,-1,1,1,-1,-1,1,-1,-1,-1,1,-1,-1,-1,1,-1,-1,1,-1,-1,-1,-1,1,1,0.0,-152.07954200530176,1
546,1,1,1,-1,1,1,-1,1,1,-1,-1,-1,1,-1,1,1,-1,1,1,-1,-1,1,1,-1,-1,1,-1,1,1,1,1,1,-1,-1,1,1,-1,-1,-1,-1,0.0,-152.0418843801538,1
547,1,1,1,-1,1,1,-1,1,1,1,-1,-1,1,-1,1,1,1,1,1,1,-1,-1,1,-1,-1,-1,1,1,1,1,1,1,-1,1,-1,-1,-1,1,-1,1,0.0,-152.0339806241501,1
548,-1,-1,-1,-1,-1,-1,-1,-1,1,-1,1,1,-1,1,-1,1,1,1,-1,1,-1,-1,-1,1,1,-1,1,1,-1,-1,-1,-1,1,1,-1,1,1,-1,1,1,0.0,-152.01569249916332,1
549,1,-1,1,1,1,-1,1,-1,1,1,1,1,-1,-1,-1,-1,1,-1,1,1,-1,-1,1,-1,1,-1,1,-1,-1,-1,-1,-1,-1,1,-1,-1,-1,1,-1,-1,0.025,-154.03753220872855,1
550,1,1,1,-1,1,1,-1,1,1,-1,1,-1,-1,-1,1,1,-1,1,-1,-1,-1,1,1,-1,-1,-1,-1,1,1,1,1,1,-1,-1,1,1,-1,-1,-1,-1,0.0,-151.9634539441833,1
551,-1,-1,-1,-1,-1,-1,-1,-1,1,1,1,-1,-1,1,-1,1,1,1,-1,-1,-1,-1,-1,1,1,-1,1,1,-1,-1,-1,-1,-1,1,-1,1,1,-1,-1,-1,0.0,-151.95601139257724,1
552,-1,-1,-1,-1,-1,-1,-1,-1,1,-1,1,1,-1,1,-1,1,-1,1,1,-1,-1,-1,-1,1,1,-1,-1,1,-1,1,-1,-1,1,1,-1,1,-1,1,-1,-1,0.0,-151.93528246987236,1
553,1,1,1,1,1,1,-1,1,-1,1,-1,1,1,-1,1,-1,1,-1,1,1,-1,1,1,-1,-1,-1,1,-1,1,-1,1,-1,-1,1,-1,-1,-1,-1,1,1,0.0,-151.88506445330583,1
554,1,-1,-1,1,-1,-1,1,-1,1,1,-1,1,-1,1,-1,-1,-1,-1,1,-1,1,-1,-1,1,1,1,-1,-1,-1,-1,-1,1,1,1,-1,-1,1,1,-1,1,0.0,-151.88153087160916,1
555,1,-1,1,1,1,-1,1,-1,1,-1,-1,1,-1,-1,-1,-1,-1,-1,1,1,-1,-1,1,-1,1,1,1,-1,-1,-1,-1,-1,-1,-1,1,-1,-1,1,-1,-1,0.0,-151.87791742768644,1
556,-1,-1,-1,-1,-1,-1,1,-1,1,-1,1,1,-1,1,1,1,-1,1,1,1,-1,1,-1,1,1,1,-1,1,-1,1,-1,-1,1,-1,1,1,-1,1,-1,-1,0.0,-151.86772097335972,1
557,-1,-1,-1,1,1,-1,-1,1,1,1,1,1,-1,1,-1,-1,1,-1,1,1,-1,-1,1,-1,1,-1,1,-1,-1,-1,-1,-1,-1,1,-1,-1,1,-1,1,1,0.0,-151.69662850283697,1
558,-1,-1,-1,-1,-1,-1,-1,-1,1,1,1,1,-1,1,-1,1,1,1,-1,-1,-1,-1,-1,1,1,-1,1,1,-1,1,-1,1,1,1,-1,1,1,-1,1,-1,0.0,-151.68980481349325,1
559,-1,-1,-1,1,-1,-1,1,-1,1,1,1,1,-1,1,-1,1,1,-1,1,1,-1,-1,-1,1,1,1,1,-1,-1,-1,-1,1,1,1,-1,-1,1,-1,-1,-1,0.0,-151.68915032817728,1
560,1,-1,1,1,1,-1,1,-1,1,-1,-1,1,-1,1,-1,-1,-1,-1,1,1,-1,-1,1,-1,1,1,1,-1,-1,-1,-1,-1,-1,-1,1,-1,-1,1,-1,-1,0.0,-151.67988064839827,1
561,1,1,1,1,1,-1,1,1,-1,-1,-1,-1,1,-1,1,-1,-1,-1,1,1,1,1,1,-1,1,1,-1,-1,-1,-1,1,-1,1,-1,1,-1,-1,1,1,1,0.0,-151.6777330886238,1
562,1,1,1,-1,1,1,1,1,-1,-1,-1,-1,1,-1,1,1,-1,1,-1,1,-1,1,1,-1,-1,1,-1,1,1,1,1,-1,1,-1,1,1,-1,1,1,1,0.025,-161.09636315536935,1
563,1,1,1,1,1,-1,1,1,-1,-1,-1,-1,1,-1,1,-1,-1,-1,1,1,1,1,1,-1,1,1,-1,-1,1,-1,1,-1,-1,-1,1,-1,-1,1,1,1,0.0,-151.61828809949014,1
564,1,1,1,1,1,1,1,1,-1,-1,-1,-1,1,-1,-1,-1,-1,-1,-1,1,1,1,1,-1,-1,1,-1,-1,1,1,1,-1,1,-1,1,-1,-1,1,1,1,0.0,-151.5725860630825,1
565,1,1,-1,1,1,1,1,1,-1,1,-1,-1,1,-1,-1,-1,-1,-1,-1,-1,1,1,1,-1,1,1,-1,-1,1,1,1,1,1,1,1,-1,1,1,1,1,0.025,-159.15634975349172,1
566,-1,-1,-1,1,-1,-1,1,-1,1,1,1,1,-1,1,-1,1,1,-1,1,1,1,-1,-1,1,1,1,-1,-1,-1,-1,-1,-1,1,1,-1,-1,1,1,-1,1,0.0,-151.52479905870635,1
567,-1,-1,-1,-1,-1,-1,-1,-1,1,-1,1,1,-1,1,-1,-1,1,1,1,1,-1,-1,-1,1,1,-1,1,1,-1,-1,-1,-1,1,-1,-1,-1,1,-1,-1,1,0.0,-151.42186799362975,1
568,-1,-1,-1,-1,-1,-1,-1,-1,1,-1,1,1,-1,1,-1,-1,-1,1,1,-1,-1,-1,-1,1,1,-1,1,1,-1,-1,-1,-1,-1,-1,-1,1,1,-1,-1,-1,0.025,-150.8941785529775,1
569,-1,-1,-1,1,-1,-1,1,-1,-1,1,1,1,-1,1,-1,-1,1,-1,1,-1,1,-1,-1,1,1,1,-1,-1,-1,-1,-1,-1,1,1,-1,-1,1,-1,1,1,0.0,-151.34834519773008,1
570,-1,1,1,1,1,-1,1,1,-1,-1,-1,-1,1,-1,1,-1,-1,-1,1,1,1,1,1,-1,1,1,-1,-1,1,1,1,-1,1,-1,1,-1,-1,1,1,1,0.025,-162.06131819056097,1
571,-1,-1,-1,-1,1,-1,-1,-1,1,-1,1,1,-1,1,-1,-1,-1,1,1,1,-1,-1,1,1,1,-1,1,1,-1,-1,-1,-1,1,1,-1,-1,-1,1,1,1,0.0,-151.30117574943836,1
572,1,1,1,-1,1,1,-1,1,1,-1,-1,-1,1,-1,1,1,-1,1,1,-1,-1,-1,1,-1,-1,1,-1,1,1,1,1,1,-1,-1,1,1,-1,1,-1,-1,0.0,-151.21462905786984,1
573,-1,-1,-1,1,-1,-1,1,-1,1,-1,1,-1,-1,1,-1,1,1,1,-1,-1,-1,-1,-1,1,1,1,1,1,-1,-1,-1,1,1,1,-1,1,1,-1,-1,-1,0.0,-151.20183335150583,1
574,-1,-1,-1,1,-1,-1,-1,-1,1,-1,1,1,-1,1,-1,1,1,-1,1,1,-1,-1,-1,1,1,-1,1,-1,-1,-1,-1,1,1,1,-1,-1,1,1,-1,-1,0.0,-151.17813230786834,1
575,-1,-1,-1,-1,-1,-1,1,-1,-1,-1,-1,1,1,1,-1,1,1,-1,-1,1,1,1,-1,1,1,1,1,-1,1,-1,-1,-1,1,1,-1,-1,1,1,1,1,0.0,-151.16933134772793,1
576,1,1,-1,-1,-1,1,1,-1,1,-1,-1,-1,1,1,-1,1,-1,1,-1,-1,1,-1,-1,1,1,1,-1,1,1,1,1,1,1,-1,1,1,1,1,-1,-1,0.0,-151.10474002901933,1
577,1,1,1,1,1,-1,1,1,-1,-1,-1,-1,1,-1,-1,-1,-1,-1,1,1,1,1,1,-1,1,1,-1,-1,1,-1,1,-1,1,1,1,-1,-1,1,1,1,0.0,-150.94209883261422,1
578,1,1,-1,1,-1,1,1,-1,-1,1,-1,-1,1,-1,-1,1,1,-1,-1,-1,1,1,-1,1,1,1,-1,-1,1,-1,1,1,1,1,1,-1,1,1,-1,-1,0.0,-150.86640834971448,1
579,1,-1,1,-1,1,-1,-1,1,1,-1,-1,1,1,1,-1,-1,-1,-1,1,1,-1,-1,1,-1,-1,-1,1,-1,-1,-1,-1,-1,-1,1,-1,-1,-1,1,1,1,0.0,-150.8569274238479,1
580,-1,-1,-1,-1,-1,1,-1,-1,1,-1,1,-1,-1,1,-1,1,1,1,-1,-1,-1,-1,-1,1,1,-1,1,1,-1,1,-1,1,1,1,-1,1,1,-1,-1,-1,0.0,-150.8505611009286,1
581,-1,1,-1,1,1,-1,1,1,-1,-1,-1,1,1,1,-1,-1,-1,-1,1,1,1,1,1,-1,1,1,-1,-1,1,-1,-1,1,1,-1,1,-1,1,1,1,1,0.05,-158.03326266490797,1
582,-1,-1,-1,1,-1,-1,1,-1,1,1,-1,1,-1,1,-1,-1,1,-1,1,1,1,-1,-1,1,1,1,1,-1,-1,-1,-1,-1,1,1,-1,-1,1,1,-1,1,0.025,-153.9215614838412,1
583,-1,1,-1,1,-1,1,1,-1,-1,1,-1,-1,1,-1,-1,1,1,-1,-1,-1,1,1,-1,1,1,1,-1,-1,1,1,-1,1,1,1,1,-1,1,-1,-1,-1,0.0,-150.78782868704755,1
584,1,1,1,-1,1,1,1,1,-1,-1,-1,1,1,-1,1,-1,-1,1,1,1,-1,1,1,-1,-1,1,-1,1,1,1,1,1,1,-1,1,1,-1,1,1,1,0.0,-150.70724056788922,1
585,-1,-1,-1,1,-1,-1,1,-1,1,-1,1,-1,-1,1,-1,1,1,1,-1,-1,-1,-1,-1,1,1,1,-1,1,-1,-1,-1,1,1,1,-1,1,1,-1,-1,-1,0.0,-150.70053013685379,1
586,-1,1,-1,1,1,-1,1,1,-1,-1,-1,-1,1,-1,-1,-1,-1,-1,-1,1,1,1,1,-1,1,-1,-1,-1,1,1,1,1,1,-1,1,-1,-1,1,1,1,0.0,-150.68707359202452,1
587,-1,-1,-1,1,-1,-1,-1,-1,1,-1,1,-1,-1,1,-1,1,1,1,-1,-1,-1,-1,-1,1,1,1,1,1,-1,-1,-1,1,1,-1,-1,1,1,-1,-1,-1,0.025,-154.86969540368955,1
588,-1,-1,-1,1,-1,-1,1,-1,1,1,-1,-1,-1,1,-1,1,1,-1,-1,-1,1,-1,-1,1,1,1,1,-1,-1,-1,-1,1,1,1,-1,-1,1,-1,-1,-1,0.0,-150.6133821451166,1
589,-1,-1,-1,1,-1,-1,1,-1,-1,1,1,1,-1,1,-1,1,1,-1,1,1,1,-1,-1,1,1,1,1,-1,-1,-1,-1,-1,1,1,-1,-1,1,1,-1,-1,0.0,-150.59784624501714,1
590,-1,-1,-1,-1,-1,-1,-1,-1,1,-1,1,1,-1,1,-1,1,1,1,-1,-1,-1,-1,-1,1,1,1,1,1,-1,-1,-1,1,1,-1,-1,1,1,-1,-1,-1,0.025,-155.37136679212307,1
591,-1,-1,-1,-1,-1,1,1,-1,-1,-1,1,-1,-1,1,-1,1,-1,1,-1,-1,1,1,-1,1,1,1,-1,1,1,1,-1,1,1,-1,1,1,1,1,-1,-1,0.0,-150.52463656472153,1
592,-1,-1,-1,-1,-1,-1,1,-1,1,-1,1,1,-1,1,-1,-1,-1,-1,-1,-1,1,-1,-1,1,1,1,-1,-1,-1,-1,-1,-1,1,-1,-1,1,1,1,-1,-1,0.0,-150.49927118721098,1
593,-1,-1,-1,1,-1,-1,1,-1,-1,1,-1,-1,-1,1,-1,1,1,-1,-1,-1,1,-1,-1,1,1,1,1,-1,-1,-1,-1,1,1,1,-1,-1,1,-1,-1,-1,0.0,-150.47188175713367,1
594,-1,1,-1,1,-1,-1,1,-1,1,1,-1,-1,-1,-1,-1,-1,1,-1,-1,-1,1,-1,-1,1,1,1,-1,-1,-1,-1,-1,1,1,1,-1,-1,1,-1,-1,-1,0.0,-150.368022217235,1
595,1,-1,-1,-1,-1,1,1,-1,1,-1,1,-1,-1,1,-1,-1,-1,1,-1,-1,1,-1,-1,1,1,1,-1,1,-1,-1,-1,1,1,-1,1,1,1,-1,-1,-1,0.0,-150.34303393014483,1
596,-1,-1,-1,1,-1,-1,-1,1,-1,1,1,1,1,1,-1,1,1,-1,-1,1,1,1,-1,1,1,-1,1,-1,-1,-1,-1,-1,1,1,-1,-1,1,-1,1,1,0.0,-150.3312310936611,1
597,-1,-1,-1,1,-1,-1,-1,-1,1,1,1,1,-1,1,-1,1,1,1,-1,-1,-1,-1,-1,1,1,-1,1,-1,-1,-1,-1,1,1,1,-1,-1,1,-1,1,1,0.0,-150.30622503013106,1
598,-1,-1,-1,1,-1,-1,1,-1,1,-1,1,1,-1,1,-1,-1,1,-1,1,-1,1,-1,-1,1,1,-1,-1,-1,-1,-1,-1,-1,1,1,-1,-1,1,1,-1,-1,0.0,-150.27374750110476,1
599,1,-1,1,-1,1,-1,-1,1,1,-1,1,1,-1,1,-1,-1,-1,-1,1,1,-1,-1,1,-1,-1,-1,1,1,-1,-1,-1,-1,-1,-1,-1,-1,-1,1,-1,1,0.0,-150.2493967532707,1
600,-1,-1,-1,-1,-1,-1,-1,-1,1,-1,1,1,-1,1,-1,-1,1,1,1,1,-1,-1,-1,1,1,-1,1,1,-1,-1,-1,-1,-1,-1,-1,1,-1,-1,-1,-1,0.05,-160.50852705528536,1
601,1,1,1,1,1,1,-1,1,-1,-1,-1,-1,1,-1,1,1,-1,1,-1,-1,1,1,1,-1,-1,1,-1,1,1,1,1,1,1,-1,1,1,-1,-1,1,1,0.0,-150.2125747075806,1
602,-1,-1,1,-1,1,-1,-1,1,1,-1,1,1,-1,1,-1,-1,-1,1,1,1,-1,-1,1,-1,-1,-1,1,1,-1,-1,-1,-1,-1,-1,-1,1,-1,1,1,1,0.025,-148.05516925331509,1
603,-1,-1,-1,1,-1,-1,1,-1,-1,-1,-1,1,1,1,-1,1,1,-1,-1,1,1,-1,-1,1,1,1,1,-1,-1,-1,-1,-1,1,1,-1,-1,1,-1,1,-1,0.0,-150.088564387341,1
604,1,1,1,1,1,-1,1,1,-1,-1,-1,1,1,-1,1,-1,-1,-1,1,1,1,1,1,-1,1,1,-1,-1,1,-1,1,-1,-1,-1,1,-1,-1,1,1,1,0.025,-150.58911578372027,1
605,1,1,1,1,1,1,-1,1,1,-1,1,-1,-1,-1,1,-1,-1,1,-1,-1,-1,-1,1,-1,-1,1,-1,1,-1,1,1,1,-1,-1,1,1,-1,-1,-1,-1,0.0,-150.0341236821407,1
606,-1,-1,1,-1,-1,-1,-1,-1,1,-1,1,1,-1,1,-1,1,1,1,1,1,-1,-1,-1,1,1,-1,1,1,-1,1,-1,-1,1,-1,-1,1,-1,1,-1,-1,0.025,-148.73101820207896,1
607,1,1,1,1,1,1,1,1,-1,-1,-1,-1,1,-1,1,-1,-1,-1,1,-1,1,1,1,-1,-1,1,-1,-1,1,1,1,-1,1,-1,1,-1,-1,1,1,1,0.0,-149.9949308177924,1
608,1,-1,1,1,1,-1,-1,1,1,-1,-1,1,1,1,-1,-1,-1,-1,1,1,-1,-1,1,-1,-1,1,1,-1,-1,-1,-1,-1,-1,-1,1,-1,1,1,1,1,0.0,-149.90064754668572,1
609,-1,-1,-1,-1,-1,-1,-1,-1,1,-1,1,-1,-1,1,-1,1,1,1,1,-1,-1,-1,-1,1,-1,-1,1,1,-1,-1,-1,-1,1,1,-1,1,-1,-1,-1,-1,0.025,-151.78692705424254,1
610,-1,-1,-1,-1,-1,-1,-1,-1,1,-1,1,1,-1,1,-1,1,1,1,-1,-1,-1,-1,-1,1,1,-1,1,1,-1,1,-1,1,-1,-1,-1,1,1,-1,-1,-1,0.0,-149.79661087170757,1
611,1,1,1,-1,1,1,1,1,-1,-1,-1,-1,1,-1,1,-1,-1,-1,1,1,1,1,1,-1,-1,1,-1,1,1,1,1,1,1,-1,1,1,-1,1,1,1,0.0,-149.7874745168579,1
612,-1,-1,-1,-1,-1,1,-1,-1,1,1,1,-1,-1,1,-1,1,1,1,-1,-1,-1,-1,-1,1,1,-1,1,1,-1,1,-1,1,1,1,-1,1,1,-1,-1,-1,0.025,-150.312613759263,1
613,-1,1,1,1,1,-1,1,1,-1,-1,-1,1,1,-1,1,-1,-1,-1,1,1,1,1,1,-1,-1,-1,-1,-1,1,1,1,-1,1,-1,1,-1,-1,1,1,1,0.0,-149.78435529457093,1
614,1,-1,1,-1,1,-1,-1,-1,1,1,1,1,-1,-1,-1,-1,1,-1,1,1,-1,-1,1,-1,-1,-1,1,-1,-1,-1,-1,-1,-1,1,-1,-1,-1,1,-1,-1,0.025,-156.91287453704922,1
615,1,-1,1,-1,-1,1,-1,-1,1,-1,1,1,-1,1,1,-1,1,1,1,-1,-1,-1,-1,1,-1,-1,1,1,-1,-1,-1,-1,-1,-1,-1,1,-1,-1,-1,-1,0.025,-160.08062265385666,1
616,-1,-1,-1,1,-1,-1,1,-1,1,-1,-1,1,1,1,-1,1,1,-1,1,1,1,-1,-1,1,1,1,1,-1,-1,-1,-1,-1,1,1,-1,-1,1,1,-1,-1,0.0,-149.5012590404147,1
617,-1,-1,-1,-1,-1,1,-1,-1,1,-1,1,-1,-1,1,-1,1,1,1,-1,-1,-1,-1,-1,1,1,1,1,1,-1,-1,-1,1,1,1,-1,1,1,-1,-1,-1,0.0,-149.42974410749096,1
618,1,-1,-1,1,-1,-1,-1,1,-1,-1,-1,1,1,1,-1,-1,1,1,-1,1,-1,-1,1,1,1,1,1,1,-1,-1,-1,-1,1,-1,1,-1,1,-1,1,1,0.0,-149.4073553622695,1
619,-1,-1,-1,1,1,-1,1,-1,1,-1,1,1,-1,-1,-1,-1,-1,-1,1,1,1,-1,-1,-1,1,1,-1,-1,-1,-1,-1,-1,1,1,-1,1,-1,1,-1,-1,0.0,-149.38773870432328,1
620,-1,-1,-1,-1,-1,-1,-1,-1,1,1,1,1,-1,1,-1,1,1,1,-1,1,-1,-1,-1,1,1,-1,1,1,-1,-1,-1,1,1,1,-1,-1,1,-1,-1,1,0.0,-149.34944874410172,1
621,1,1,-1,1,1,1,1,-1,-1,1,-1,-1,1,-1,-1,-1,-1,-1,-1,1,1,1,1,-1,1,1,-1,-1,1,1,1,1,1,1,1,-1,1,1,-1,1,0.0,-149.32785394124403,1
622,1,1,1,-1,1,1,1,1,-1,-1,-1,-1,1,-1,1,-1,-1,-1,1,1,1,1,1,-1,-1,-1,-1,-1,1,1,1,-1,1,-1,1,-1,-1,1,1,1,0.0,-149.19690951301536,1
623,-1,-1,-1,-1,-1,-1,-1,-1,1,-1,1,-1,-1,1,-1,1,1,1,-1,1,-1,-1,-1,1,1,-1,1,1,-1,-1,-1,1,1,1,-1,1,1,-1,-1,-1,0.025,-151.05865897992416,1
624,-1,-1,-1,-1,-1,1,1,-1,-1,-1,1,-1,-1,1,-1,1,1,1,-1,-1,1,-1,-1,1,1,1,-1,1,1,1,-1,1,1,1,-1,1,1,-1,-1,-1,0.0,-149.11019613149227,1
625,1,-1,1,-1,1,1,-1,-1,1,1,1,-1,1,-1,1,1,1,-1,1,1,-1,-1,1,-1,-1,-1,1,1,1,-1,1,-1,-1,1,-1,1,-1,1,-1,-1,0.0,-149.09376613940887,1
626,-1,-1,-1,-1,-1,-1,-1,-1,1,-1,1,1,-1,1,-1,1,1,1,1,-1,-1,-1,-1,1,1,-1,1,1,-1,-1,-1,-1,1,1,-1,1,1,1,-1,-1,0.0,-149.05285700674582,1
627,1,-1,1,-1,1,1,-1,1,1,-1,1,1,-1,1,-1,-1,-1,1,1,1,-1,-1,1,-1,-1,-1,1,1,-1,-1,-1,-1,-1,-1,1,1,-1,-1,-1,1,0.0,-149.01108908476715,1
628,-1,-1,-1,-1,-1,-1,-1,-1,1,-1,1,1,-1,1,-1,1,1,1,1,1,-1,-1,-1,1,1,-1,1,1,-1,1,-1,-1,-1,-1,-1,1,-1,-1,-1,-1,0.025,-145.75832676700105,1
629,-1,1,-1,1,-1,-1,1,1,-1,-1,-1,1,1,1,-1,-1,-1,-1,-1,1,1,-1,-1,1,1,1,-1,-1,1,-1,-1,1,1,-1,1,-1,1,1,1,1,0.0,-148.91755634531035,1
630,-1,1,-1,1,1,-1,1,1,-1,-1,-1,1,1,1,-1,-1,-1,-1,-1,1,1,1,1,-1,1,1,-1,-1,1,-1,-1,1,1,1,1,-1,1,1,1,1,0.0,-148.90148097388163,1
631,1,1,-1,1,1,1,1,1,-1,1,-1,-1,1,-1,-1,1,-1,-1,-1,-1,1,1,1,-1,-1,1,-1,-1,1,1,1,1,1,1,1,-1,1,1,-1,1,0.0,-148.8587755053356,1
632,1,1,-1,1,1,1,1,1,-1,1,-1,-1,1,-1,-1,1,-1,-1,-1,1,1,1,1,-1,1,1,-1,-1,1,-1,1,1,1,1,1,1,1,1,1,1,0.0,-148.81005442056534,1
633,1,1,1,-1,1,1,-1,1,-1,-1,1,-1,-1,-1,1,1,-1,1,1,-1,-1,1,1,-1,-1,-1,1,1,1,1,1,1,-1,-1,1,1,-1,-1,-1,-1,0.0,-148.79759023638005,1
634,1,-1,-1,1,-1,-1,1,1,-1,-1,-1,1,1,1,-1,-1,-1,-1,-1,1,1,1,1,-1,1,1,-1,-1,-1,-1,-1,-1,1,-1,1,-1,1,1,1,1,0.0,-148.77304429652042,1
635,-1,-1,-1,-1,-1,-1,-1,-1,1,1,1,1,-1,1,-1,1,1,1,-1,1,-1,-1,-1,1,1,-1,1,1,-1,-1,-1,1,1,1,-1,1,1,1,-1,-1,0.0,-148.6972161412215,1
636,1,1,1,1,1,-1,1,-1,1,-1,-1,1,-1,-1,1,-1,-1,-1,1,1,-1,-1,1,-1,1,1,-1,-1,-1,-1,-1,1,1,-1,1,-1,-1,1,-1,-1,0.025,-149.44911047201634,1
637,1,-1,1,-1,-1,1,-1,1,1,1,1,-1,-1,-1,1,1,1,1,-1,-1,-1,-1,-1,1,-1,-1,1,1,1,1,1,-1,-1,1,-1,1,-1,-1,-1,-1,0.025,-152.24753160819222,1
638,1,-1,1,-1,1,-1,-1,-1,1,1,1,-1,-1,-1,1,-1,1,1,1,1,-1,-1,1,-1,-1,-1,1,1,-1,-1,-1,-1,-1,1,-1,1,-1,-1,-1,-1,0.0,-148.6135716990019,1
639,-1,-1,-1,1,1,-1,1,-1,1,-1,1,1,-1,-1,-1,-1,-1,-1,1,1,1,-1,-1,-1,1,1,-1,-1,-1,-1,-1,-1,1,1,-1,-1,-1,1,1,1,0.0,-148.56949725681028,1
640,-1,-1,-1,1,-1,-1,1,-1,-1,-1,-1,1,1,1,-1,1,1,-1,1,1,1,-1,-1,1,1,1,-1,-1,-1,-1,-1,-1,1,1,-1,-1,1,1,-1,-1,0.0,-148.5305108651096,1
641,1,-1,-1,1,-1,-1,1,-1,1,-1,-1,1,-1,1,-1,-1,1,-1,1,-1,1,-1,-1,1,1,1,-1,-1,-1,-1,-1,-1,-1,1,-1,-1,1,1,-1,-1,0.0,-148.4764105472388,1
642,-1,-1,-1,1,-1,-1,1,-1,-1,1,1,1,-1,1,-1,-1,1,-1,-1,1,1,-1,-1,1,1,1,-1,-1,-1,-1,-1,1,1,1,-1,-1,1,-1,1,-1,0.0,-148.42604935293159,1
643,1,1,-1,-1,-1,1,1,1,-1,-1,-1,-1,1,1,1,-1,-1,1,-1,-1,1,1,1,-1,1,1,-1,1,1,1,1,1,1,-1,1,1,1,-1,1,1,0.0,-148.34443673286827,1
644,1,-1,-1,1,-1,1,1,-1,1,1,-1,1,-1,1,-1,-1,1,-1,-1,-1,1,-1,-1,1,1,1,-1,-1,-1,-1,-1,1,-1,1,-1,-1,1,-1,-1,-1,0.0,-148.34002276132776,1
645,-1,-1,-1,1,1,-1,-1,-1,1,-1,1,1,-1,-1,-1,-1,1,-1,1,-1,-1,-1,1,1,1,-1,1,-1,-1,-1,-1,-1,-1,1,-1,-1,-1,-1,1,-1,0.0,-148.3008188916787,1
646,1,1,1,-1,1,1,1,1,-1,1,-1,-1,1,-1,1,-1,-1,-1,1,1,1,1,1,-1,-1,1,-1,-1,1,1,1,1,1,-1,1,-1,-1,1,1,1,0.0,-148.24972661289013,1
647,-1,-1,-1,1,-1,-1,1,-1,1,-1,-1,1,-1,1,-1,-1,1,-1,1,1,1,-1,-1,1,1,1,1,-1,-1,-1,-1,1,1,1,-1,-1,1,1,-1,-1,0.025,-149.71254423798104,1
648,-1,-1,-1,1,-1,-1,1,-1,1,1,-1,-1,-1,1,-1,1,1,-1,-1,-1,1,-1,-1,1,1,1,-1,-1,-1,-1,-1,1,1,1,-1,-1,1,-1,-1,-1,0.025,-154.65514868426564,1
649,1,-1,1,-1,1,1,-1,1,1,1,-1,1,1,1,-1,-1,1,-1,1,1,-1,-1,1,-1,-1,-1,1,-1,-1,-1,-1,-1,-1,1,-1,-1,1,-1,1,1,0.0,-147.97215498686026,1
650,-1,-1,-1,1,-1,-1,-1,-1,-1,-1,-1,1,1,1,-1,-1,1,-1,-1,1,1,-1,-1,1,1,1,1,-1,-1,-1,-1,-1,1,1,-1,-1,1,-1,1,-1,0.0,-147.81957018907224,1
651,1,1,1,1,1,-1,-1,1,1,-1,-1,1,1,1,-1,-1,-1,-1,1,1,-1,-1,1,-1,1,-1,1,-1,-1,-1,-1,-1,-1,-1,1,-1,1,1,1,1,0.0,-147.8003981202704,1
652,1,1,-1,-1,1,-1,-1,1,-1,1,-1,1,1,-1,-1,-1,1,-1,1,1,1,1,1,-1,-1,-1,1,-1,1,-1,1,-1,-1,1,-1,-1,1,1,1,1,0.0,-147.7480482369659,1
653,-1,-1,-1,1,-1,-1,1,-1,-1,1,1,1,-1,1,-1,1,1,-1,-1,-1,1,-1,-1,1,1,1,-1,-1,-1,-1,-1,-1,1,1,-1,-1,1,-1,-1,-1,0.025,-149.7908879441743,1
654,-1,-1,-1,1,-1,-1,1,-1,1,1,-1,1,-1,1,-1,-1,1,-1,1,1,1,-1,-1,1,1,1,1,-1,-1,-1,-1,-1,1,1,-1,-1,1,1,-1,-1,0.025,-152.125107763906,1
655,1,1,1,1,1,-1,1,-1,1,-1,-1,1,-1,-1,-1,-1,-1,-1,1,1,-1,-1,1,-1,1,1,-1,-1,-1,-1,-1,-1,1,-1,1,-1,-1,1,-1,-1,0.0,-147.46126260379455,1
656,1,-1,1,1,1,-1,-1,1,1,1,1,1,-1,-1,1,-1,1,-1,1,1,-1,-1,1,-1,-1,-1,1,-1,-1,-1,1,-1,-1,1,-1,-1,-1,-1,-1,1,0.0,-147.24571044029025,1
657,1,1,1,1,1,1,-1,1,-1,-1,-1,1,1,-1,1,-1,-1,-1,1,1,-1,1,1,-1,-1,-1,1,-1,-1,-1,1,-1,-1,-1,1,-1,-1,-1,1,1,0.025,-151.7964412674487,1
658,-1,-1,-1,-1,-1,-1,1,-1,1,-1,1,1,-1,1,-1,1,-1,-1,1,1,1,-1,-1,1,1,1,1,-1,-1,-1,-1,-1,1,1,-1,1,1,1,-1,-1,0.0,-147.05187679225705,1
659,-1,-1,-1,1,-1,-1,1,-1,-1,-1,1,-1,-1,1,-1,1,1,-1,-1,-1,1,-1,-1,1,1,1,1,-1,-1,-1,-1,1,1,1,-1,-1,1,-1,-1,-1,0.0,-146.97446427071975,1
660,-1,-1,-1,1,-1,-1,-1,-1,-1,1,1,1,-1,1,-1,1,1,1,-1,1,-1,-1,-1,1,1,1,1,-1,-1,-1,-1,1,1,1,-1,-1,1,-1,1,1,0.0,-146.8974883077878,1
661,-1,-1,-1,-1,-1,1,-1,-1,1,-1,1,-1,-1,1,-1,1,1,1,-1,-1,-1,-1,-1,1,1,1,1,1,-1,1,-1,1,1,1,-1,1,1,-1,-1,-1,0.0,-146.62370177274036,1
662,1,-1,1,1,1,1,1,-1,1,1,-1,-1,-1,-1,-1,-1,1,-1,1,-1,1,-1,-1,1,-1,1,1,-1,1,-1,-1,1,-1,1,-1,-1,1,1,-1,1,0.0,-146.3452745570262,1
663,1,1,-1,1,1,-1,1,1,-1,-1,-1,-1,1,1,-1,-1,-1,-1,-1,1,1,1,1,-1,1,1,-1,-1,1,-1,1,-1,1,-1,1,-1,1,1,1,1,0.0,-146.32449911885664,1
664,1,1,1,1,1,1,1,1,-1,1,-1,-1,1,-1,1,1,-1,-1,1,1,1,1,1,-1,-1,1,-1,-1,1,-1,1,1,1,-1,1,-1,1,1,1,1,0.025,-150.10136522850456,1
665,1,1,1,-1,1,1,-1,1,1,-1,-1,-1,1,-1,1,-1,-1,1,1,1,-1,-1,1,-1,-1,1,-1,1,-1,1,1,-1,-1,-1,1,1,-1,1,-1,-1,0.0,-146.25685254395128,1
666,-1,-1,-1,1,-1,-1,1,1,-1,1,-1,1,1,1,-1,-1,1,-1,-1,1,1,-1,-1,1,1,1,-1,-1,-1,-1,-1,-1,1,1,-1,-1,1,-1,1,1,0.0,-146.20206531002611,1
667,1,1,1,1,1,1,-1,1,-1,1,-1,1,1,-1,1,-1,-1,-1,1,1,1,1,1,-1,-1,-1,1,-1,1,-1,1,-1,-1,-1,1,-1,-1,-1,1,1,0.0,-146.002212753244,1
668,-1,-1,-1,1,-1,-1,1,-1,-1,-1,1,1,-1,1,-1,-1,1,-1,1,1,1,-1,-1,1,1,1,1,-1,-1,-1,-1,-1,1,1,-1,-1,1,-1,1,-1,0.0,-145.92708370072413,1
669,-1,1,-1,1,1,-1,1,-1,1,-1,1,-1,-1,-1,-1,-1,-1,-1,1,-1,1,-1,-1,-1,1,1,-1,-1,-1,-1,-1,1,1,1,-1,1,-1,1,-1,-1,0.0,-145.87981780108365,1
670,-1,-1,-1,1,-1,-1,1,-1,-1,-1,-1,-1,1,1,-1,1,1,-1,-1,1,1,-1,-1,1,1,1,1,-1,-1,-1,-1,-1,1,1,-1,-1,1,-1,-1,-1,0.0,-145.84720953788394,1
671,-1,-1,-1,1,-1,-1,-1,-1,1,-1,1,1,1,1,-1,1,1,-1,1,1,-1,-1,1,1,1,-1,1,-1,-1,-1,-1,-1,-1,1,-1,-1,1,-1,1,-1,0.0,-145.74965059824044,1
672,1,1,-1,1,1,1,1,1,-1,1,-1,-1,1,-1,-1,1,-1,-1,-1,1,1,1,1,-1,1,1,-1,-1,1,1,1,1,1,1,1,-1,-1,1,1,1,0.025,-144.4170813269381,1
673,-1,1,-1,1,1,-1,1,-1,1,-1,-1,1,1,-1,-1,-1,-1,-1,1,1,1,-1,1,-1,1,-1,-1,-1,-1,-1,1,-1,1,1,-1,-1,-1,1,1,1,0.0,-145.69432703723487,1
674,-1,-1,-1,1,1,-1,1,-1,1,-1,-1,1,-1,-1,-1,-1,-1,-1,1,1,-1,-1,1,-1,1,1,-1,-1,-1,-1,-1,1,1,1,-1,-1,-1,1,-1,1,0.0,-145.46816231882795,1
675,-1,-1,-1,1,-1,-1,-1,-1,1,1,1,1,-1,1,-1,-1,1,-1,-1,-1,-1,-1,-1,1,1,-1,1,1,-1,-1,-1,1,-1,1,-1,-1,1,-1,-1,-1,0.0,-145.42157181145203,1
676,1,1,1,-1,1,1,1,-1,1,1,1,-1,-1,-1,1,-1,-1,-1,1,-1,1,1,-1,-1,-1,1,-1,1,1,1,1,1,-1,-1,1,1,-1,1,-1,-1,0.0,-145.29230736645417,1
677,-1,-1,-1,1,-1,-1,1,-1,-1,1,1,1,-1,1,-1,-1,1,-1,-1,1,1,-1,-1,1,1,-1,1,-1,-1,-1,-1,-1,1,1,-1,-1,1,-1,1,1,0.025,-156.14538253610536,1
678,-1,-1,-1,-1,-1,-1,-1,-1,1,-1,1,1,-1,1,-1,1,1,1,1,1,-1,-1,-1,1,1,-1,1,-1,-1,-1,-1,-1,-1,1,-1,1,-1,1,-1,-1,0.025,-147.96057275093173,1
679,1,-1,1,-1,1,1,-1,-1,1,-1,1,1,1,-1,-1,-1,-1,-1,1,1,-1,-1,1,-1,-1,-1,1,1,-1,-1,1,-1,-1,1,-1,1,-1,1,-1,-1,0.0,-145.05531510116398,1
680,-1,-1,-1,-1,1,-1,1,-1,1,-1,1,1,-1,-1,-1,-1,-1,-1,1,1,1,1,-1,-1,1,1,-1,-1,-1,-1,-1,-1,1,1,-1,1,-1,1,1,1,0.0,-144.85809259244422,1
681,1,-1,1,-1,1,1,-1,1,1,-1,1,1,-1,-1,1,-1,-1,1,1,1,-1,-1,1,-1,-1,-1,1,1,-1,-1,1,-1,-1,-1,1,1,-1,-1,1,1,0.0,-144.67273981823791,1
682,1,1,1,1,1,-1,-1,1,1,1,-1,1,-1,-1,1,-1,1,-1,1,1,-1,-1,1,-1,-1,-1,1,-1,-1,-1,1,-1,-1,1,-1,-1,-1,1,-1,1,0.0,-144.61075259637914,1
683,-1,-1,-1,-1,-1,-1,-1,-1,1,-1,1,1,-1,1,-1,1,-1,1,-1,1,-1,-1,-1,1,1,1,-1,1,-1,-1,-1,1,1,-1,-1,1,1,1,-1,-1,0.0,-144.5561302582571,1
684,1,1,1,-1,1,1,-1,-1,1,1,1,-1,-1,-1,1,1,-1,1,-1,-1,-1,1,1,-1,-1,-1,-1,1,1,1,1,1,-1,-1,1,1,-1,1,-1,-1,0.0,-144.4883301396721,1
685,-1,-1,-1,1,-1,-1,1,-1,-1,1,1,1,-1,1,-1,1,1,-1,-1,1,1,-1,-1,1,1,1,1,-1,1,-1,-1,1,1,1,-1,-1,1,1,1,-1,0.0,-144.2842523075149,1
686,-1,-1,-1,1,-1,1,1,-1,1,1,-1,1,-1,1,-1,-1,1,-1,-1,-1,1,-1,-1,1,1,1,-1,-1,-1,-1,-1,1,1,1,-1,-1,1,-1,-1,-1,0.0,-143.90525455714052,1
687,-1,1,-1,1,1,-1,1,1,-1,-1,-1,1,1,-1,-1,-1,-1,-1,1,1,1,1,1,-1,1,1,-1,-1,1,-1,-1,1,1,-1,1,-1,-1,1,1,1,0.025,-150.99676776691794,1
688,-1,-1,-1,-1,-1,1,1,-1,-1,-1,1,-1,1,1,-1,1,-1,1,-1,-1,1,1,-1,1,1,1,-1,1,1,1,-1,-1,1,-1,1,1,1,-1,-1,-1,0.0,-143.57349606696832,1
689,-1,-1,-1,1,-1,-1,1,-1,1,1,-1,1,-1,-1,-1,-1,1,-1,1,-1,1,-1,-1,1,1,-1,1,-1,-1,-1,-1,-1,-1,1,-1,-1,1,-1,-1,-1,0.0,-143.45728619411938,1
690,-1,-1,-1,-1,-1,1,-1,-1,1,1,1,1,-1,1,-1,1,1,1,-1,1,-1,-1,-1,1,-1,-1,1,1,-1,-1,-1,1,1,1,-1,1,1,-1,-1,-1,0.0,-143.45667576834512,1
691,-1,-1,-1,1,-1,-1,1,-1,-1,1,1,1,-1,1,-1,-1,1,-1,1,-1,1,-1,-1,1,1,-1,1,-1,-1,-1,-1,-1,1,1,-1,-1,1,1,1,1,0.025,-145.85439972971685,1
692,1,-1,1,1,1,-1,-1,1,1,-1,-1,1,1,1,-1,-1,-1,-1,1,1,-1,-1,1,-1,1,-1,1,-1,-1,-1,-1,-1,-1,-1,1,-1,1,-1,1,-1,0.0,-143.22822002432898,1
693,1,1,1,1,1,1,1,1,-1,-1,-1,-1,1,-1,1,-1,-1,-1,1,1,1,1,1,-1,1,-1,-1,-1,1,-1,1,-1,-1,-1,1,-1,-1,1,1,1,0.0,-143.04598397434327,1
694,1,1,-1,1,1,-1,1,-1,-1,1,-1,-1,1,-1,-1,-1,1,-1,-1,1,1,-1,1,-1,1,1,-1,-1,1,-1,1,1,1,1,-1,-1,1,1,1,1,0.0,-143.03700866503306,1
695,-1,-1,-1,1,-1,-1,1,-1,-1,1,-1,-1,1,1,-1,1,1,-1,-1,-1,1,-1,-1,1,1,1,1,-1,1,-1,-1,1,1,1,-1,-1,1,1,1,-1,0.0,-142.97146534230328,1
696,1,1,1,1,1,1,1,-1,1,-1,-1,-1,1,-1,-1,-1,-1,-1,-1,-1,1,-1,1,-1,-1,1,-1,-1,1,1,1,1,-1,1,1,1,-1,1,-1,-1,0.0,-142.91762875981908,1
697,-1,-1,-1,1,-1,-1,1,-1,1,1,-1,1,-1,1,-1,-1,1,-1,1,-1,1,-1,-1,1,1,-1,1,-1,-1,-1,-1,-1,1,1,-1,-1,1,-1,-1,-1,0.0,-142.86538357022744,1
698,-1,-1,1,-1,-1,-1,-1,-1,1,-1,1,1,-1,1,1,1,-1,1,1,1,-1,-1,-1,1,1,1,1,1,-1,1,1,-1,-1,-1,-1,1,-1,1,-1,-1,0.05,-136.74384024429378,1
699,-1,-1,-1,1,-1,-1,1,-1,-1,1,-1,-1,-1,1,-1,1,1,-1,-1,-1,1,-1,-1,1,1,1,1,-1,-1,-1,-1,1,1,1,-1,-1,1,-1,-1,-1,0.025,-150.47188175713367,1
700,-1,-1,-1,-1,-1,1,-1,-1,1,-1,1,1,-1,1,-1,1,1,1,-1,1,-1,-1,-1,1,1,-1,1,1,-1,-1,-1,-1,1,1,-1,1,1,-1,1,-1,0.0,-142.71758213411147,1
701,-1,-1,-1,1,-1,-1,1,-1,1,1,1,1,-1,1,-1,-1,1,-1,1,-1,1,-1,-1,1,1,1,1,-1,-1,-1,-1,-1,-1,1,-1,-1,1,-1,-1,-1,0.025,-159.15915052759902,1
702,1,1,1,1,1,-1,-1,1,1,-1,-1,1,1,-1,-1,-1,-1,-1,1,1,-1,-1,1,-1,1,-1,1,-1,-1,-1,1,-1,-1,-1,1,-1,-1,1,1,1,0.0,-142.64256305123544,1
703,1,-1,1,-1,-1,1,-1,-1,1,-1,1,1,-1,-1,1,-1,1,1,1,1,-1,-1,-1,1,-1,-1,1,1,-1,-1,-1,-1,-1,-1,-1,1,-1,-1,-1,-1,0.0,-142.50061897328686,1
704,1,1,1,-1,1,1,-1,1,-1,-1,-1,-1,1,-1,1,1,-1,1,1,1,-1,1,1,-1,-1,1,-1,1,1,1,1,-1,1,-1,1,1,-1,1,1,-1,0.0,-142.38676926081553,1
705,-1,-1,-1,-1,-1,1,-1,-1,1,-1,1,-1,-1,1,-1,1,1,1,-1,-1,-1,-1,-1,1,1,-1,1,1,-1,-1,-1,-1,1,1,-1,1,1,-1,-1,-1,0.0,-142.378749547793,1
706,1,-1,1,-1,1,1,-1,-1,-1,1,1,-1,-1,-1,1,1,1,1,-1,-1,-1,-1,1,1,-1,-1,1,1,1,1,1,-1,-1,1,-1,1,-1,-1,-1,-1,0.0,-142.2461415663032,1
707,-1,-1,-1,1,-1,-1,1,-1,1,-1,1,1,-1,-1,-1,-1,1,-1,1,1,1,-1,-1,1,1,-1,1,-1,-1,-1,-1,-1,1,1,-1,-1,-1,1,-1,-1,0.0,-142.0225455003829,1
708,1,-1,1,-1,-1,1,-1,-1,1,1,1,-1,-1,-1,1,1,1,1,-1,-1,-1,-1,-1,1,-1,1,1,1,-1,1,1,-1,-1,-1,-1,1,-1,-1,-1,-1,0.0,-141.50218088006426,1
709,-1,-1,-1,1,-1,-1,1,-1,-1,1,1,1,-1,1,-1,1,1,-1,-1,1,1,-1,-1,1,1,1,1,-1,-1,-1,-1,1,1,1,-1,-1,1,1,-1,1,0.025,-159.29382510108738,1
710,1,1,1,1,1,-1,1,-1,1,1,-1,1,-1,-1,1,-1,-1,-1,1,-1,-1,1,1,-1,1,1,-1,-1,-1,1,1,1,-1,-1,1,-1,-1,1,-1,-1,0.0,-141.39938055872398,1
711,-1,1,-1,1,1,-1,1,-1,-1,1,-1,-1,1,-1,-1,1,1,-1,-1,-1,1,1,-1,1,1,1,-1,-1,1,1,-1,1,1,1,-1,-1,1,1,1,-1,0.0,-141.2494746576582,1
712,-1,-1,-1,1,-1,-1,1,-1,-1,-1,1,1,1,1,-1,1,1,-1,-1,1,1,-1,-1,1,1,1,1,-1,-1,-1,-1,-1,1,1,-1,-1,1,-1,1,-1,0.025,-148.07753269702116,1
713,-1,-1,-1,1,-1,-1,-1,-1,1,1,1,1,-1,1,-1,1,1,-1,-1,1,-1,-1,-1,1,1,-1,1,-1,-1,-1,-1,1,1,1,-1,-1,1,-1,-1,-1,0.025,-153.6029261569708,1
714,1,1,1,1,1,1,1,-1,1,1,-1,-1,-1,-1,1,-1,-1,-1,1,1,-1,-1,1,-1,1,1,-1,-1,1,1,1,1,-1,1,1,-1,-1,1,-1,-1,0.0,-140.39752274289975,1
715,-1,-1,-1,1,-1,-1,1,-1,1,-1,-1,1,1,1,-1,1,1,-1,1,-1,1,-1,-1,1,1,1,1,-1,-1,-1,-1,-1,-1,1,-1,-1,1,1,1,-1,0.0,-139.7778808011708,1
716,1,1,1,1,1,1,-1,1,-1,-1,-1,-1,1,-1,1,-1,-1,-1,1,-1,1,1,1,-1,-1,-1,1,-1,1,-1,1,-1,-1,-1,1,-1,-1,1,1,1,0.025,-145.20644339000435,1
717,-1,-1,-1,-1,-1,-1,-1,-1,1,-1,1,1,-1,1,-1,-1,-1,1,-1,1,-1,-1,1,1,1,-1,-1,1,-1,1,-1,-1,1,-1,1,1,-1,-1,1,-1,0.0,-139.50943824822622,1
718,-1,-1,-1,1,-1,-1,-1,1,-1,-1,-1,1,1,1,-1,-1,1,-1,-1,1,-1,-1,1,-1,1,-1,1,-1,-1,-1,-1,-1,-1,1,-1,-1,1,-1,1,1,0.0,-139.0276924890538,1
719,-1,1,-1,1,-1,-1,1,-1,-1,1,1,-1,-1,-1,-1,1,1,-1,-1,-1,1,-1,-1,1,1,1,-1,-1,-1,-1,-1,1,1,1,-1,-1,1,-1,1,-1,0.0,-138.8435413455204,1
720,1,1,1,1,1,1,1,1,-1,1,-1,-1,1,-1,-1,-1,-1,-1,-1,-1,1,1,1,-1,-1,1,-1,-1,1,1,1,1,-1,1,1,-1,-1,1,-1,1,0.025,-155.23631928485472,1
721,1,-1,-1,1,-1,1,1,-1,-1,1,-1,-1,1,1,-1,1,1,-1,-1,-1,1,-1,-1,1,1,1,1,-1,1,-1,-1,1,-1,1,1,-1,1,-1,-1,-1,0.0,-138.39223242631493,1
722,-1,1,-1,1,-1,-1,1,1,-1,-1,-1,1,1,1,-1,-1,-1,-1,-1,1,1,1,1,-1,1,1,-1,-1,-1,-1,-1,1,1,-1,1,1,1,1,1,1,0.0,-138.2393871299375,1
723,-1,1,-1,1,-1,1,1,-1,1,-1,-1,-1,1,1,-1,1,-1,-1,-1,-1,1,-1,-1,1,1,1,-1,-1,-1,-1,-1,1,1,1,-1,-1,1,1,-1,-1,0.0,-137.4827672000443,1
724,-1,-1,-1,1,1,-1,-1,-1,1,-1,-1,1,-1,1,-1,-1,1,-1,1,1,-1,-1,1,1,1,-1,1,-1,-1,-1,-1,-1,1,1,-1,-1,-1,1,-1,1,0.0,-137.47406904917275,1
725,-1,-1,-1,1,-1,-1,1,-1,-1,-1,1,1,-1,1,-1,-1,1,1,-1,1,1,-1,-1,1,1,-1,1,-1,-1,-1,-1,-1,1,1,-1,-1,1,-1,1,1,0.0,-137.2228367371633,1
726,-1,-1,1,1,-1,-1,1,-1,1,1,1,1,-1,1,-1,1,1,1,1,1,-1,-1,-1,1,1,1,1,-1,-1,-1,-1,-1,-1,1,-1,-1,-1,1,-1,-1,0.025,-133.49396518761594,1
727,1,1,1,1,1,1,-1,1,-1,1,-1,-1,1,-1,1,-1,1,-1,1,1,-1,-1,1,-1,-1,1,1,-1,-1,-1,1,-1,-1,1,1,-1,-1,-1,-1,1,0.0,-135.6508417698562,1
728,1,-1,1,1,1,-1,1,1,1,1,-1,1,-1,1,-1,-1,1,-1,1,1,-1,-1,1,-1,1,1,1,-1,-1,-1,-1,-1,-1,-1,1,-1,1,-1,-1,1,0.0,-135.11043338083735,1
729,1,1,1,1,1,-1,1,-1,1,-1,-1,1,-1,1,-1,-1,-1,-1,1,1,-1,-1,1,-1,1,1,1,-1,-1,-1,-1,1,-1,-1,1,-1,1,1,-1,-1,0.0,-135.01950590584607,1
730,1,-1,1,-1,1,1,-1,1,1,-1,1,-1,-1,-1,-1,-1,-1,1,1,1,-1,-1,1,-1,-1,-1,1,1,-1,-1,1,-1,-1,-1,1,1,-1,-1,-1,-1,0.0,-134.52700195039037,1
731,1,1,1,-1,1,1,1,-1,1,1,-1,-1,1,-1,1,-1,-1,-1,1,1,1,1,1,-1,-1,-1,-1,-1,1,1,1,-1,-1,1,-1,1,-1,1,-1,-1,0.0,-134.4914378093307,1
732,-1,-1,-1,-1,-1,1,-1,-1,1,1,1,-1,-1,-1,-1,1,1,1,-1,-1,-1,-1,-1,1,-1,-1,1,1,-1,-1,-1,1,-1,1,-1,1,1,-1,-1,-1,0.025,-137.78396522876434,1
733,-1,-1,-1,1,-1,-1,1,1,-1,1,-1,1,1,1,-1,1,1,-1,-1,-1,1,-1,-1,1,-1,1,1,-1,1,-1,-1,1,1,1,-1,-1,1,1,1,1,0.0,-134.31306664066125,1
734,1,-1,1,-1,1,-1,1,-1,1,-1,-1,1,-1,1,-1,-1,-1,-1,1,1,-1,-1,1,-1,1,-1,1,-1,-1,-1,-1,-1,-1,-1,-1,-1,1,1,-1,1,0.0,-133.73691461866383,1
735,1,1,1,-1,-1,1,-1,1,1,-1,1,-1,1,-1,1,-1,-1,1,-1,-1,-1,-1,1,-1,-1,-1,-1,1,1,1,1,-1,-1,-1,1,1,-1,-1,1,-1,0.025,-147.0810777196668,1
736,-1,1,-1,-1,-1,1,-1,1,-1,-1,-1,1,1,1,1,1,-1,1,-1,1,-1,1,1,-1,-1,-1,-1,1,1,1,1,1,1,-1,1,1,1,1,1,1,0.025,-137.17186293960228,1
737,1,1,1,-1,1,-1,-1,1,1,-1,-1,1,1,1,1,-1,-1,1,1,1,-1,1,1,-1,1,-1,1,-1,-1,-1,-1,-1,-1,-1,1,-1,-1,1,1,1,0.0,-131.34393469932027,1
738,1,-1,1,-1,1,1,1,-1,1,1,1,1,-1,-1,1,-1,-1,-1,1,-1,1,1,-1,-1,-1,1,-1,-1,-1,-1,1,-1,-1,1,-1,1,-1,1,-1,-1,0.0,-130.74913139466253,1
739,-1,1,1,1,1,-1,1,-1,1,-1,-1,1,-1,-1,-1,-1,-1,-1,1,1,-1,-1,1,-1,1,1,-1,-1,-1,-1,-1,1,-1,1,-1,-1,-1,1,-1,-1,0.025,-132.67695658536573,1
740,1,1,1,1,1,1,1,-1,1,-1,-1,-1,1,-1,-1,-1,-1,-1,1,1,1,-1,1,-1,1,-1,1,-1,-1,-1,1,-1,-1,1,1,-1,-1,1,-1,-1,0.025,-133.32988128840307,1
741,-1,-1,1,-1,-1,1,-1,-1,1,-1,1,1,-1,-1,1,1,1,1,1,-1,-1,-1,-1,1,-1,-1,1,1,1,1,1,1,-1,-1,-1,1,-1,1,-1,-1,0.025,-127.38435890264051,1
742,1,1,1,-1,1,1,-1,1,-1,1,-1,-1,1,-1,1,-1,1,-1,1,1,-1,-1,1,-1,-1,-1,1,-1,1,1,1,-1,-1,1,-1,-1,-1,-1,-1,1,0.025,-129.17641516891027,1
743,1,1,1,1,1,-1,-1,1,1,1,-1,-1,1,-1,1,1,1,-1,1,-1,-1,-1,1,-1,-1,1,1,-1,-1,-1,1,1,-1,1,-1,-1,-1,-1,-1,-1,0.0,-117.26013699354236,1
