,0,1,2,3,4,5,6,7,8,9,10,11,12,13,14,15,16,17,18,19,20,21,22,23,24,25,26,27,28,29,30,31,32,33,34,35,36,37,38,39,chain_break_fraction,energy,num_occurrences
0,1,-1,1,1,1,-1,1,-1,1,1,-1,1,1,-1,1,-1,-1,-1,-1,-1,-1,1,-1,1,1,1,1,1,-1,1,-1,1,1,1,1,1,-1,1,1,-1,0.0,-176.0,8
1,-1,1,-1,-1,-1,1,-1,1,-1,-1,1,-1,-1,1,-1,1,1,1,1,1,1,-1,1,-1,-1,-1,-1,-1,1,-1,1,-1,-1,-1,-1,-1,1,-1,-1,1,0.0,-176.0,10
2,1,-1,-1,-1,-1,1,1,1,1,-1,1,1,1,1,-1,1,1,1,-1,1,-1,1,1,-1,-1,-1,-1,-1,1,1,-1,-1,-1,-1,-1,1,1,1,-1,1,0.0,-174.0,3
3,-1,1,1,1,1,-1,-1,-1,-1,1,-1,-1,-1,-1,1,-1,-1,-1,1,-1,1,-1,-1,1,1,1,1,1,-1,-1,1,1,1,1,1,-1,-1,-1,1,-1,0.0,-174.0,20
4,1,-1,1,1,1,-1,1,-1,1,1,-1,1,1,-1,1,-1,-1,-1,-1,-1,-1,1,-1,1,1,1,1,1,-1,1,-1,1,1,1,1,1,-1,-1,1,-1,0.0,-174.0,1
5,-1,1,-1,-1,-1,1,-1,1,-1,-1,1,-1,-1,1,-1,1,1,1,1,1,1,-1,1,-1,-1,-1,-1,-1,1,-1,1,-1,-1,-1,-1,-1,1,1,-1,1,0.0,-174.0,10
6,1,1,1,1,1,-1,-1,-1,-1,1,-1,1,-1,-1,1,-1,-1,-1,1,-1,1,1,-1,1,-1,1,1,1,-1,1,-1,1,1,1,1,-1,-1,-1,1,-1,0.0,-174.0,7
7,-1,-1,-1,-1,-1,1,1,1,1,-1,1,-1,1,1,-1,1,1,1,-1,1,-1,-1,1,-1,1,-1,-1,-1,1,-1,1,-1,-1,-1,-1,1,1,1,-1,1,0.0,-174.0,35
8,-1,1,1,1,1,-1,-1,-1,-1,1,-1,-1,-1,-1,1,-1,-1,-1,1,-1,1,-1,-1,1,-1,1,1,1,-1,-1,1,1,1,1,1,-1,-1,-1,1,-1,0.0,-172.0,4
9,1,-1,-1,-1,-1,1,1,1,1,-1,1,1,1,1,-1,1,1,1,-1,1,-1,1,1,-1,1,-1,-1,-1,1,1,-1,-1,-1,-1,-1,1,1,1,-1,1,0.0,-172.0,5
10,-1,1,1,1,1,-1,-1,-1,-1,1,-1,-1,-1,-1,1,-1,-1,-1,1,-1,1,-1,-1,1,1,1,1,1,-1,-1,-1,1,1,1,1,-1,-1,-1,1,-1,0.0,-172.0,8
11,-1,1,-1,1,-1,-1,-1,-1,1,-1,1,-1,-1,-1,-1,-1,1,-1,1,-1,-1,-1,-1,-1,-1,1,-1,-1,-1,-1,1,1,-1,-1,-1,-1,-1,1,1,1,0.0,-172.0,61
12,-1,1,-1,-1,-1,1,-1,1,1,-1,1,-1,-1,1,-1,1,1,1,1,1,1,-1,1,-1,-1,-1,-1,-1,1,-1,1,-1,-1,-1,-1,-1,1,1,-1,1,0.0,-172.0,4
13,-1,-1,-1,-1,-1,1,1,1,1,-1,1,-1,1,1,-1,1,1,1,-1,1,-1,-1,1,-1,1,-1,-1,-1,1,1,1,-1,-1,-1,-1,1,1,1,-1,1,0.0,-172.0,19
14,1,1,1,1,1,-1,-1,-1,-1,1,-1,-1,1,-1,1,-1,-1,-1,1,-1,-1,-1,-1,1,1,1,1,1,-1,1,-1,1,1,1,1,-1,-1,-1,1,-1,0.0,-172.0,8
15,-1,-1,-1,-1,-1,1,1,1,1,-1,1,1,-1,1,-1,1,1,1,-1,1,1,1,1,-1,-1,-1,-1,-1,1,-1,1,-1,-1,-1,-1,1,1,1,-1,1,0.0,-172.0,2
16,1,1,1,1,1,-1,-1,-1,-1,1,-1,1,-1,-1,1,-1,-1,-1,1,-1,1,1,-1,1,-1,1,1,1,-1,-1,-1,1,1,1,1,-1,-1,-1,1,-1,0.0,-172.0,4
17,-1,1,-1,1,-1,1,-1,1,-1,-1,1,-1,-1,1,-1,1,1,1,1,1,1,-1,1,-1,-1,-1,-1,-1,1,-1,1,-1,-1,-1,-1,-1,1,1,-1,1,0.0,-172.0,3
18,1,-1,1,-1,1,-1,1,-1,1,1,-1,1,1,-1,1,-1,-1,-1,-1,-1,-1,1,-1,1,1,1,1,1,-1,1,-1,1,1,1,1,1,-1,-1,1,-1,0.0,-172.0,4
19,-1,-1,-1,-1,-1,1,1,1,1,-1,1,-1,1,1,-1,1,1,1,-1,1,-1,-1,1,-1,1,-1,-1,-1,1,-1,-1,-1,-1,-1,-1,1,1,1,-1,1,0.0,-172.0,30
20,1,1,1,1,1,-1,-1,-1,-1,1,-1,1,-1,-1,1,-1,-1,-1,1,-1,1,1,-1,1,-1,1,1,1,-1,1,1,1,1,1,1,-1,-1,-1,1,-1,0.0,-172.0,1
21,-1,-1,-1,-1,-1,1,1,1,1,-1,1,-1,1,1,-1,1,1,1,-1,1,-1,-1,1,-1,-1,-1,-1,-1,1,-1,1,-1,-1,-1,-1,1,1,1,-1,1,0.0,-172.0,3
22,-1,1,1,1,1,-1,-1,-1,-1,1,-1,-1,-1,-1,1,-1,-1,-1,1,-1,1,-1,-1,1,-1,1,1,1,-1,-1,1,1,1,-1,1,-1,-1,-1,1,-1,0.0,-170.0,5
23,1,-1,-1,-1,-1,1,1,1,1,-1,1,1,1,1,-1,1,1,1,-1,1,-1,1,1,-1,1,-1,-1,-1,1,1,-1,-1,-1,1,-1,1,1,1,-1,1,0.0,-170.0,1
24,-1,1,1,1,1,-1,-1,-1,-1,1,-1,-1,-1,-1,1,-1,-1,-1,1,-1,1,-1,-1,1,1,1,1,1,-1,-1,-1,1,1,-1,1,-1,-1,-1,1,-1,0.0,-170.0,1
25,1,-1,1,1,1,-1,1,-1,1,1,-1,1,1,-1,1,-1,-1,-1,-1,-1,-1,-1,-1,1,1,1,1,1,-1,1,-1,1,1,1,1,1,-1,1,1,-1,0.0,-170.0,1
26,-1,1,-1,1,-1,-1,-1,-1,1,-1,1,-1,-1,-1,1,-1,1,-1,1,-1,-1,-1,-1,-1,-1,1,-1,-1,-1,-1,1,1,-1,-1,-1,-1,-1,1,1,1,0.0,-170.0,6
27,-1,1,-1,-1,-1,1,-1,1,1,-1,1,-1,-1,1,-1,1,1,1,1,1,1,-1,1,-1,-1,-1,-1,-1,-1,-1,1,-1,-1,-1,-1,-1,1,1,-1,1,0.0,-170.0,3
28,1,1,1,1,1,-1,1,-1,-1,1,-1,1,1,-1,1,-1,-1,-1,-1,-1,-1,-1,-1,1,1,1,1,1,-1,1,-1,1,1,1,1,-1,-1,-1,1,-1,0.0,-170.0,1
29,1,1,1,1,1,-1,-1,-1,-1,1,-1,-1,-1,-1,1,-1,-1,-1,1,-1,-1,-1,-1,1,1,1,1,1,-1,1,-1,1,1,1,1,-1,-1,-1,1,-1,0.0,-170.0,2
30,1,1,1,-1,1,-1,-1,-1,-1,1,-1,1,1,-1,1,-1,-1,-1,1,-1,1,-1,-1,1,1,1,1,1,-1,1,-1,1,1,1,1,-1,-1,-1,1,-1,0.0,-170.0,1
31,1,-1,1,1,1,-1,1,-1,1,1,-1,1,1,-1,1,-1,1,-1,-1,-1,-1,1,-1,1,1,1,1,1,-1,1,-1,1,1,1,1,1,-1,1,1,-1,0.0,-170.0,1
32,-1,1,-1,-1,-1,1,-1,1,1,-1,1,-1,-1,1,-1,1,1,1,1,1,1,-1,1,-1,-1,-1,-1,-1,1,-1,1,-1,-1,-1,-1,-1,1,-1,-1,1,0.0,-170.0,1
33,-1,-1,-1,-1,-1,1,1,1,1,-1,1,1,1,1,-1,1,1,1,-1,1,-1,1,1,-1,1,-1,-1,-1,1,1,-1,-1,-1,-1,-1,1,1,1,-1,1,0.0,-170.0,2
34,-1,1,-1,-1,-1,1,-1,1,-1,-1,1,-1,-1,1,-1,1,1,1,1,1,1,-1,1,-1,-1,-1,-1,1,1,-1,1,-1,-1,-1,-1,-1,1,-1,-1,1,0.0,-170.0,1
35,-1,1,-1,-1,-1,1,-1,1,-1,-1,1,-1,-1,1,-1,1,1,1,1,1,1,-1,1,-1,-1,-1,-1,-1,1,-1,1,-1,1,-1,-1,-1,1,-1,-1,1,0.0,-170.0,3
36,1,1,1,1,1,-1,-1,-1,-1,1,-1,-1,-1,-1,1,-1,-1,-1,1,-1,1,1,-1,1,-1,1,1,1,-1,1,1,1,1,1,1,-1,-1,-1,1,-1,0.0,-170.0,1
37,1,-1,1,-1,1,-1,1,-1,1,1,-1,1,1,-1,1,-1,-1,-1,-1,-1,-1,1,-1,1,1,1,1,1,-1,1,-1,1,1,1,1,1,-1,1,1,-1,0.0,-170.0,1
38,-1,-1,-1,-1,-1,1,1,1,1,-1,1,1,1,1,-1,1,1,1,-1,1,-1,-1,1,-1,1,-1,-1,-1,1,1,1,-1,-1,-1,-1,1,1,1,-1,1,0.0,-170.0,2
39,-1,-1,-1,-1,-1,1,1,1,1,-1,1,1,1,1,-1,1,1,1,-1,1,-1,-1,1,-1,1,-1,-1,-1,1,-1,-1,-1,-1,-1,-1,1,1,1,-1,1,0.0,-170.0,5
40,-1,1,-1,1,-1,1,-1,1,-1,-1,1,-1,-1,1,-1,1,1,1,1,1,1,-1,1,-1,-1,-1,-1,-1,1,-1,1,-1,-1,-1,-1,-1,1,-1,-1,1,0.0,-170.0,1
41,1,1,1,1,1,-1,-1,-1,-1,1,-1,-1,-1,-1,1,-1,-1,-1,1,-1,1,-1,-1,1,1,1,1,1,-1,-1,-1,1,1,1,1,-1,-1,-1,1,-1,0.0,-170.0,1
42,1,-1,1,1,1,-1,1,-1,1,1,-1,1,1,-1,1,-1,-1,-1,-1,-1,-1,1,-1,1,1,1,1,1,-1,1,-1,1,-1,1,1,1,-1,1,1,-1,0.0,-170.0,3
43,1,1,1,1,1,-1,-1,-1,-1,1,-1,1,1,-1,1,-1,-1,-1,1,-1,-1,-1,-1,1,1,1,1,1,-1,1,-1,1,1,1,1,-1,-1,-1,1,-1,0.0,-170.0,1
44,1,-1,1,-1,1,-1,1,-1,1,1,-1,1,1,-1,1,-1,-1,-1,-1,-1,-1,-1,-1,1,1,1,1,-1,-1,1,-1,1,1,1,1,1,-1,1,1,-1,0.0,-170.0,4
45,-1,1,-1,1,-1,1,-1,1,-1,-1,1,-1,-1,1,-1,1,1,1,1,1,1,1,1,-1,-1,-1,-1,1,1,-1,1,-1,-1,-1,-1,-1,1,-1,-1,1,0.0,-170.0,2
46,-1,1,1,1,1,-1,-1,-1,-1,1,-1,-1,-1,-1,1,-1,-1,-1,1,-1,1,-1,-1,1,-1,1,1,1,-1,-1,1,1,1,1,1,-1,-1,-1,1,-1,0.025,-172.0,1
47,-1,1,1,1,1,-1,-1,-1,-1,1,-1,-1,-1,-1,1,-1,-1,-1,1,-1,1,-1,-1,1,1,1,1,1,-1,-1,1,1,1,-1,1,-1,-1,-1,1,-1,0.0,-168.0,2
48,-1,1,1,1,1,-1,-1,-1,-1,1,-1,-1,-1,-1,1,-1,-1,-1,1,-1,1,-1,-1,1,-1,1,1,1,-1,-1,-1,1,1,-1,1,-1,-1,-1,1,-1,0.0,-168.0,3
49,-1,1,-1,-1,-1,1,-1,1,-1,-1,1,-1,-1,1,-1,1,1,1,1,1,1,-1,1,-1,-1,-1,-1,-1,-1,-1,1,-1,-1,-1,-1,-1,1,1,-1,1,0.0,-168.0,3
50,-1,1,1,1,1,-1,-1,-1,-1,-1,-1,-1,-1,-1,1,-1,-1,-1,1,-1,1,-1,-1,1,1,1,1,1,-1,-1,-1,1,1,-1,1,-1,-1,-1,1,-1,0.0,-168.0,24
51,1,-1,1,1,1,-1,1,-1,1,1,-1,1,1,-1,1,-1,-1,-1,-1,-1,-1,1,-1,1,1,1,1,1,1,1,-1,1,1,1,1,1,-1,-1,1,-1,0.0,-168.0,1
52,-1,-1,-1,-1,-1,1,-1,1,1,-1,1,-1,-1,1,-1,1,1,1,1,1,1,-1,1,-1,-1,-1,-1,-1,1,-1,1,-1,-1,-1,-1,1,1,1,-1,1,0.0,-168.0,1
53,1,1,1,1,1,-1,1,-1,1,1,-1,1,1,-1,1,-1,-1,-1,-1,-1,-1,1,-1,1,1,1,1,1,-1,1,-1,1,1,1,1,1,-1,-1,1,-1,0.0,-168.0,1
54,1,-1,1,1,1,-1,1,-1,1,1,-1,1,1,-1,1,-1,-1,-1,-1,-1,-1,1,-1,1,1,1,1,-1,-1,1,-1,1,-1,1,1,1,-1,1,1,-1,0.0,-168.0,13
55,1,1,1,1,1,-1,1,-1,-1,1,-1,1,1,-1,1,-1,-1,-1,-1,-1,-1,-1,-1,1,1,1,1,1,-1,1,-1,1,1,1,1,1,-1,-1,1,-1,0.0,-168.0,1
56,-1,-1,-1,-1,-1,1,-1,1,-1,-1,1,-1,-1,1,-1,1,1,1,1,1,1,-1,1,-1,-1,-1,-1,-1,1,-1,1,-1,-1,-1,-1,-1,1,1,-1,1,0.0,-168.0,1
57,1,1,1,-1,1,-1,-1,-1,-1,-1,-1,1,1,-1,1,-1,-1,-1,1,-1,1,-1,-1,1,1,1,1,1,-1,1,-1,1,1,1,1,-1,-1,-1,1,-1,0.0,-168.0,5
58,-1,1,-1,-1,-1,1,-1,1,-1,-1,1,-1,-1,1,-1,1,1,1,1,1,1,-1,1,-1,-1,-1,-1,1,1,-1,1,-1,1,-1,-1,-1,1,-1,-1,1,0.0,-168.0,3
59,1,-1,1,1,1,-1,1,-1,1,1,-1,1,1,-1,1,-1,-1,-1,-1,-1,-1,-1,-1,1,1,1,1,-1,-1,1,-1,1,1,1,1,1,-1,1,1,-1,0.0,-168.0,3
60,-1,1,-1,-1,-1,1,-1,1,1,-1,1,-1,-1,1,-1,1,1,1,-1,1,1,-1,1,-1,-1,-1,-1,-1,-1,-1,1,-1,-1,-1,-1,-1,1,1,-1,1,0.0,-168.0,1
61,-1,1,-1,-1,-1,1,-1,1,-1,-1,1,-1,-1,1,-1,1,1,1,1,1,1,1,1,-1,-1,-1,-1,1,1,-1,1,-1,-1,-1,-1,-1,1,-1,-1,1,0.0,-168.0,1
62,1,-1,1,-1,1,-1,1,-1,1,1,-1,1,1,-1,1,-1,-1,-1,-1,-1,-1,-1,-1,1,1,1,1,1,-1,1,-1,1,1,1,1,1,-1,1,1,-1,0.0,-168.0,2
63,1,1,1,1,1,-1,-1,-1,-1,1,-1,-1,-1,-1,1,-1,-1,-1,1,-1,1,-1,-1,1,-1,1,1,1,-1,-1,-1,1,1,1,1,-1,-1,-1,1,-1,0.0,-168.0,1
64,-1,-1,-1,-1,-1,1,1,1,1,-1,1,1,1,1,-1,1,1,1,-1,1,-1,-1,1,-1,1,-1,-1,-1,1,1,-1,-1,-1,-1,-1,1,1,1,-1,1,0.0,-168.0,3
65,1,1,1,1,1,-1,-1,-1,-1,1,-1,-1,-1,-1,1,-1,-1,-1,1,-1,1,-1,-1,1,1,1,1,1,-1,-1,1,1,1,1,1,-1,-1,-1,1,-1,0.0,-168.0,1
66,1,-1,1,-1,1,-1,1,-1,1,-1,-1,1,1,-1,1,-1,-1,-1,-1,-1,-1,-1,-1,1,1,1,1,-1,-1,1,-1,1,1,1,1,1,-1,1,1,-1,0.0,-168.0,14
67,-1,-1,-1,-1,-1,1,1,1,1,-1,1,-1,-1,1,-1,1,1,1,-1,1,-1,-1,1,-1,1,-1,-1,-1,1,-1,1,-1,-1,-1,-1,1,1,1,-1,1,0.0,-168.0,1
68,1,-1,1,-1,1,-1,1,-1,1,1,-1,1,1,-1,1,-1,-1,-1,-1,-1,-1,1,-1,1,1,1,1,-1,-1,1,-1,1,1,1,1,1,-1,1,1,-1,0.0,-168.0,1
69,1,-1,1,1,1,-1,1,-1,1,1,-1,1,1,-1,1,-1,1,-1,-1,-1,-1,1,-1,1,1,1,1,1,-1,1,-1,1,-1,1,1,1,-1,1,1,-1,0.0,-168.0,3
70,1,1,1,1,1,-1,-1,-1,-1,1,-1,1,-1,-1,1,-1,-1,-1,1,-1,1,1,-1,1,-1,1,1,1,-1,-1,-1,1,1,1,1,-1,-1,-1,1,-1,0.025,-172.0,1
71,1,-1,-1,-1,-1,1,1,1,1,-1,1,1,1,-1,-1,1,1,1,-1,1,-1,1,1,-1,1,-1,-1,-1,1,1,-1,-1,-1,-1,-1,1,1,1,-1,1,0.0,-166.0,1
72,-1,1,1,1,1,-1,-1,-1,-1,-1,-1,-1,1,-1,1,-1,-1,-1,1,-1,1,-1,-1,1,1,1,1,1,-1,-1,-1,1,1,-1,1,-1,-1,-1,1,-1,0.0,-166.0,22
73,-1,1,1,1,1,-1,-1,-1,-1,1,-1,-1,-1,-1,1,-1,-1,-1,1,-1,1,1,-1,1,-1,1,1,1,-1,-1,1,1,1,1,1,-1,-1,-1,1,-1,0.0,-166.0,1
74,-1,1,1,1,1,-1,-1,-1,-1,1,-1,-1,-1,-1,1,-1,-1,-1,1,-1,1,-1,-1,1,-1,1,1,1,-1,-1,-1,1,1,1,1,-1,-1,-1,1,-1,0.0,-166.0,1
75,1,-1,-1,-1,-1,1,1,1,1,-1,1,1,1,1,-1,1,1,1,-1,1,-1,-1,1,-1,1,-1,-1,-1,1,1,-1,-1,-1,-1,-1,1,1,1,-1,1,0.0,-166.0,2
76,1,-1,-1,-1,-1,1,1,1,1,-1,1,1,1,1,-1,1,-1,1,-1,1,-1,1,1,-1,1,-1,-1,-1,1,1,-1,-1,-1,-1,-1,1,1,1,-1,1,0.0,-166.0,1
77,-1,1,1,1,1,-1,-1,-1,-1,-1,-1,-1,-1,-1,1,-1,-1,-1,1,-1,1,-1,-1,1,1,1,1,1,-1,-1,-1,1,1,1,1,-1,-1,-1,1,-1,0.0,-166.0,1
78,1,1,1,1,1,-1,1,-1,1,-1,-1,1,1,-1,1,-1,-1,-1,-1,-1,-1,-1,-1,1,1,1,1,-1,-1,1,-1,1,-1,1,1,1,-1,1,1,-1,0.0,-166.0,17
79,-1,1,1,1,1,-1,-1,-1,-1,1,-1,-1,-1,-1,1,-1,-1,-1,1,-1,-1,-1,-1,1,1,1,1,1,-1,-1,-1,1,1,1,1,-1,-1,-1,1,-1,0.0,-166.0,1
80,-1,1,-1,1,-1,-1,-1,-1,-1,-1,1,-1,-1,-1,-1,-1,1,-1,1,-1,-1,-1,-1,-1,-1,1,-1,-1,-1,-1,1,1,-1,-1,-1,-1,-1,1,1,1,0.0,-166.0,2
81,1,-1,-1,1,1,-1,1,-1,-1,-1,-1,1,1,-1,1,-1,-1,-1,-1,-1,-1,1,-1,1,1,1,1,1,1,1,-1,1,1,1,1,1,-1,1,-1,-1,0.0,-166.0,1
82,-1,1,-1,1,-1,-1,-1,-1,1,-1,1,-1,-1,-1,-1,-1,1,-1,1,-1,-1,-1,-1,-1,-1,1,-1,-1,-1,-1,1,1,-1,-1,-1,-1,1,1,1,1,0.0,-166.0,11
83,-1,1,-1,1,-1,1,1,-1,1,-1,1,-1,-1,-1,-1,-1,1,-1,1,-1,-1,-1,-1,-1,-1,1,-1,-1,-1,-1,1,1,-1,-1,-1,-1,1,1,1,1,0.0,-166.0,15
84,-1,-1,-1,1,-1,1,1,1,1,-1,1,-1,1,1,-1,1,1,1,-1,1,-1,-1,1,-1,1,-1,-1,-1,1,1,1,-1,-1,-1,-1,1,1,1,-1,1,0.0,-166.0,1
85,1,-1,1,-1,1,-1,-1,1,-1,1,-1,1,1,1,1,1,-1,1,-1,1,1,1,1,1,1,-1,1,1,1,1,-1,-1,1,1,1,1,-1,-1,-1,-1,0.0,-166.0,1
86,-1,1,-1,1,-1,-1,-1,-1,1,-1,1,-1,-1,-1,-1,-1,1,-1,1,-1,-1,-1,-1,-1,-1,1,-1,-1,-1,1,1,1,-1,-1,-1,-1,-1,1,1,1,0.0,-166.0,1
87,1,1,1,-1,1,-1,-1,-1,-1,1,-1,1,-1,-1,1,-1,-1,-1,1,-1,1,1,-1,1,-1,1,1,1,-1,-1,-1,1,1,1,1,-1,-1,-1,1,-1,0.0,-166.0,1
88,-1,1,-1,1,-1,1,1,-1,-1,-1,1,-1,-1,-1,-1,-1,1,-1,1,-1,-1,-1,-1,-1,-1,1,-1,-1,-1,-1,1,1,-1,-1,-1,-1,-1,1,1,1,0.0,-166.0,3
89,1,1,1,-1,1,-1,-1,-1,-1,-1,-1,-1,1,-1,1,-1,-1,-1,1,-1,1,-1,-1,1,1,1,1,1,-1,1,-1,1,1,1,1,-1,-1,-1,1,-1,0.0,-166.0,1
90,1,1,1,1,1,-1,1,-1,-1,-1,-1,1,1,-1,1,-1,-1,-1,-1,-1,-1,-1,-1,1,1,1,1,-1,-1,1,-1,1,-1,1,1,-1,-1,1,1,-1,0.0,-166.0,6
91,1,1,1,1,1,-1,1,-1,1,-1,-1,1,1,-1,1,-1,-1,-1,-1,-1,-1,1,-1,-1,1,1,1,-1,-1,1,-1,1,-1,1,1,1,-1,1,1,-1,0.0,-166.0,11
92,1,1,1,1,1,-1,1,-1,-1,-1,-1,1,1,-1,1,-1,-1,-1,-1,-1,-1,-1,-1,1,1,1,1,-1,-1,1,-1,1,1,1,1,1,-1,1,1,-1,0.0,-166.0,1
93,-1,1,-1,1,1,1,1,-1,-1,-1,1,-1,-1,1,-1,-1,1,1,-1,-1,1,-1,-1,-1,-1,-1,-1,-1,-1,-1,1,-1,-1,-1,-1,-1,1,1,1,1,0.0,-166.0,1
94,1,1,1,-1,1,-1,-1,-1,-1,1,-1,-1,1,-1,1,-1,-1,-1,1,-1,-1,-1,-1,1,1,1,1,1,-1,1,-1,1,1,1,1,-1,-1,-1,1,-1,0.0,-166.0,1
95,1,1,1,1,1,-1,-1,-1,-1,-1,-1,-1,1,-1,1,-1,-1,-1,1,-1,-1,-1,-1,1,1,1,1,1,-1,1,-1,1,1,1,1,-1,-1,-1,1,-1,0.0,-166.0,4
96,-1,1,-1,1,-1,1,-1,-1,1,-1,1,-1,-1,-1,-1,-1,1,-1,1,-1,-1,-1,-1,-1,-1,1,-1,-1,-1,-1,1,1,-1,-1,-1,-1,-1,1,1,1,0.0,-166.0,2
97,1,1,1,-1,1,-1,1,-1,1,-1,-1,1,1,-1,1,-1,-1,-1,-1,-1,-1,-1,-1,1,1,1,1,-1,-1,1,-1,1,1,1,1,1,-1,1,1,-1,0.0,-166.0,6
98,1,1,1,1,1,-1,1,-1,1,1,-1,1,1,-1,1,-1,-1,-1,-1,-1,-1,-1,-1,1,1,1,1,-1,-1,1,-1,1,-1,1,1,-1,-1,1,1,-1,0.0,-166.0,1
99,-1,1,-1,1,-1,-1,1,-1,1,-1,1,-1,-1,-1,-1,-1,1,-1,1,-1,-1,-1,-1,-1,-1,1,-1,-1,-1,-1,1,1,-1,-1,-1,-1,-1,1,1,1,0.0,-166.0,3
100,1,1,1,1,1,-1,-1,-1,-1,1,-1,-1,1,-1,1,-1,-1,-1,-1,-1,-1,-1,-1,1,1,1,1,1,-1,1,-1,1,1,1,1,-1,-1,-1,1,-1,0.0,-166.0,1
101,-1,-1,-1,-1,-1,1,1,1,1,-1,1,-1,1,1,-1,1,1,1,-1,1,-1,-1,1,-1,1,-1,-1,1,1,-1,-1,-1,-1,-1,-1,1,1,1,-1,1,0.0,-166.0,3
102,-1,-1,-1,-1,-1,1,1,1,1,-1,1,-1,1,1,-1,1,1,1,-1,1,-1,-1,1,-1,1,-1,-1,-1,1,1,-1,-1,-1,-1,-1,1,1,1,-1,1,0.0,-166.0,1
103,-1,1,1,-1,1,-1,-1,-1,-1,1,-1,-1,-1,-1,1,-1,-1,-1,1,-1,1,-1,-1,1,1,1,1,1,-1,-1,-1,1,1,1,1,-1,-1,-1,1,-1,0.0,-166.0,3
104,-1,1,1,1,1,-1,-1,-1,-1,-1,-1,-1,-1,-1,1,-1,-1,-1,1,-1,1,-1,-1,1,1,1,1,1,-1,-1,1,1,1,1,1,-1,-1,-1,1,-1,0.025,-164.0,2
105,1,-1,1,-1,1,-1,1,-1,1,-1,-1,1,1,-1,1,-1,-1,-1,-1,-1,-1,-1,-1,1,1,1,1,-1,-1,1,-1,1,1,1,1,1,-1,1,1,-1,0.025,-168.0,1
106,-1,1,1,1,1,-1,-1,-1,-1,1,-1,-1,-1,1,1,-1,-1,-1,1,-1,1,-1,-1,1,1,1,1,1,-1,-1,1,1,1,1,1,-1,-1,-1,1,-1,0.0,-164.0,1
107,1,-1,-1,-1,-1,1,1,1,1,-1,1,1,1,1,-1,1,1,1,-1,1,-1,1,1,-1,-1,-1,1,-1,1,1,-1,-1,-1,-1,-1,1,1,1,-1,1,0.0,-164.0,1
108,-1,1,1,1,1,-1,-1,-1,-1,1,-1,-1,-1,-1,1,-1,-1,-1,1,-1,1,-1,-1,1,1,1,-1,1,-1,-1,1,1,1,1,1,-1,-1,-1,1,-1,0.0,-164.0,1
109,-1,1,1,1,1,-1,-1,-1,-1,-1,-1,-1,1,-1,1,-1,-1,-1,1,-1,1,-1,-1,1,1,1,1,1,-1,1,-1,1,1,-1,1,-1,-1,-1,1,-1,0.0,-164.0,2
110,1,1,1,1,1,-1,1,-1,-1,-1,-1,1,1,-1,1,-1,-1,-1,-1,-1,-1,-1,-1,1,1,1,1,-1,-1,1,-1,1,-1,1,1,1,-1,1,1,-1,0.0,-164.0,1
111,-1,1,-1,1,-1,1,1,-1,1,-1,1,-1,-1,-1,-1,-1,1,-1,1,-1,-1,-1,-1,-1,-1,1,-1,-1,-1,-1,1,1,-1,-1,-1,-1,-1,1,1,1,0.0,-164.0,2
112,1,1,1,1,1,-1,1,-1,-1,-1,-1,1,1,-1,1,-1,-1,-1,-1,-1,-1,-1,-1,1,1,1,1,1,-1,1,-1,1,1,1,1,1,-1,1,1,-1,0.0,-164.0,1
113,-1,1,1,-1,1,-1,-1,-1,-1,-1,-1,-1,1,-1,1,-1,-1,-1,1,-1,1,-1,-1,1,1,1,1,1,-1,-1,-1,1,1,-1,1,-1,-1,-1,1,-1,0.0,-164.0,8
114,-1,1,-1,1,-1,1,-1,-1,-1,-1,1,-1,-1,-1,-1,-1,1,-1,1,-1,1,-1,-1,-1,-1,1,1,1,-1,-1,1,1,-1,-1,-1,-1,1,1,1,1,0.0,-164.0,2
115,-1,-1,-1,1,-1,1,1,1,1,-1,1,-1,1,1,-1,1,1,1,-1,1,-1,-1,1,-1,1,-1,-1,-1,1,-1,1,-1,-1,-1,-1,1,1,1,-1,1,0.0,-164.0,1
116,-1,1,-1,1,-1,1,1,-1,-1,-1,1,-1,-1,-1,-1,-1,1,-1,1,-1,-1,-1,-1,-1,-1,1,-1,-1,-1,-1,1,1,-1,-1,-1,-1,1,1,1,1,0.0,-164.0,3
117,-1,1,-1,-1,-1,1,-1,1,-1,-1,1,-1,-1,1,-1,1,1,1,1,1,1,-1,1,-1,-1,-1,-1,1,1,-1,1,-1,-1,-1,-1,-1,1,1,-1,1,0.0,-164.0,1
118,-1,-1,-1,-1,-1,1,-1,1,1,-1,1,-1,-1,1,-1,1,1,-1,1,1,1,-1,1,-1,-1,-1,-1,-1,1,-1,1,-1,-1,-1,-1,-1,1,1,-1,1,0.0,-164.0,1
119,1,1,1,-1,1,-1,-1,-1,-1,-1,-1,-1,1,-1,1,-1,-1,-1,1,-1,1,-1,-1,1,1,1,1,1,-1,-1,-1,1,1,1,1,-1,-1,-1,1,-1,0.0,-164.0,2
120,1,1,1,-1,1,-1,1,-1,1,-1,-1,1,1,-1,1,-1,-1,-1,-1,-1,-1,-1,-1,1,1,1,1,-1,-1,1,-1,1,-1,1,1,1,-1,1,1,-1,0.0,-164.0,12
121,-1,1,-1,1,1,1,1,-1,-1,-1,1,-1,-1,1,-1,-1,-1,-1,1,-1,1,-1,-1,-1,-1,1,1,1,-1,-1,-1,1,-1,-1,-1,-1,1,1,1,-1,0.0,-164.0,2
122,-1,-1,-1,-1,-1,1,-1,1,1,1,1,-1,-1,1,-1,1,1,1,-1,1,1,-1,1,-1,-1,-1,-1,-1,-1,-1,1,-1,-1,-1,-1,-1,1,1,-1,1,0.0,-164.0,1
123,-1,-1,-1,-1,-1,1,1,1,1,-1,1,-1,1,1,-1,1,1,1,-1,-1,-1,-1,1,-1,1,-1,-1,-1,1,-1,1,-1,-1,-1,-1,1,1,1,-1,1,0.0,-164.0,1
124,-1,1,-1,1,-1,-1,1,-1,-1,-1,1,-1,-1,-1,-1,-1,1,-1,1,-1,-1,-1,-1,-1,-1,1,-1,-1,-1,-1,1,1,-1,-1,-1,-1,-1,1,1,1,0.0,-164.0,2
125,1,1,1,1,1,-1,1,-1,1,1,-1,1,1,-1,1,-1,-1,-1,-1,-1,-1,1,-1,-1,1,1,1,-1,-1,1,-1,1,-1,1,1,1,-1,1,1,-1,0.0,-164.0,1
126,1,-1,1,1,1,-1,1,-1,1,1,-1,1,1,-1,1,-1,-1,-1,-1,-1,-1,-1,-1,1,1,1,1,1,-1,1,-1,1,1,1,1,1,-1,-1,1,-1,0.0,-164.0,1
127,-1,1,-1,-1,-1,1,-1,1,1,-1,1,-1,-1,1,-1,1,1,1,1,1,1,-1,1,-1,-1,-1,-1,-1,-1,-1,1,-1,-1,-1,-1,-1,1,1,1,1,0.0,-164.0,2
128,1,1,1,1,1,-1,1,-1,1,-1,-1,1,1,-1,1,-1,-1,-1,-1,-1,-1,-1,-1,1,1,1,1,-1,-1,1,-1,1,-1,1,1,-1,-1,1,1,-1,0.0,-164.0,9
129,1,1,1,1,1,-1,1,-1,-1,-1,-1,-1,1,-1,1,-1,-1,-1,1,-1,-1,-1,-1,1,1,1,1,1,-1,1,-1,1,1,1,1,-1,-1,-1,1,-1,0.0,-164.0,1
130,1,1,1,1,1,-1,1,-1,1,-1,-1,1,1,-1,1,-1,-1,-1,-1,-1,-1,-1,-1,-1,1,1,1,-1,-1,1,-1,1,-1,1,1,1,-1,1,1,-1,0.0,-164.0,6
131,-1,1,1,-1,1,-1,-1,-1,-1,1,-1,-1,-1,-1,1,-1,-1,-1,1,-1,1,-1,-1,1,1,1,1,1,-1,-1,1,1,1,1,1,-1,-1,-1,1,-1,0.0,-164.0,1
132,-1,1,-1,1,-1,1,1,-1,-1,-1,1,-1,-1,-1,-1,-1,-1,-1,1,-1,-1,-1,-1,-1,-1,1,-1,-1,-1,-1,1,1,-1,-1,-1,-1,-1,1,1,1,0.0,-164.0,2
133,-1,1,-1,1,-1,-1,1,-1,1,-1,1,-1,-1,-1,-1,-1,1,-1,1,-1,-1,-1,-1,-1,-1,1,-1,-1,-1,-1,1,1,-1,-1,-1,-1,1,1,1,1,0.0,-164.0,5
134,-1,-1,-1,-1,-1,1,1,1,1,-1,1,1,1,1,-1,1,1,1,-1,1,-1,1,1,-1,1,-1,-1,-1,1,1,-1,-1,-1,1,-1,1,1,1,-1,1,0.0,-164.0,1
135,1,1,1,1,1,-1,1,-1,-1,1,-1,-1,1,-1,1,-1,-1,-1,-1,-1,-1,-1,-1,1,1,1,1,1,-1,1,-1,1,1,1,1,-1,-1,-1,1,-1,0.0,-164.0,1
136,1,1,1,1,1,-1,1,-1,1,1,-1,1,1,-1,1,-1,-1,-1,-1,-1,-1,1,-1,1,1,1,1,1,-1,1,-1,1,-1,1,1,1,-1,1,1,-1,0.0,-164.0,1
137,-1,1,-1,1,-1,1,1,-1,1,-1,1,-1,-1,-1,-1,-1,1,-1,-1,-1,-1,-1,-1,-1,-1,1,-1,-1,-1,-1,1,1,-1,-1,-1,-1,1,1,1,1,0.0,-164.0,4
138,-1,1,-1,1,-1,1,-1,-1,-1,-1,1,-1,-1,1,-1,1,1,1,-1,-1,1,-1,1,-1,-1,-1,-1,-1,-1,-1,1,-1,-1,-1,-1,-1,1,1,-1,1,0.0,-164.0,1
139,-1,1,1,-1,1,-1,-1,-1,-1,-1,-1,-1,-1,-1,1,-1,-1,-1,1,-1,1,-1,-1,1,1,1,1,1,-1,-1,-1,1,1,1,1,-1,-1,-1,1,-1,0.0,-164.0,3
140,1,1,1,-1,1,-1,1,-1,-1,-1,-1,1,1,-1,1,-1,-1,-1,-1,-1,-1,-1,-1,1,1,1,1,-1,-1,1,-1,1,1,1,1,1,-1,1,1,-1,0.0,-164.0,1
141,1,-1,1,-1,1,-1,1,-1,1,1,-1,1,1,-1,1,-1,-1,-1,1,1,-1,1,-1,1,1,1,1,1,-1,1,-1,1,1,1,1,1,-1,-1,1,-1,0.0,-164.0,1
142,1,-1,-1,1,1,-1,1,-1,1,1,-1,1,1,-1,1,-1,-1,-1,-1,-1,-1,1,-1,1,1,1,1,1,-1,1,-1,1,-1,1,1,1,-1,1,1,-1,0.0,-164.0,1
143,-1,-1,-1,-1,-1,1,1,1,1,-1,1,-1,-1,1,-1,1,1,1,-1,1,1,-1,1,-1,-1,-1,-1,-1,-1,-1,1,-1,-1,-1,-1,-1,1,1,-1,1,0.0,-164.0,1
144,1,-1,1,-1,1,-1,1,-1,-1,1,-1,1,1,-1,1,-1,-1,-1,-1,-1,-1,-1,-1,1,1,1,1,1,-1,1,-1,1,1,1,1,1,-1,-1,1,-1,0.0,-164.0,1
145,-1,1,-1,1,-1,1,-1,-1,1,-1,1,-1,-1,-1,-1,-1,1,-1,1,-1,-1,-1,-1,-1,-1,1,-1,-1,-1,-1,1,1,-1,-1,-1,-1,1,1,1,1,0.0,-164.0,3
146,1,-1,1,-1,1,-1,-1,-1,1,1,-1,1,1,-1,1,-1,-1,-1,-1,-1,-1,-1,-1,1,1,1,1,1,-1,1,-1,1,1,1,1,1,-1,-1,1,-1,0.0,-164.0,1
147,1,-1,1,-1,1,-1,1,-1,-1,1,-1,1,1,-1,1,-1,-1,-1,1,-1,-1,1,-1,1,1,1,1,1,-1,1,-1,1,1,1,1,1,-1,-1,1,-1,0.0,-164.0,1
148,-1,-1,-1,-1,-1,1,1,1,1,-1,1,-1,1,1,-1,1,1,1,-1,1,-1,-1,1,-1,1,-1,-1,-1,1,1,-1,-1,-1,-1,-1,1,1,1,-1,1,0.025,-166.0,1
149,-1,1,1,1,1,-1,-1,-1,-1,-1,-1,-1,-1,-1,1,-1,-1,-1,1,-1,1,-1,-1,1,1,1,1,1,-1,-1,1,1,1,-1,1,-1,-1,-1,1,-1,0.025,-162.0,3
150,-1,-1,-1,-1,-1,1,1,1,1,-1,1,-1,1,1,-1,1,1,1,-1,-1,-1,-1,1,-1,1,-1,-1,-1,1,-1,-1,-1,-1,-1,-1,1,1,1,-1,1,0.025,-166.0,1
151,-1,-1,-1,-1,-1,1,1,1,1,-1,1,-1,1,1,-1,1,1,1,-1,1,-1,-1,1,-1,1,-1,-1,-1,1,-1,1,-1,-1,-1,-1,1,1,1,-1,1,0.025,-174.0,1
152,-1,1,1,1,1,-1,-1,-1,-1,-1,-1,-1,-1,-1,1,-1,-1,-1,1,-1,1,-1,-1,1,-1,1,1,1,-1,-1,-1,1,1,-1,1,-1,-1,-1,1,-1,0.0,-162.0,1
153,1,-1,1,1,1,-1,1,-1,1,1,-1,1,1,-1,1,-1,-1,-1,-1,-1,-1,-1,-1,1,1,1,1,-1,-1,1,-1,1,-1,1,1,1,-1,1,1,-1,0.0,-162.0,1
154,-1,1,1,1,1,-1,-1,-1,-1,-1,-1,-1,1,-1,1,-1,-1,-1,1,-1,1,-1,-1,1,1,1,1,1,-1,1,-1,1,1,1,1,-1,-1,-1,1,-1,0.0,-162.0,1
155,1,-1,1,1,1,-1,1,-1,1,1,-1,1,1,-1,1,-1,-1,-1,-1,-1,-1,-1,-1,1,1,1,1,-1,-1,1,1,1,-1,1,1,-1,-1,1,1,-1,0.0,-162.0,2
156,-1,1,-1,-1,-1,1,-1,1,-1,-1,1,-1,-1,1,-1,1,1,1,1,-1,1,-1,1,-1,-1,-1,-1,-1,-1,-1,1,-1,-1,-1,-1,-1,1,1,-1,1,0.0,-162.0,1
157,1,1,1,-1,1,-1,-1,-1,-1,-1,-1,1,1,-1,1,-1,-1,-1,1,-1,1,-1,-1,1,1,1,1,1,-1,1,-1,1,1,1,1,1,-1,-1,1,-1,0.0,-162.0,1
158,-1,1,-1,1,-1,1,-1,-1,-1,-1,1,-1,-1,1,-1,-1,1,1,-1,-1,1,-1,1,-1,-1,-1,-1,-1,-1,-1,1,-1,-1,-1,-1,-1,1,1,-1,1,0.0,-162.0,1
159,1,1,1,1,1,-1,1,-1,1,1,-1,1,1,-1,1,-1,-1,-1,-1,-1,-1,1,-1,1,1,1,1,1,-1,1,-1,1,1,1,1,-1,-1,-1,1,-1,0.0,-162.0,1
160,1,1,1,1,1,-1,1,-1,1,-1,-1,1,1,-1,1,-1,-1,-1,-1,-1,-1,-1,-1,-1,1,1,1,-1,-1,1,-1,1,-1,1,-1,1,-1,1,1,-1,0.0,-162.0,1
161,1,1,1,-1,1,-1,1,-1,1,-1,-1,1,1,-1,1,-1,-1,-1,-1,-1,-1,-1,-1,1,1,1,1,-1,-1,1,-1,1,-1,1,-1,1,-1,1,1,-1,0.0,-162.0,7
162,1,-1,1,1,1,-1,1,-1,1,-1,-1,1,1,-1,1,-1,-1,-1,-1,-1,-1,1,-1,1,1,1,1,-1,-1,1,-1,1,-1,1,1,1,-1,1,1,-1,0.0,-162.0,2
163,1,1,1,-1,1,-1,-1,-1,-1,-1,-1,-1,1,-1,1,-1,-1,-1,1,-1,1,-1,-1,1,1,1,1,1,-1,-1,-1,1,1,-1,1,-1,-1,-1,1,-1,0.0,-162.0,1
164,1,-1,-1,-1,-1,-1,1,1,1,-1,1,1,1,-1,-1,1,1,1,-1,1,-1,1,1,-1,1,-1,-1,-1,1,1,-1,-1,-1,1,-1,1,1,1,-1,1,0.0,-162.0,1
165,1,1,1,-1,1,-1,-1,-1,-1,-1,-1,1,1,-1,1,-1,-1,-1,1,-1,-1,-1,-1,1,1,1,1,1,-1,1,-1,1,1,1,1,-1,-1,-1,1,-1,0.0,-162.0,1
166,1,-1,1,-1,1,-1,1,-1,1,1,-1,1,1,-1,1,-1,-1,-1,-1,-1,-1,1,-1,1,1,1,1,-1,-1,1,-1,1,-1,1,1,1,-1,1,1,-1,0.0,-162.0,2
167,-1,-1,-1,-1,1,1,1,1,1,-1,1,-1,1,1,-1,1,1,1,-1,1,-1,-1,1,-1,1,-1,-1,-1,1,-1,-1,-1,-1,-1,-1,1,1,1,-1,1,0.0,-162.0,2
168,-1,1,1,-1,1,-1,-1,-1,-1,-1,-1,-1,-1,-1,1,-1,-1,-1,1,-1,1,-1,-1,1,1,1,1,1,-1,-1,-1,1,1,-1,1,-1,-1,-1,1,-1,0.0,-162.0,3
169,1,-1,1,1,1,-1,1,-1,1,-1,-1,1,1,-1,1,-1,-1,-1,-1,-1,-1,-1,-1,1,1,1,1,-1,-1,1,-1,1,1,1,1,1,-1,1,1,-1,0.0,-162.0,1
170,-1,1,-1,1,1,-1,-1,-1,1,1,1,-1,-1,-1,1,-1,1,-1,-1,-1,-1,-1,-1,-1,-1,1,-1,-1,-1,-1,1,1,-1,1,-1,-1,-1,1,1,1,0.0,-162.0,1
171,1,1,1,-1,1,-1,1,-1,-1,-1,-1,1,1,-1,1,-1,-1,-1,1,-1,-1,-1,-1,1,1,1,1,-1,-1,1,-1,1,1,1,1,-1,-1,-1,1,-1,0.0,-162.0,2
172,1,1,1,-1,1,-1,1,-1,-1,-1,-1,1,1,-1,1,-1,-1,-1,1,-1,1,1,-1,1,1,1,1,1,-1,1,-1,1,1,1,1,1,-1,-1,1,-1,0.0,-162.0,1
173,1,1,1,-1,1,-1,-1,-1,-1,1,-1,-1,-1,-1,1,-1,-1,-1,1,-1,-1,-1,-1,1,1,1,1,1,-1,-1,-1,1,1,1,1,-1,-1,-1,1,-1,0.0,-162.0,1
174,-1,1,1,-1,1,-1,-1,-1,-1,-1,-1,-1,1,-1,1,-1,-1,-1,1,-1,1,-1,-1,1,1,1,1,1,-1,-1,-1,1,1,1,1,-1,-1,-1,1,-1,0.0,-162.0,3
175,-1,1,-1,-1,-1,1,-1,-1,1,-1,1,-1,-1,-1,-1,-1,1,-1,1,-1,1,-1,-1,-1,-1,1,-1,-1,-1,-1,1,-1,-1,-1,-1,-1,1,1,1,1,0.0,-162.0,4
176,1,-1,1,1,1,-1,-1,-1,1,1,-1,1,1,-1,1,-1,-1,-1,-1,-1,-1,1,-1,1,1,1,1,1,-1,1,-1,1,1,1,1,1,-1,1,1,-1,0.0,-162.0,1
177,-1,1,-1,-1,-1,1,-1,1,1,-1,1,-1,-1,1,-1,1,1,1,-1,-1,1,-1,1,-1,-1,-1,-1,-1,-1,-1,1,-1,-1,-1,-1,-1,1,1,-1,1,0.0,-162.0,2
178,-1,-1,-1,-1,-1,1,1,1,1,-1,1,-1,1,1,-1,1,1,1,-1,1,-1,-1,1,-1,1,-1,-1,-1,1,1,1,-1,-1,-1,-1,1,1,-1,-1,1,0.0,-162.0,1
179,1,-1,1,-1,1,-1,1,-1,1,-1,-1,1,1,-1,1,-1,-1,-1,-1,-1,-1,-1,-1,1,1,1,1,-1,-1,1,-1,1,-1,1,1,1,-1,1,1,-1,0.0,-162.0,5
180,1,1,1,-1,1,-1,1,-1,-1,-1,-1,1,1,-1,1,-1,-1,-1,1,-1,-1,-1,-1,1,1,1,1,1,-1,1,-1,1,1,1,1,1,-1,-1,1,-1,0.0,-162.0,4
181,-1,1,-1,1,-1,1,1,-1,-1,-1,1,-1,-1,1,-1,-1,-1,-1,1,-1,1,-1,-1,-1,-1,1,1,1,-1,-1,-1,1,-1,-1,-1,-1,1,1,1,-1,0.0,-162.0,1
182,1,1,1,1,1,-1,1,-1,1,-1,-1,1,1,-1,1,-1,-1,-1,-1,-1,-1,-1,-1,1,1,1,1,-1,-1,1,-1,1,-1,1,-1,-1,-1,1,1,-1,0.0,-162.0,3
183,1,1,1,-1,1,-1,1,-1,-1,-1,-1,1,1,-1,1,-1,-1,-1,-1,-1,-1,-1,-1,1,1,1,1,-1,-1,1,-1,1,1,1,1,1,-1,-1,1,-1,0.0,-162.0,1
184,1,1,1,-1,1,-1,-1,-1,-1,-1,-1,-1,1,-1,1,-1,-1,-1,1,-1,1,-1,-1,1,1,1,1,1,-1,-1,-1,1,1,1,1,-1,-1,-1,-1,-1,0.0,-162.0,1
185,-1,1,-1,1,-1,1,-1,-1,-1,-1,1,-1,-1,1,-1,1,1,1,-1,-1,1,-1,1,-1,-1,-1,-1,-1,1,-1,1,-1,-1,-1,-1,-1,1,1,-1,1,0.0,-162.0,1
186,1,-1,1,-1,1,-1,-1,-1,1,1,-1,1,1,-1,1,-1,-1,-1,-1,-1,-1,-1,-1,1,1,1,1,1,-1,1,-1,1,1,1,1,1,-1,1,1,-1,0.0,-162.0,1
187,1,1,1,1,1,-1,-1,-1,-1,1,-1,-1,-1,-1,1,-1,-1,-1,1,-1,1,-1,-1,1,-1,1,1,1,-1,-1,1,1,1,-1,1,-1,-1,1,1,-1,0.0,-162.0,1
188,-1,-1,-1,-1,-1,1,1,1,1,-1,1,-1,1,1,-1,1,1,-1,-1,1,-1,-1,1,-1,-1,-1,-1,-1,1,-1,1,-1,-1,-1,-1,1,1,1,-1,1,0.0,-162.0,1
189,1,1,1,-1,1,-1,-1,-1,-1,-1,-1,1,1,-1,1,-1,-1,-1,1,-1,1,1,-1,1,1,1,1,1,1,1,-1,1,1,1,1,1,-1,-1,-1,-1,0.025,-160.0,2
190,-1,1,1,-1,1,-1,-1,-1,-1,-1,-1,-1,1,-1,1,-1,-1,-1,1,-1,1,-1,-1,1,1,1,1,1,-1,-1,-1,1,1,-1,1,-1,-1,-1,1,-1,0.025,-164.0,1
191,-1,1,-1,1,-1,-1,-1,-1,1,-1,1,-1,-1,-1,-1,-1,1,-1,1,-1,-1,-1,-1,-1,-1,1,-1,-1,-1,-1,1,1,-1,-1,-1,-1,-1,1,1,1,0.025,-172.0,2
192,1,1,1,-1,1,-1,-1,-1,-1,-1,-1,-1,1,-1,1,-1,-1,-1,1,-1,1,-1,-1,1,1,1,1,1,-1,1,-1,1,1,-1,1,-1,-1,-1,1,-1,0.0,-160.0,1
193,-1,1,-1,1,1,-1,-1,-1,-1,-1,1,-1,-1,-1,-1,-1,1,-1,1,-1,-1,-1,-1,-1,-1,1,-1,-1,-1,-1,1,1,-1,-1,-1,-1,-1,1,1,1,0.0,-160.0,1
194,1,1,1,1,1,-1,-1,-1,-1,-1,-1,-1,1,-1,1,-1,-1,-1,1,-1,1,-1,-1,1,1,1,1,1,-1,-1,-1,1,1,-1,1,-1,-1,-1,1,-1,0.0,-160.0,2
195,-1,1,-1,1,1,1,1,-1,-1,-1,-1,-1,-1,-1,-1,-1,-1,-1,1,-1,1,-1,-1,-1,-1,1,1,1,-1,-1,-1,1,-1,-1,-1,-1,1,1,1,-1,0.0,-160.0,1
196,-1,1,-1,1,1,-1,-1,-1,1,-1,1,-1,-1,-1,1,-1,1,-1,-1,-1,-1,-1,-1,-1,-1,1,-1,-1,-1,-1,1,1,-1,1,-1,-1,-1,1,1,1,0.0,-160.0,1
197,1,1,1,1,1,-1,1,-1,-1,-1,-1,-1,1,-1,1,-1,-1,-1,1,-1,1,-1,-1,1,1,1,1,1,-1,1,-1,1,1,-1,1,-1,-1,-1,1,-1,0.0,-160.0,1
198,1,-1,-1,-1,-1,1,1,1,1,-1,1,-1,1,1,-1,1,1,1,-1,1,-1,-1,1,-1,-1,-1,-1,-1,1,-1,-1,-1,-1,-1,-1,1,1,1,-1,1,0.0,-160.0,1
199,1,1,-1,1,-1,-1,1,-1,-1,-1,-1,1,1,-1,-1,-1,-1,-1,1,-1,-1,1,-1,-1,-1,1,1,-1,1,1,-1,1,-1,-1,1,-1,-1,1,1,-1,0.0,-160.0,1
200,1,1,1,1,1,-1,1,-1,1,-1,-1,1,1,-1,1,-1,-1,-1,-1,-1,-1,-1,-1,1,1,1,1,-1,-1,1,-1,1,-1,1,-1,1,-1,1,1,-1,0.0,-160.0,1
201,-1,-1,-1,-1,-1,1,-1,1,-1,-1,1,-1,-1,1,-1,1,1,1,1,1,1,-1,1,-1,-1,-1,-1,-1,1,-1,1,-1,1,-1,-1,1,1,1,-1,1,0.0,-160.0,1
202,-1,1,1,1,1,-1,-1,-1,-1,-1,-1,-1,1,-1,1,-1,-1,-1,1,-1,1,-1,-1,1,1,1,1,1,-1,1,1,1,1,1,1,-1,-1,-1,1,-1,0.0,-160.0,1
203,-1,1,-1,1,1,-1,1,-1,1,-1,1,-1,1,-1,-1,-1,1,1,-1,-1,-1,-1,-1,-1,1,1,-1,-1,-1,1,-1,1,-1,-1,-1,-1,-1,1,1,1,0.0,-160.0,17
204,-1,1,-1,-1,-1,1,-1,-1,1,-1,1,-1,-1,-1,-1,1,1,-1,1,1,1,-1,-1,-1,-1,-1,-1,-1,-1,-1,1,-1,-1,-1,-1,-1,1,1,1,1,0.0,-160.0,1
205,1,1,-1,1,1,-1,1,-1,1,-1,-1,1,1,-1,1,-1,-1,-1,-1,-1,-1,1,-1,-1,1,1,1,-1,-1,1,-1,1,-1,1,1,1,-1,1,1,-1,0.0,-160.0,2
206,1,1,1,-1,1,-1,1,-1,-1,-1,-1,1,1,-1,1,-1,-1,-1,1,-1,-1,-1,-1,1,1,1,1,-1,-1,1,-1,1,1,1,1,1,-1,-1,1,-1,0.0,-160.0,1
207,1,1,1,-1,1,-1,1,-1,1,-1,-1,1,1,-1,1,-1,-1,-1,-1,-1,-1,-1,-1,-1,1,1,1,-1,-1,1,-1,1,-1,1,-1,1,-1,1,1,-1,0.0,-160.0,8
208,1,-1,1,1,1,-1,1,-1,1,-1,-1,1,1,-1,1,-1,-1,-1,-1,-1,-1,1,-1,-1,1,1,1,-1,-1,1,-1,1,-1,1,1,1,-1,1,1,-1,0.0,-160.0,1
209,-1,1,-1,1,1,1,1,-1,-1,-1,1,-1,-1,-1,-1,-1,1,-1,1,-1,-1,-1,-1,-1,-1,1,-1,-1,-1,-1,1,1,-1,-1,-1,-1,-1,1,1,1,0.0,-160.0,1
210,1,-1,1,1,1,-1,1,-1,1,1,-1,1,1,-1,1,-1,-1,-1,-1,-1,-1,-1,-1,1,1,1,1,-1,-1,1,-1,1,-1,1,1,-1,-1,1,1,-1,0.0,-160.0,1
211,1,-1,1,-1,1,-1,1,-1,1,-1,-1,1,1,-1,1,-1,-1,-1,-1,-1,-1,1,-1,1,1,1,1,-1,-1,1,-1,1,-1,1,1,1,-1,1,1,-1,0.0,-160.0,1
212,-1,-1,-1,-1,1,1,1,1,1,-1,1,-1,1,1,-1,1,1,1,-1,1,-1,-1,1,-1,1,-1,-1,-1,1,-1,1,-1,-1,-1,-1,1,1,1,-1,1,0.0,-160.0,1
213,1,1,1,1,1,-1,1,-1,1,-1,-1,1,1,-1,1,-1,-1,-1,-1,-1,-1,1,-1,-1,1,1,1,-1,-1,1,-1,1,-1,1,-1,1,-1,1,1,-1,0.0,-160.0,1
214,-1,1,1,-1,1,-1,-1,-1,-1,-1,-1,-1,1,-1,1,-1,-1,-1,1,-1,1,-1,-1,1,1,1,1,1,-1,-1,-1,1,1,1,1,1,-1,-1,1,-1,0.0,-160.0,4
215,1,1,1,-1,1,-1,-1,-1,-1,-1,-1,1,1,-1,1,-1,-1,-1,1,-1,-1,-1,-1,1,1,1,1,-1,-1,1,-1,1,1,1,1,-1,-1,-1,1,-1,0.0,-160.0,2
216,1,1,1,-1,1,-1,-1,-1,-1,-1,-1,1,1,-1,1,-1,-1,-1,1,-1,1,-1,-1,1,1,1,1,1,-1,-1,-1,1,1,1,1,1,-1,1,-1,-1,0.0,-160.0,1
217,1,1,1,-1,1,-1,-1,-1,-1,-1,-1,1,1,-1,1,-1,-1,-1,1,-1,1,-1,-1,1,1,1,1,1,-1,-1,-1,1,1,1,1,1,-1,-1,1,-1,0.0,-160.0,1
218,1,-1,1,-1,1,-1,1,-1,-1,-1,-1,1,1,-1,1,-1,-1,-1,1,-1,-1,1,-1,1,1,1,1,1,1,1,-1,1,1,1,1,1,-1,-1,1,-1,0.0,-160.0,1
219,-1,1,-1,-1,-1,1,-1,-1,1,-1,1,-1,-1,-1,-1,-1,1,-1,1,1,1,-1,-1,-1,-1,1,-1,-1,-1,-1,1,-1,-1,-1,-1,-1,1,1,1,1,0.0,-160.0,3
220,-1,1,-1,1,1,1,-1,-1,-1,1,-1,-1,-1,-1,1,-1,-1,-1,1,-1,1,1,-1,1,-1,1,1,1,-1,-1,-1,1,1,1,1,-1,-1,-1,1,-1,0.0,-160.0,1
221,1,1,1,1,1,-1,-1,-1,-1,-1,-1,-1,1,-1,1,-1,-1,-1,1,-1,-1,-1,-1,1,1,1,1,1,-1,1,-1,1,1,-1,1,-1,-1,-1,1,-1,0.0,-160.0,1
222,1,-1,1,1,1,-1,1,-1,-1,1,-1,1,1,-1,1,-1,-1,-1,-1,-1,-1,1,-1,1,1,1,1,-1,1,1,-1,1,1,1,1,1,-1,-1,1,-1,0.0,-160.0,1
223,1,1,1,-1,1,-1,1,-1,-1,-1,-1,1,1,-1,1,-1,-1,-1,1,-1,1,-1,-1,1,1,1,1,1,-1,1,-1,1,1,1,1,1,-1,-1,1,-1,0.0,-160.0,2
224,-1,1,-1,1,-1,1,1,-1,1,-1,1,-1,-1,-1,-1,-1,1,-1,1,-1,-1,-1,-1,-1,-1,1,-1,-1,-1,-1,1,-1,-1,-1,-1,-1,1,1,1,1,0.0,-160.0,1
225,-1,-1,-1,-1,-1,1,1,1,1,-1,1,-1,-1,1,-1,1,1,-1,1,1,1,-1,-1,-1,-1,-1,-1,-1,-1,-1,1,-1,-1,-1,-1,-1,1,1,1,1,0.0,-160.0,1
226,1,1,-1,1,1,-1,1,-1,-1,-1,-1,1,1,-1,1,-1,-1,-1,-1,-1,-1,-1,-1,1,1,1,1,-1,-1,1,-1,1,-1,1,1,-1,-1,1,1,-1,0.0,-160.0,1
227,1,1,1,1,1,-1,-1,-1,-1,-1,-1,1,1,-1,1,-1,-1,-1,1,-1,-1,-1,-1,1,1,1,1,1,-1,1,-1,1,1,1,1,-1,-1,-1,1,-1,0.0,-160.0,1
228,1,1,1,-1,1,-1,1,-1,1,-1,-1,1,1,-1,1,-1,-1,-1,-1,-1,-1,-1,-1,1,1,1,1,-1,-1,1,-1,1,1,1,1,1,-1,-1,1,-1,0.0,-160.0,1
229,-1,-1,-1,-1,-1,1,1,1,1,-1,1,1,1,1,-1,1,1,1,-1,1,1,-1,1,-1,1,-1,-1,-1,1,-1,-1,-1,-1,-1,-1,1,1,1,-1,1,0.0,-160.0,1
230,-1,-1,-1,-1,-1,1,1,1,1,-1,1,-1,1,1,-1,1,1,1,-1,1,-1,-1,1,-1,1,-1,-1,-1,-1,-1,1,-1,-1,-1,-1,1,1,1,-1,1,0.0,-160.0,2
231,1,1,1,-1,1,-1,-1,-1,-1,-1,-1,-1,1,-1,1,-1,-1,-1,1,-1,1,-1,-1,1,1,1,1,1,-1,-1,-1,1,1,1,1,1,-1,-1,-1,-1,0.0,-160.0,1
232,-1,1,-1,1,-1,1,-1,-1,1,-1,1,-1,-1,-1,-1,-1,1,-1,1,-1,1,-1,-1,-1,-1,1,-1,-1,-1,-1,1,-1,-1,-1,-1,-1,1,1,1,1,0.0,-160.0,1
233,-1,1,-1,1,1,1,1,-1,-1,-1,1,-1,-1,1,-1,-1,1,-1,-1,1,1,-1,-1,-1,-1,-1,1,-1,-1,-1,1,-1,-1,-1,-1,-1,1,1,1,1,0.025,-160.0,1
234,-1,1,1,-1,1,-1,-1,-1,-1,-1,-1,-1,-1,-1,1,-1,-1,-1,1,-1,1,-1,-1,1,1,1,1,1,-1,-1,1,1,1,1,1,-1,-1,-1,1,-1,0.025,-158.0,1
235,-1,1,-1,1,1,-1,1,-1,1,-1,1,-1,-1,-1,1,-1,1,-1,1,-1,-1,-1,-1,-1,-1,1,-1,-1,-1,-1,1,1,-1,-1,-1,-1,-1,1,1,1,0.0,-158.0,1
236,-1,1,-1,1,-1,1,-1,-1,-1,-1,1,-1,-1,-1,-1,-1,1,-1,1,-1,-1,-1,-1,-1,-1,1,1,-1,-1,-1,1,1,-1,-1,-1,-1,-1,1,1,1,0.0,-158.0,1
237,1,1,1,1,1,-1,1,-1,-1,1,-1,1,1,-1,1,-1,-1,-1,-1,-1,-1,-1,-1,1,1,-1,1,-1,-1,1,-1,1,1,1,1,-1,-1,-1,1,-1,0.0,-158.0,1
238,1,1,-1,1,1,-1,1,-1,1,-1,-1,1,1,-1,1,-1,-1,-1,-1,-1,-1,1,-1,-1,1,1,1,-1,-1,1,-1,1,-1,1,-1,1,-1,1,1,-1,0.0,-158.0,3
239,1,-1,1,1,1,-1,1,-1,1,1,-1,1,1,-1,1,-1,1,-1,-1,-1,-1,-1,-1,1,1,-1,1,-1,-1,1,1,1,-1,1,1,-1,-1,1,1,-1,0.0,-158.0,1
240,-1,-1,-1,-1,-1,1,-1,1,1,-1,1,-1,-1,1,-1,1,1,1,1,1,1,-1,1,-1,-1,-1,-1,-1,-1,-1,1,-1,-1,-1,-1,1,1,1,-1,1,0.0,-158.0,1
241,1,1,1,1,1,-1,1,-1,-1,-1,-1,1,1,-1,1,-1,-1,-1,1,-1,-1,-1,-1,1,1,1,1,1,-1,1,-1,1,1,1,1,1,-1,1,1,-1,0.0,-158.0,1
242,-1,1,1,-1,1,-1,-1,-1,-1,-1,-1,-1,1,-1,1,-1,-1,1,1,-1,1,-1,-1,1,1,1,1,1,-1,-1,-1,1,1,1,1,1,-1,-1,1,-1,0.0,-158.0,1
243,1,1,-1,1,-1,-1,1,-1,-1,-1,-1,1,1,-1,-1,-1,-1,-1,1,-1,-1,1,-1,-1,-1,1,1,-1,-1,1,-1,1,-1,-1,1,-1,-1,1,1,-1,0.0,-158.0,2
244,-1,1,-1,1,1,-1,1,-1,1,-1,1,-1,1,-1,-1,-1,1,1,-1,-1,-1,-1,-1,-1,1,1,-1,-1,-1,1,-1,1,-1,1,-1,-1,-1,1,1,1,0.0,-158.0,3
245,1,1,-1,1,-1,-1,1,-1,-1,-1,-1,1,1,-1,-1,-1,-1,-1,1,-1,-1,1,-1,-1,-1,1,1,-1,1,1,-1,1,-1,-1,-1,-1,-1,1,1,-1,0.0,-158.0,1
246,-1,1,-1,1,1,1,1,-1,-1,-1,1,-1,-1,1,-1,-1,1,-1,1,1,1,-1,-1,-1,-1,-1,1,1,-1,-1,1,1,-1,-1,-1,-1,1,1,1,1,0.0,-158.0,1
247,-1,1,-1,1,-1,1,-1,-1,-1,-1,1,-1,-1,-1,-1,-1,1,-1,1,-1,1,-1,-1,-1,-1,1,1,1,-1,-1,1,1,-1,-1,-1,-1,-1,1,1,1,0.0,-158.0,1
248,-1,1,-1,1,-1,-1,-1,-1,1,-1,1,-1,-1,-1,-1,-1,1,-1,1,-1,-1,-1,-1,-1,-1,1,-1,-1,-1,-1,-1,1,-1,-1,-1,-1,-1,1,1,1,0.0,-158.0,1
249,1,1,1,-1,1,-1,1,-1,1,-1,-1,1,1,-1,1,-1,-1,-1,-1,-1,-1,-1,-1,-1,1,1,1,-1,-1,1,-1,1,-1,1,1,1,-1,1,1,-1,0.0,-158.0,3
250,-1,1,-1,-1,-1,1,-1,-1,1,-1,1,-1,-1,-1,-1,-1,1,-1,1,1,1,-1,-1,-1,-1,-1,-1,-1,-1,-1,1,-1,-1,-1,-1,-1,1,1,1,1,0.0,-158.0,3
251,-1,1,-1,1,-1,-1,-1,-1,1,-1,1,-1,-1,-1,-1,-1,1,-1,1,1,-1,-1,-1,-1,-1,1,-1,-1,-1,-1,1,1,-1,-1,-1,-1,-1,1,1,1,0.0,-158.0,4
252,1,1,1,-1,1,-1,-1,-1,-1,-1,-1,1,1,-1,1,-1,-1,-1,1,-1,-1,-1,-1,1,1,1,1,-1,1,1,-1,1,1,1,1,-1,-1,-1,1,-1,0.0,-158.0,1
253,-1,1,-1,1,1,-1,1,-1,-1,-1,1,-1,1,-1,-1,-1,1,1,-1,-1,-1,-1,-1,-1,1,-1,-1,-1,-1,-1,-1,1,-1,-1,-1,-1,-1,1,1,1,0.0,-158.0,1
254,1,1,-1,1,1,-1,1,-1,1,-1,-1,1,1,-1,1,-1,-1,-1,-1,-1,-1,-1,-1,-1,1,1,1,-1,-1,1,-1,1,-1,1,-1,-1,-1,1,1,-1,0.0,-158.0,2
255,1,-1,1,1,1,-1,1,1,-1,1,-1,1,1,1,1,-1,-1,-1,-1,-1,-1,1,1,1,1,1,1,1,1,1,-1,1,1,1,1,1,-1,-1,-1,-1,0.0,-158.0,1
256,-1,1,-1,1,1,-1,1,-1,1,-1,1,-1,1,-1,-1,-1,1,1,-1,-1,-1,-1,-1,-1,1,-1,-1,-1,-1,1,-1,1,-1,-1,-1,-1,-1,1,1,1,0.0,-158.0,15
257,-1,1,-1,1,-1,-1,-1,-1,1,-1,1,-1,-1,-1,-1,-1,1,-1,1,-1,-1,-1,-1,-1,-1,1,1,-1,-1,-1,1,1,-1,-1,-1,-1,-1,1,1,1,0.0,-158.0,1
258,1,1,1,-1,1,-1,-1,-1,-1,-1,-1,-1,1,-1,1,-1,-1,1,1,-1,1,-1,-1,1,1,1,1,1,-1,1,-1,1,1,1,1,-1,-1,-1,-1,-1,0.0,-158.0,1
259,1,-1,-1,1,1,-1,1,-1,1,-1,-1,1,1,-1,1,-1,-1,-1,-1,-1,-1,1,-1,-1,1,1,1,-1,-1,1,-1,1,-1,1,1,1,-1,1,1,-1,0.0,-158.0,2
260,1,1,1,1,1,-1,1,-1,1,-1,-1,1,1,-1,1,-1,-1,-1,-1,-1,-1,-1,-1,-1,1,1,1,-1,-1,1,-1,1,-1,1,1,-1,-1,1,1,-1,0.0,-158.0,1
261,1,-1,1,-1,1,-1,1,-1,-1,-1,-1,1,1,-1,1,-1,-1,-1,-1,-1,-1,-1,-1,1,1,1,1,1,-1,1,-1,1,1,1,1,1,-1,1,-1,-1,0.0,-158.0,1
262,1,1,1,-1,1,-1,-1,-1,-1,-1,-1,1,1,-1,1,-1,-1,-1,1,-1,1,-1,-1,1,1,1,1,1,-1,-1,-1,1,1,1,1,1,-1,1,1,-1,0.0,-158.0,2
263,1,1,1,-1,1,-1,-1,-1,-1,-1,-1,-1,1,-1,1,-1,-1,1,1,-1,1,-1,-1,1,1,1,1,1,-1,-1,-1,1,1,1,1,1,-1,-1,-1,-1,0.0,-158.0,1
264,1,-1,1,1,1,-1,1,-1,1,1,-1,1,1,-1,1,1,-1,-1,-1,-1,-1,1,-1,1,1,1,1,-1,-1,1,-1,1,-1,1,1,1,-1,1,1,-1,0.0,-158.0,1
265,1,-1,1,-1,1,-1,1,-1,1,-1,-1,1,1,-1,1,-1,-1,-1,-1,-1,-1,-1,-1,1,1,1,1,-1,-1,1,-1,1,1,1,1,1,-1,1,-1,-1,0.0,-158.0,1
266,1,1,1,-1,1,-1,1,-1,-1,-1,-1,1,1,-1,1,-1,-1,-1,1,-1,-1,1,-1,1,1,1,1,1,1,1,-1,1,1,1,1,1,-1,-1,1,-1,0.0,-158.0,1
267,-1,1,-1,1,-1,-1,1,-1,1,-1,1,-1,-1,-1,-1,-1,1,-1,1,1,-1,-1,-1,-1,-1,1,-1,-1,-1,1,1,1,-1,-1,-1,-1,-1,1,1,1,0.0,-158.0,2
268,1,1,-1,1,-1,-1,1,-1,-1,-1,-1,1,1,-1,-1,-1,-1,-1,1,-1,1,1,-1,-1,-1,1,1,1,-1,1,-1,1,-1,-1,1,-1,-1,1,1,-1,0.0,-158.0,1
269,-1,1,1,-1,1,-1,-1,-1,-1,-1,-1,-1,1,-1,1,-1,-1,1,1,-1,1,-1,-1,1,1,1,1,1,-1,-1,-1,-1,1,1,1,1,-1,-1,-1,-1,0.0,-158.0,1
270,1,1,1,-1,1,-1,1,-1,-1,-1,-1,1,1,-1,1,-1,-1,-1,1,-1,-1,-1,-1,1,1,1,1,-1,1,1,-1,1,1,1,1,1,-1,-1,1,-1,0.0,-158.0,2
271,-1,1,-1,1,-1,1,1,-1,1,-1,1,-1,-1,-1,-1,-1,1,-1,-1,-1,-1,-1,-1,-1,-1,1,-1,-1,-1,1,1,1,-1,-1,-1,-1,1,1,1,1,0.0,-158.0,2
272,-1,1,1,-1,1,-1,-1,-1,-1,-1,-1,-1,1,-1,1,-1,-1,-1,1,-1,1,-1,-1,1,1,1,1,1,-1,-1,-1,1,1,1,1,1,-1,-1,-1,-1,0.0,-158.0,1
273,-1,-1,-1,-1,-1,1,1,1,1,-1,1,-1,1,1,-1,1,1,1,-1,1,1,-1,1,-1,1,-1,-1,1,1,-1,1,-1,-1,-1,-1,1,1,1,-1,1,0.0,-158.0,1
274,1,1,1,-1,1,-1,1,-1,1,-1,-1,1,1,-1,1,-1,-1,-1,-1,-1,-1,-1,-1,1,1,1,1,-1,-1,1,-1,1,-1,1,-1,-1,-1,-1,1,-1,0.0,-158.0,1
275,-1,1,-1,1,-1,1,-1,-1,1,-1,1,-1,-1,-1,-1,-1,1,1,1,-1,1,-1,-1,-1,-1,1,-1,-1,-1,-1,1,-1,-1,-1,-1,-1,1,1,1,1,0.0,-158.0,1
276,-1,1,-1,1,-1,-1,1,-1,1,-1,1,-1,-1,-1,-1,-1,1,-1,-1,-1,-1,-1,-1,-1,-1,1,-1,-1,-1,-1,1,1,-1,-1,-1,-1,1,1,1,1,0.0,-158.0,1
277,-1,1,-1,1,1,1,1,-1,-1,-1,1,-1,-1,1,-1,-1,1,-1,-1,1,1,-1,-1,-1,-1,-1,1,-1,-1,-1,1,1,-1,-1,-1,-1,1,1,1,1,0.025,-158.0,1
278,-1,1,1,1,1,-1,-1,-1,-1,1,-1,-1,-1,-1,1,-1,-1,-1,1,-1,1,-1,-1,1,1,1,1,1,-1,-1,-1,1,1,-1,1,-1,-1,-1,1,-1,0.025,-170.0,1
279,-1,1,-1,1,-1,-1,-1,-1,1,-1,1,-1,-1,-1,-1,-1,1,-1,1,-1,-1,-1,-1,-1,-1,1,-1,-1,-1,-1,1,1,-1,-1,-1,-1,-1,1,1,1,0.025,-172.0,1
280,1,-1,-1,-1,-1,1,1,1,1,-1,1,1,1,1,-1,1,-1,1,-1,1,1,1,1,-1,-1,-1,1,-1,1,1,-1,-1,-1,-1,-1,1,1,1,-1,1,0.0,-156.0,1
281,-1,1,1,1,1,-1,-1,-1,-1,-1,-1,-1,1,-1,1,-1,-1,-1,1,-1,-1,-1,-1,1,1,1,1,1,-1,-1,-1,1,1,-1,1,-1,-1,-1,1,-1,0.0,-156.0,3
282,-1,1,-1,1,1,1,1,-1,-1,-1,1,-1,-1,-1,-1,-1,-1,-1,1,-1,1,-1,-1,-1,-1,1,1,-1,-1,-1,-1,1,-1,-1,-1,-1,1,1,1,-1,0.0,-156.0,1
283,-1,1,1,1,1,-1,-1,-1,-1,-1,-1,1,1,-1,1,-1,-1,-1,1,-1,1,-1,-1,1,1,1,1,1,-1,1,-1,1,1,1,1,-1,-1,-1,1,-1,0.0,-156.0,1
284,-1,1,-1,-1,-1,1,-1,-1,1,-1,1,-1,-1,-1,-1,-1,1,-1,1,-1,1,-1,-1,-1,-1,1,-1,-1,-1,-1,1,1,-1,-1,-1,-1,1,1,1,1,0.0,-156.0,1
285,-1,1,-1,1,-1,1,-1,-1,-1,-1,1,-1,-1,-1,-1,-1,-1,-1,1,-1,1,-1,-1,-1,-1,1,1,-1,-1,-1,1,1,-1,-1,-1,-1,1,1,1,1,0.0,-156.0,1
286,-1,1,1,1,1,-1,-1,-1,-1,-1,-1,-1,1,-1,1,-1,-1,-1,1,-1,1,-1,-1,1,1,1,1,1,-1,-1,-1,1,1,-1,1,1,-1,-1,1,-1,0.0,-156.0,1
287,-1,1,-1,1,-1,-1,-1,-1,1,-1,1,-1,-1,-1,-1,-1,1,-1,1,1,-1,-1,-1,-1,-1,1,-1,-1,-1,1,1,1,-1,-1,-1,-1,-1,1,1,1,0.0,-156.0,1
288,-1,1,-1,1,1,-1,-1,-1,-1,-1,-1,-1,-1,-1,1,-1,-1,-1,1,-1,1,-1,-1,1,-1,1,1,1,-1,-1,-1,1,1,-1,1,-1,-1,-1,1,-1,0.0,-156.0,1
289,-1,1,-1,1,1,-1,1,-1,1,-1,1,-1,1,-1,-1,-1,1,1,-1,-1,-1,-1,-1,-1,1,-1,-1,-1,-1,1,1,1,-1,-1,-1,-1,-1,1,1,1,0.0,-156.0,3
290,1,-1,-1,-1,-1,-1,1,1,1,-1,1,1,1,-1,-1,1,-1,1,-1,-1,-1,1,1,-1,1,-1,-1,-1,1,1,-1,1,-1,1,-1,1,1,1,-1,1,0.0,-156.0,1
291,1,1,1,1,1,-1,-1,-1,-1,-1,-1,-1,1,-1,1,-1,-1,-1,1,-1,1,-1,-1,1,1,1,1,1,1,1,-1,1,1,-1,1,-1,-1,-1,1,-1,0.0,-156.0,1
292,-1,1,-1,1,-1,-1,-1,-1,1,-1,1,-1,-1,-1,-1,-1,1,-1,1,-1,-1,-1,-1,-1,-1,1,1,-1,-1,1,1,1,-1,-1,-1,-1,-1,1,1,1,0.0,-156.0,1
293,1,1,1,-1,1,-1,-1,-1,-1,-1,-1,1,1,-1,1,-1,-1,-1,1,-1,-1,-1,-1,1,1,1,1,-1,1,1,-1,1,1,1,1,1,-1,-1,1,-1,0.0,-156.0,1
294,1,-1,1,1,1,-1,1,-1,1,-1,-1,1,1,-1,1,-1,-1,-1,-1,-1,-1,1,-1,1,1,1,1,-1,1,1,-1,1,-1,1,1,1,-1,1,1,-1,0.0,-156.0,1
295,-1,1,-1,1,1,-1,1,-1,-1,-1,1,-1,1,-1,-1,-1,1,1,-1,-1,-1,-1,-1,-1,1,-1,-1,-1,-1,1,-1,1,-1,-1,-1,-1,-1,1,1,1,0.0,-156.0,3
296,-1,1,-1,1,-1,1,1,-1,1,-1,1,-1,-1,-1,-1,-1,1,-1,1,-1,1,-1,-1,-1,-1,1,-1,-1,-1,-1,1,1,-1,-1,-1,-1,1,1,1,1,0.0,-156.0,1
297,-1,1,-1,1,1,-1,1,-1,1,-1,1,-1,1,-1,-1,-1,1,1,-1,-1,-1,-1,-1,-1,1,1,-1,-1,-1,1,-1,1,-1,1,-1,1,-1,1,1,1,0.0,-156.0,2
298,-1,1,-1,1,1,-1,1,-1,1,-1,1,-1,1,-1,-1,-1,1,1,-1,-1,-1,-1,-1,-1,1,-1,-1,-1,-1,-1,-1,1,-1,-1,-1,-1,-1,1,1,1,0.0,-156.0,3
299,-1,1,-1,1,-1,-1,-1,-1,1,-1,1,-1,-1,-1,-1,-1,1,-1,1,-1,-1,-1,-1,-1,-1,1,-1,1,-1,-1,1,1,-1,-1,-1,-1,1,1,1,1,0.0,-156.0,1
300,1,1,-1,1,-1,-1,1,-1,-1,-1,-1,1,1,-1,-1,-1,-1,-1,1,-1,-1,-1,-1,-1,-1,1,1,-1,-1,1,-1,1,-1,-1,1,-1,-1,1,1,-1,0.0,-156.0,2
301,-1,1,-1,-1,-1,-1,-1,-1,1,-1,1,-1,-1,-1,-1,-1,1,-1,1,-1,-1,-1,-1,-1,-1,1,-1,-1,-1,-1,1,1,-1,-1,-1,-1,1,1,1,1,0.0,-156.0,1
302,-1,1,1,-1,1,-1,-1,1,-1,-1,-1,1,1,1,1,-1,-1,1,1,-1,1,-1,1,1,1,-1,-1,1,1,-1,-1,-1,1,-1,1,1,1,-1,-1,-1,0.0,-156.0,1
303,1,1,1,-1,1,-1,1,-1,-1,-1,-1,1,1,-1,1,-1,-1,-1,-1,-1,-1,-1,-1,1,1,-1,1,-1,-1,1,-1,1,1,1,1,1,-1,-1,1,-1,0.0,-156.0,1
304,-1,1,-1,1,-1,1,-1,-1,1,-1,1,-1,-1,-1,-1,-1,1,-1,1,-1,-1,-1,-1,-1,-1,1,1,-1,-1,-1,1,1,-1,-1,-1,-1,-1,1,1,1,0.0,-156.0,1
305,1,1,1,1,1,-1,-1,-1,-1,-1,-1,1,-1,-1,1,-1,-1,-1,1,-1,1,1,-1,1,-1,1,1,1,-1,1,-1,1,1,1,1,-1,-1,-1,1,-1,0.0,-156.0,1
306,-1,1,-1,1,-1,1,-1,-1,1,-1,1,-1,-1,-1,-1,-1,1,-1,-1,-1,-1,-1,-1,-1,-1,1,1,-1,-1,-1,1,1,-1,-1,-1,-1,1,1,1,1,0.0,-156.0,1
307,1,1,1,-1,1,-1,1,-1,-1,-1,-1,-1,1,-1,1,-1,-1,-1,1,-1,1,-1,-1,1,1,1,1,1,-1,1,-1,1,1,1,1,-1,-1,-1,1,-1,0.0,-156.0,1
308,1,1,1,-1,1,-1,-1,-1,-1,-1,-1,-1,1,-1,1,-1,-1,-1,1,-1,1,-1,-1,1,1,1,1,-1,-1,1,-1,1,1,1,1,-1,-1,-1,1,-1,0.0,-156.0,1
309,1,1,1,-1,1,-1,1,-1,-1,-1,-1,1,1,-1,1,-1,-1,-1,-1,-1,-1,-1,-1,1,1,1,1,-1,-1,1,-1,1,-1,1,1,-1,-1,1,1,-1,0.0,-156.0,1
310,-1,1,-1,1,-1,1,1,1,1,-1,1,-1,-1,1,-1,1,1,1,-1,1,-1,-1,1,-1,-1,-1,-1,-1,-1,-1,1,-1,-1,-1,-1,-1,1,1,1,1,0.0,-156.0,1
311,1,-1,1,-1,1,-1,1,-1,1,1,-1,1,1,-1,1,-1,-1,-1,-1,-1,-1,-1,-1,1,1,1,1,-1,-1,1,-1,1,1,1,1,1,-1,1,-1,-1,0.0,-156.0,1
312,-1,1,-1,-1,1,-1,-1,-1,-1,-1,-1,-1,1,-1,1,-1,-1,1,1,-1,-1,-1,-1,-1,1,1,-1,1,-1,-1,-1,1,1,1,-1,1,-1,-1,-1,1,0.0,-156.0,1
313,-1,1,-1,-1,-1,1,1,-1,1,-1,1,-1,-1,-1,-1,-1,1,-1,1,1,1,-1,-1,-1,-1,-1,-1,-1,-1,-1,1,-1,-1,-1,-1,-1,1,1,1,1,0.0,-156.0,1
314,1,-1,1,-1,1,-1,1,-1,-1,-1,-1,1,1,-1,1,-1,-1,-1,-1,-1,-1,-1,-1,1,1,-1,1,-1,1,1,-1,1,1,1,1,1,-1,-1,1,-1,0.0,-156.0,1
315,-1,-1,-1,-1,-1,1,1,1,-1,-1,1,-1,-1,1,-1,1,-1,1,1,1,1,-1,1,-1,1,-1,-1,1,1,-1,-1,-1,1,-1,-1,1,1,-1,-1,1,0.0,-156.0,1
316,1,1,1,1,1,-1,-1,-1,1,1,-1,1,1,-1,1,-1,-1,-1,-1,-1,-1,-1,-1,1,1,1,1,-1,-1,1,-1,1,1,1,1,1,-1,1,1,-1,0.0,-156.0,1
317,1,1,1,1,1,-1,1,-1,1,-1,-1,1,1,-1,1,-1,-1,-1,-1,-1,-1,-1,-1,1,1,1,1,-1,-1,1,-1,1,-1,1,-1,-1,-1,-1,1,-1,0.0,-156.0,1
318,-1,1,-1,1,-1,1,1,-1,-1,-1,1,-1,-1,-1,-1,-1,1,-1,1,-1,-1,-1,-1,-1,-1,1,-1,-1,-1,-1,1,1,-1,-1,-1,-1,-1,1,1,1,0.025,-166.0,1
319,1,1,1,-1,1,-1,1,-1,-1,-1,-1,1,1,-1,1,-1,-1,-1,1,-1,1,1,-1,1,1,1,1,1,1,1,-1,1,1,1,1,1,-1,-1,-1,-1,0.025,-154.0,3
320,1,1,1,1,1,-1,1,-1,1,-1,-1,1,1,-1,1,-1,-1,-1,-1,-1,-1,1,-1,-1,1,1,1,-1,-1,1,-1,1,-1,1,1,1,-1,1,1,-1,0.025,-166.0,1
321,-1,1,-1,-1,-1,1,-1,-1,1,-1,1,-1,-1,1,-1,1,1,1,-1,-1,1,-1,-1,-1,-1,-1,-1,-1,-1,-1,1,-1,-1,-1,-1,-1,1,1,-1,1,0.0,-154.0,1
322,-1,1,1,1,1,-1,-1,-1,-1,-1,-1,-1,-1,-1,1,-1,-1,-1,1,-1,-1,-1,-1,1,1,1,1,1,-1,-1,-1,1,1,-1,1,-1,-1,-1,1,-1,0.0,-154.0,1
323,-1,1,-1,1,1,-1,1,-1,1,-1,1,-1,1,-1,1,-1,1,1,-1,-1,-1,-1,-1,-1,1,1,-1,-1,-1,1,-1,1,-1,1,-1,1,-1,1,1,1,0.0,-154.0,1
324,-1,1,-1,1,1,-1,1,-1,1,-1,1,-1,-1,-1,1,-1,1,-1,-1,-1,-1,-1,-1,-1,1,1,-1,-1,-1,1,1,1,-1,1,-1,-1,-1,1,1,1,0.0,-154.0,1
325,-1,1,1,-1,1,-1,-1,-1,-1,-1,-1,1,1,-1,1,-1,-1,-1,1,-1,1,-1,-1,1,1,1,1,1,-1,-1,-1,1,1,-1,1,-1,-1,-1,1,-1,0.0,-154.0,1
326,-1,1,1,1,1,-1,-1,-1,-1,-1,-1,-1,-1,-1,1,-1,-1,-1,1,-1,1,-1,-1,1,1,1,1,1,-1,-1,-1,1,1,-1,1,1,-1,-1,1,-1,0.0,-154.0,1
327,-1,1,-1,1,1,-1,1,-1,-1,-1,1,-1,1,-1,-1,-1,1,1,-1,-1,-1,-1,-1,-1,-1,1,1,-1,-1,1,-1,1,-1,-1,-1,-1,-1,1,1,1,0.0,-154.0,1
328,-1,1,-1,1,1,-1,1,-1,1,-1,1,-1,1,-1,-1,-1,1,1,-1,-1,-1,-1,-1,-1,1,1,-1,-1,-1,1,-1,1,-1,-1,-1,1,-1,1,1,1,0.0,-154.0,1
329,-1,1,-1,1,1,-1,-1,-1,1,-1,1,-1,-1,-1,1,-1,1,-1,-1,-1,-1,-1,-1,-1,1,1,-1,-1,-1,-1,1,1,-1,1,-1,-1,-1,1,1,1,0.0,-154.0,1
330,-1,1,-1,1,1,-1,1,-1,-1,-1,1,-1,1,-1,-1,-1,1,1,-1,-1,-1,-1,-1,-1,1,-1,-1,-1,-1,1,-1,1,-1,-1,-1,-1,-1,-1,1,1,0.0,-154.0,1
331,-1,1,-1,1,1,1,1,-1,-1,-1,1,-1,-1,1,-1,-1,-1,-1,1,-1,1,-1,-1,-1,-1,1,1,1,-1,-1,-1,1,-1,-1,-1,-1,1,1,-1,-1,0.0,-154.0,1
332,-1,1,-1,1,-1,1,1,-1,-1,-1,1,-1,-1,1,-1,-1,-1,-1,1,1,1,-1,-1,-1,-1,1,1,1,-1,-1,1,1,-1,-1,-1,-1,1,1,1,-1,0.0,-154.0,1
333,1,1,1,1,1,-1,-1,-1,-1,-1,-1,-1,1,-1,1,-1,-1,-1,1,-1,-1,-1,-1,1,1,1,1,1,-1,-1,-1,1,1,-1,1,-1,-1,-1,1,-1,0.0,-154.0,1
334,-1,1,-1,1,-1,-1,-1,-1,1,-1,1,-1,1,-1,-1,-1,1,-1,1,-1,-1,-1,-1,-1,-1,1,-1,-1,-1,-1,1,1,-1,-1,-1,-1,-1,1,1,1,0.0,-154.0,1
335,-1,1,-1,-1,-1,1,1,1,1,-1,1,-1,-1,-1,-1,-1,1,-1,1,1,1,-1,-1,-1,-1,-1,-1,-1,-1,-1,1,-1,-1,-1,-1,-1,1,1,1,1,0.0,-154.0,1
336,1,1,-1,1,-1,1,1,-1,-1,-1,1,-1,-1,-1,-1,-1,-1,-1,1,-1,-1,-1,-1,-1,-1,1,1,-1,1,1,-1,1,-1,-1,-1,-1,1,1,1,-1,0.0,-154.0,1
337,-1,1,-1,1,1,-1,1,-1,1,-1,1,-1,1,-1,-1,-1,1,1,-1,-1,-1,-1,-1,-1,1,1,-1,-1,-1,-1,-1,1,-1,-1,-1,-1,-1,1,1,1,0.0,-154.0,2
338,-1,1,1,1,1,-1,1,-1,1,-1,-1,1,1,-1,1,-1,-1,-1,-1,-1,-1,-1,-1,-1,1,1,1,-1,-1,1,-1,1,-1,1,1,1,-1,1,1,-1,0.0,-154.0,1
339,-1,1,-1,1,-1,1,-1,-1,1,-1,1,-1,-1,-1,-1,-1,1,-1,-1,-1,-1,-1,-1,-1,-1,1,1,-1,-1,1,1,1,-1,1,-1,-1,-1,1,1,1,0.0,-154.0,1
340,1,1,-1,1,1,-1,1,-1,-1,-1,-1,-1,1,-1,1,-1,-1,-1,-1,-1,-1,-1,-1,-1,1,1,1,-1,-1,1,-1,1,-1,1,-1,-1,-1,1,1,-1,0.0,-154.0,3
341,-1,1,-1,1,1,1,1,-1,-1,-1,1,-1,-1,1,-1,-1,-1,-1,1,1,1,-1,-1,-1,-1,1,1,1,-1,-1,-1,1,-1,-1,-1,-1,1,1,1,-1,0.025,-158.0,1
342,1,-1,1,-1,1,-1,-1,-1,-1,-1,-1,-1,1,-1,1,-1,-1,-1,1,-1,-1,1,-1,1,1,1,1,1,1,1,-1,1,1,1,1,1,-1,-1,-1,-1,0.025,-154.0,1
343,-1,1,1,-1,1,-1,-1,-1,-1,-1,-1,-1,-1,-1,1,-1,-1,-1,1,-1,1,-1,-1,1,1,1,1,1,-1,-1,1,1,1,-1,1,-1,-1,-1,1,-1,0.025,-152.0,1
344,1,1,-1,1,-1,-1,1,-1,1,-1,1,1,1,-1,-1,-1,-1,-1,-1,-1,-1,-1,-1,-1,-1,1,1,-1,1,1,-1,1,-1,-1,-1,-1,1,1,1,-1,0.0,-152.0,1
345,-1,1,-1,1,1,-1,1,-1,1,-1,-1,-1,1,-1,1,-1,-1,1,-1,-1,-1,-1,-1,-1,1,1,-1,-1,-1,1,-1,1,-1,1,-1,1,-1,-1,1,1,0.0,-152.0,1
346,-1,1,-1,1,1,-1,1,-1,1,-1,1,-1,1,-1,1,-1,1,1,-1,-1,-1,-1,-1,-1,1,1,-1,-1,-1,1,-1,1,-1,1,-1,-1,-1,1,1,1,0.0,-152.0,1
347,-1,1,-1,1,1,-1,1,-1,-1,-1,1,-1,1,-1,-1,-1,1,1,-1,-1,-1,-1,-1,-1,1,-1,-1,-1,-1,-1,-1,1,-1,-1,-1,-1,-1,-1,1,1,0.0,-152.0,1
348,-1,1,-1,1,1,-1,-1,-1,-1,-1,-1,-1,-1,-1,1,-1,-1,-1,1,-1,1,-1,-1,1,-1,1,1,1,-1,-1,1,1,1,-1,1,-1,-1,1,1,-1,0.0,-152.0,1
349,-1,1,-1,1,1,-1,1,-1,1,-1,1,-1,1,-1,-1,-1,1,1,-1,-1,-1,-1,-1,-1,1,-1,-1,-1,-1,1,-1,1,-1,1,-1,-1,-1,1,1,1,0.0,-152.0,1
350,1,1,-1,1,-1,-1,1,-1,-1,-1,1,1,1,-1,-1,-1,-1,-1,1,-1,-1,-1,-1,-1,-1,1,-1,-1,1,1,-1,1,-1,-1,-1,-1,-1,1,1,-1,0.0,-152.0,1
351,-1,1,-1,1,1,-1,1,-1,1,-1,1,-1,1,-1,-1,-1,1,1,-1,-1,-1,-1,-1,-1,1,1,-1,-1,-1,1,-1,1,-1,1,-1,-1,-1,-1,1,1,0.0,-152.0,1
352,1,-1,-1,1,1,-1,1,-1,1,-1,-1,1,1,-1,1,-1,-1,-1,-1,-1,-1,1,-1,-1,1,1,1,-1,-1,1,-1,1,-1,1,1,1,-1,1,1,1,0.0,-152.0,1
353,1,-1,1,1,1,-1,-1,-1,1,1,-1,1,1,-1,1,-1,-1,-1,-1,-1,-1,-1,-1,1,1,1,1,-1,-1,1,1,1,-1,1,1,-1,-1,1,1,-1,0.0,-152.0,1
354,1,1,-1,1,-1,-1,1,-1,-1,-1,1,1,1,-1,-1,-1,-1,-1,1,-1,-1,-1,-1,-1,-1,1,1,-1,1,1,-1,1,-1,-1,-1,-1,1,1,1,-1,0.0,-152.0,1
355,1,1,-1,-1,1,-1,1,-1,1,-1,-1,1,1,-1,1,-1,-1,-1,-1,-1,-1,-1,-1,-1,1,1,-1,-1,-1,-1,-1,1,-1,1,-1,1,-1,1,1,1,0.0,-152.0,1
356,-1,1,-1,-1,-1,1,-1,-1,-1,-1,1,-1,-1,-1,-1,-1,-1,-1,1,-1,1,-1,-1,-1,-1,1,1,1,-1,-1,-1,1,-1,-1,-1,-1,1,1,-1,1,0.0,-152.0,1
357,-1,1,-1,-1,-1,-1,-1,-1,1,-1,1,-1,-1,-1,1,-1,-1,-1,1,-1,-1,-1,-1,-1,1,1,-1,-1,-1,-1,1,1,-1,1,-1,-1,-1,-1,1,1,0.0,-152.0,1
358,1,1,-1,1,1,-1,1,-1,1,-1,-1,-1,1,-1,1,-1,-1,-1,-1,-1,-1,-1,-1,-1,1,1,1,-1,-1,1,-1,1,-1,1,-1,-1,-1,1,1,-1,0.0,-152.0,1
359,-1,1,-1,1,-1,-1,-1,-1,1,-1,1,-1,-1,-1,-1,-1,1,-1,1,1,-1,-1,-1,-1,-1,1,-1,-1,-1,-1,1,-1,-1,-1,-1,-1,-1,1,1,1,0.0,-152.0,1
360,1,1,1,1,-1,-1,1,-1,-1,-1,-1,1,1,-1,-1,-1,-1,-1,1,-1,1,-1,-1,-1,-1,1,1,-1,-1,1,-1,1,-1,-1,1,-1,-1,1,1,-1,0.0,-152.0,1
361,1,-1,-1,1,1,-1,1,-1,1,-1,-1,1,1,-1,1,-1,-1,-1,-1,-1,-1,1,-1,-1,1,1,1,-1,1,1,-1,1,-1,1,1,1,-1,1,1,-1,0.0,-152.0,1
362,-1,1,-1,1,1,1,1,-1,-1,-1,1,-1,-1,-1,-1,-1,1,-1,-1,-1,1,-1,-1,-1,-1,1,1,1,-1,-1,-1,1,-1,-1,-1,-1,1,1,1,-1,0.0,-150.0,1
363,-1,1,-1,1,1,-1,-1,-1,1,-1,1,-1,1,-1,1,-1,1,1,-1,-1,-1,-1,-1,-1,1,1,-1,-1,-1,1,1,1,-1,1,-1,-1,-1,-1,1,1,0.0,-150.0,1
364,-1,1,-1,1,1,-1,1,-1,1,-1,1,-1,1,-1,1,-1,1,1,-1,-1,-1,-1,-1,-1,1,1,-1,-1,-1,1,-1,1,-1,1,-1,-1,-1,-1,1,1,0.0,-150.0,1
365,1,1,-1,1,1,-1,1,-1,-1,-1,1,-1,1,-1,-1,-1,1,-1,-1,-1,-1,-1,-1,-1,-1,1,1,-1,-1,1,-1,1,-1,-1,-1,-1,1,1,1,-1,0.0,-150.0,1
366,-1,1,1,-1,1,-1,-1,-1,-1,-1,-1,-1,1,-1,1,-1,-1,1,1,-1,1,-1,-1,-1,1,1,-1,1,-1,-1,-1,-1,1,-1,1,1,-1,-1,1,-1,0.0,-150.0,1
367,-1,1,1,1,1,-1,-1,-1,-1,-1,-1,-1,1,-1,1,-1,-1,-1,1,-1,1,-1,-1,1,1,1,1,1,-1,1,-1,1,1,-1,1,1,-1,-1,1,-1,0.0,-150.0,1
368,-1,1,1,-1,1,-1,-1,-1,-1,-1,-1,-1,1,-1,1,-1,-1,-1,1,-1,-1,-1,-1,1,1,1,1,1,-1,-1,-1,1,1,-1,1,-1,-1,-1,1,-1,0.0,-150.0,1
369,1,1,-1,1,-1,-1,1,-1,-1,-1,-1,1,1,-1,1,-1,-1,-1,1,-1,-1,1,-1,-1,-1,1,1,-1,1,1,-1,1,-1,-1,1,-1,-1,1,1,-1,0.0,-150.0,1
370,1,1,-1,1,-1,-1,1,-1,-1,-1,1,-1,1,-1,-1,-1,-1,-1,1,-1,-1,-1,-1,-1,-1,1,1,-1,1,1,-1,1,-1,-1,-1,-1,1,1,1,-1,0.0,-150.0,1
371,1,1,-1,1,-1,-1,1,-1,-1,-1,-1,1,-1,-1,-1,-1,-1,-1,1,-1,-1,1,-1,-1,-1,1,1,-1,1,1,-1,1,-1,-1,1,-1,-1,1,1,-1,0.0,-150.0,1
372,-1,1,-1,1,1,-1,1,-1,-1,-1,-1,-1,1,-1,-1,-1,-1,-1,1,-1,-1,-1,-1,-1,-1,1,1,-1,-1,-1,-1,1,-1,-1,-1,-1,-1,1,1,-1,0.0,-150.0,1
373,1,1,1,1,1,-1,-1,-1,1,1,-1,1,1,-1,1,-1,-1,-1,-1,-1,-1,1,-1,1,1,1,1,-1,-1,1,-1,1,-1,1,1,-1,-1,1,1,-1,0.0,-150.0,1
374,-1,1,-1,1,-1,-1,1,-1,1,-1,1,-1,-1,-1,-1,-1,1,-1,1,-1,1,-1,-1,-1,-1,1,-1,-1,-1,-1,1,1,-1,-1,-1,-1,1,1,1,1,0.0,-150.0,1
375,1,1,-1,1,1,-1,1,-1,-1,-1,-1,-1,1,-1,1,-1,-1,-1,-1,-1,-1,-1,-1,1,1,1,1,-1,-1,1,-1,1,-1,1,1,-1,-1,1,1,-1,0.0,-150.0,1
376,1,1,1,1,1,-1,1,-1,1,-1,-1,1,1,-1,1,-1,-1,-1,-1,-1,-1,-1,-1,-1,1,1,1,-1,-1,1,-1,1,-1,1,1,1,-1,1,1,-1,0.025,-164.0,1
377,-1,1,1,1,1,-1,1,-1,-1,-1,-1,-1,1,-1,1,-1,-1,-1,1,-1,-1,-1,-1,-1,1,1,-1,1,-1,-1,-1,1,1,-1,1,1,-1,-1,1,-1,0.025,-148.0,1
378,-1,1,-1,1,1,-1,1,-1,-1,-1,1,-1,-1,-1,-1,-1,-1,-1,1,-1,-1,-1,-1,-1,-1,1,1,-1,-1,1,-1,1,-1,-1,-1,-1,-1,1,1,-1,0.0,-148.0,1
379,1,1,-1,1,1,-1,1,-1,1,-1,1,-1,1,-1,-1,-1,1,-1,-1,-1,-1,-1,-1,-1,-1,1,1,-1,-1,1,-1,1,-1,-1,-1,-1,1,1,1,-1,0.0,-148.0,1
380,1,1,-1,1,1,-1,1,-1,-1,-1,-1,1,1,-1,1,-1,-1,-1,1,-1,-1,-1,-1,-1,-1,1,1,-1,-1,1,-1,1,-1,1,-1,-1,-1,1,1,-1,0.0,-148.0,1
381,-1,1,-1,1,-1,1,-1,1,-1,-1,1,-1,-1,1,-1,1,1,1,-1,1,1,-1,1,-1,-1,-1,1,-1,-1,-1,1,-1,-1,-1,-1,-1,1,1,1,1,0.0,-148.0,1
382,-1,1,1,-1,1,-1,-1,-1,1,-1,1,-1,1,-1,1,-1,1,1,-1,-1,-1,-1,1,-1,1,-1,-1,-1,-1,-1,1,-1,-1,1,-1,1,-1,-1,1,1,0.0,-148.0,1
383,-1,1,-1,-1,-1,1,-1,-1,1,-1,1,-1,-1,-1,-1,1,1,-1,1,1,-1,-1,1,-1,-1,-1,-1,-1,-1,-1,1,-1,-1,-1,-1,-1,1,1,1,1,0.0,-148.0,1
384,1,1,-1,1,-1,-1,1,-1,-1,-1,-1,1,1,-1,-1,-1,-1,-1,1,-1,1,-1,-1,-1,-1,1,1,1,-1,1,-1,1,-1,-1,1,-1,-1,1,1,-1,0.0,-148.0,1
385,1,1,-1,1,-1,-1,1,-1,-1,-1,1,-1,-1,-1,-1,-1,-1,-1,1,-1,-1,-1,-1,-1,-1,1,1,-1,-1,1,-1,1,-1,-1,-1,-1,-1,1,1,-1,0.0,-148.0,1
386,1,-1,1,-1,1,-1,1,-1,1,-1,-1,1,1,-1,1,-1,-1,-1,-1,-1,-1,-1,-1,1,1,1,1,-1,-1,1,-1,1,-1,1,1,1,-1,1,1,-1,0.025,-162.0,1
387,-1,1,-1,1,1,-1,-1,-1,1,-1,1,-1,1,-1,-1,-1,1,1,-1,-1,-1,-1,-1,-1,1,1,1,-1,-1,1,1,1,-1,1,-1,-1,-1,1,1,1,0.025,-148.0,1
388,-1,1,-1,1,1,-1,1,-1,-1,-1,-1,-1,1,-1,1,-1,-1,-1,1,-1,-1,-1,-1,-1,1,1,-1,1,-1,-1,-1,1,1,-1,1,1,-1,-1,1,-1,0.025,-146.0,1
389,-1,1,-1,-1,-1,1,-1,-1,-1,-1,1,-1,-1,-1,-1,-1,-1,-1,1,-1,1,-1,-1,-1,-1,1,1,-1,-1,-1,-1,1,-1,-1,-1,-1,1,1,-1,1,0.0,-146.0,1
390,-1,1,1,1,1,-1,-1,-1,-1,-1,-1,-1,1,-1,1,-1,-1,-1,1,-1,-1,-1,-1,-1,1,1,1,1,-1,-1,-1,1,1,1,1,1,-1,-1,1,-1,0.0,-146.0,1
391,1,1,1,-1,1,-1,-1,-1,-1,-1,-1,1,1,-1,1,-1,-1,-1,1,-1,1,-1,-1,1,1,1,1,1,-1,-1,-1,1,1,-1,1,-1,-1,-1,-1,-1,0.0,-146.0,1
392,-1,1,-1,1,1,-1,1,-1,-1,-1,1,-1,1,-1,-1,-1,1,-1,-1,-1,-1,-1,-1,-1,-1,1,1,-1,-1,1,-1,1,-1,-1,-1,-1,-1,1,1,-1,0.0,-146.0,1
393,-1,1,1,1,1,-1,-1,-1,-1,-1,-1,-1,1,-1,1,-1,-1,-1,1,-1,-1,-1,-1,-1,1,1,1,1,-1,-1,-1,1,1,-1,1,1,-1,1,1,-1,0.0,-146.0,1
394,-1,1,-1,1,1,-1,1,-1,1,-1,1,-1,1,-1,-1,-1,1,-1,-1,-1,-1,-1,-1,-1,-1,-1,-1,-1,-1,-1,-1,1,-1,-1,-1,-1,1,1,1,1,0.0,-146.0,1
395,1,1,1,-1,1,-1,-1,-1,-1,-1,-1,1,1,-1,1,-1,-1,-1,1,-1,1,-1,-1,1,1,1,1,-1,-1,-1,-1,1,1,1,1,1,-1,1,-1,-1,0.0,-146.0,1
396,1,-1,-1,-1,-1,1,1,-1,1,-1,-1,1,1,-1,-1,1,-1,-1,-1,-1,-1,1,-1,-1,1,1,1,-1,1,1,-1,1,-1,1,-1,1,1,1,-1,1,0.0,-146.0,1
397,-1,1,-1,1,1,-1,-1,-1,-1,-1,-1,-1,1,-1,1,-1,-1,-1,1,-1,-1,-1,-1,1,1,1,1,1,-1,-1,-1,1,1,-1,1,-1,-1,-1,1,-1,0.0,-146.0,1
398,-1,1,-1,1,1,-1,1,-1,-1,-1,-1,-1,1,-1,-1,-1,-1,-1,1,-1,-1,-1,-1,-1,-1,1,1,1,-1,-1,-1,1,-1,-1,1,-1,-1,1,1,-1,0.0,-146.0,1
399,1,1,-1,1,-1,-1,1,-1,1,-1,1,1,1,-1,-1,-1,1,-1,-1,-1,-1,-1,-1,-1,-1,1,1,-1,1,1,-1,1,-1,-1,-1,-1,1,1,1,-1,0.0,-146.0,1
400,1,1,-1,1,1,-1,1,-1,-1,-1,-1,-1,1,-1,1,-1,-1,-1,-1,-1,-1,-1,-1,-1,-1,1,1,-1,-1,-1,-1,1,-1,1,-1,-1,-1,1,1,-1,0.0,-146.0,1
401,1,1,-1,1,-1,-1,1,-1,-1,-1,1,1,1,-1,-1,-1,-1,-1,1,-1,-1,-1,-1,-1,-1,1,-1,-1,1,1,-1,1,-1,-1,-1,-1,1,1,1,-1,0.0,-146.0,1
402,1,1,-1,1,1,1,1,-1,-1,-1,-1,-1,-1,-1,-1,-1,-1,-1,1,-1,1,-1,-1,-1,-1,1,1,1,-1,-1,-1,1,1,-1,-1,-1,1,1,-1,-1,0.0,-146.0,1
403,1,1,-1,1,-1,-1,1,-1,-1,-1,1,-1,1,-1,-1,-1,-1,-1,-1,-1,-1,-1,-1,-1,-1,1,1,-1,1,1,-1,1,-1,-1,-1,-1,1,1,-1,-1,0.0,-146.0,1
404,-1,-1,1,-1,-1,-1,1,1,1,-1,1,-1,1,1,-1,1,1,1,-1,1,-1,-1,1,-1,1,-1,-1,-1,1,1,-1,-1,-1,-1,-1,1,1,1,-1,1,0.0,-146.0,1
405,1,1,-1,1,1,-1,1,-1,-1,1,-1,1,1,-1,1,-1,-1,-1,-1,-1,-1,-1,-1,1,1,1,1,-1,-1,1,-1,1,-1,1,1,-1,-1,1,1,-1,0.025,-154.0,1
406,-1,1,-1,1,1,-1,1,-1,1,-1,1,-1,1,-1,-1,-1,1,1,-1,-1,-1,-1,-1,-1,1,1,-1,-1,-1,1,-1,1,-1,-1,-1,-1,-1,1,1,1,0.025,-160.0,1
407,-1,1,1,-1,1,-1,-1,-1,-1,-1,-1,-1,1,-1,1,-1,-1,1,1,-1,1,-1,-1,-1,1,1,-1,1,-1,-1,-1,1,1,-1,1,1,-1,-1,1,-1,0.0,-144.0,1
408,1,1,-1,1,1,-1,1,-1,1,-1,-1,1,1,-1,1,-1,-1,-1,-1,-1,-1,1,-1,-1,1,1,1,-1,-1,1,-1,1,-1,1,-1,1,-1,1,-1,-1,0.0,-144.0,1
409,1,-1,-1,-1,-1,-1,1,-1,1,-1,-1,1,1,-1,1,-1,-1,-1,-1,-1,-1,1,-1,1,1,1,1,-1,1,1,-1,1,-1,1,1,1,-1,1,-1,-1,0.0,-144.0,1
410,-1,1,-1,1,1,1,1,-1,1,-1,1,-1,-1,-1,-1,-1,1,-1,1,1,1,-1,-1,-1,-1,-1,-1,-1,-1,-1,1,-1,-1,-1,-1,-1,1,1,1,1,0.0,-144.0,1
411,1,1,-1,1,1,-1,1,-1,-1,-1,-1,1,1,-1,-1,-1,-1,-1,1,-1,-1,1,-1,-1,-1,1,1,-1,-1,1,-1,1,-1,1,-1,-1,-1,1,1,-1,0.025,-152.0,1
412,-1,-1,-1,-1,-1,1,1,-1,1,-1,1,-1,-1,-1,-1,-1,1,-1,1,1,-1,-1,-1,-1,-1,1,-1,-1,-1,-1,1,-1,-1,-1,-1,-1,1,1,1,1,0.025,-142.0,1
413,1,1,-1,1,1,-1,1,-1,-1,-1,1,-1,1,-1,-1,-1,1,-1,-1,-1,-1,-1,-1,-1,-1,-1,1,-1,1,1,-1,1,-1,-1,-1,-1,1,1,1,-1,0.025,-142.0,1
414,-1,1,1,-1,1,-1,1,-1,-1,-1,-1,-1,1,-1,1,-1,-1,-1,1,-1,1,-1,-1,-1,1,1,1,1,-1,-1,-1,1,1,-1,1,1,-1,-1,1,-1,0.0,-142.0,1
415,-1,1,-1,1,1,-1,1,-1,1,-1,1,-1,-1,-1,-1,-1,1,-1,-1,-1,-1,-1,-1,-1,-1,-1,-1,-1,-1,-1,-1,1,-1,-1,-1,-1,-1,1,1,1,0.0,-142.0,1
416,1,1,-1,-1,1,-1,1,-1,1,-1,-1,-1,1,-1,1,-1,-1,-1,-1,-1,-1,-1,-1,-1,1,1,1,-1,-1,1,-1,1,-1,1,-1,1,-1,1,1,-1,0.0,-136.0,1
417,-1,1,-1,-1,-1,1,1,-1,1,-1,1,-1,-1,-1,-1,1,1,-1,1,1,1,-1,-1,-1,1,-1,-1,-1,-1,-1,1,-1,-1,-1,-1,-1,1,1,1,1,0.0,-136.0,1
418,-1,1,-1,1,1,1,-1,-1,1,-1,1,-1,-1,-1,1,-1,-1,-1,-1,-1,-1,-1,-1,-1,1,1,-1,-1,-1,1,1,1,-1,1,-1,-1,-1,-1,1,1,0.0,-134.0,1
419,1,1,1,-1,1,-1,-1,-1,-1,-1,-1,1,1,-1,1,-1,-1,-1,1,-1,1,-1,-1,1,1,1,1,1,-1,1,-1,1,1,1,1,-1,-1,-1,1,-1,0.025,-168.0,1
