,0,1,2,3,4,5,6,7,8,9,10,11,12,13,14,15,16,17,18,19,20,21,22,23,24,25,26,27,28,29,30,31,32,33,34,35,36,37,38,39,chain_break_fraction,energy,num_occurrences
0,1,1,-1,1,-1,1,1,1,-1,1,1,-1,-1,1,1,-1,-1,1,1,-1,1,-1,-1,-1,-1,1,-1,-1,-1,-1,-1,1,1,-1,1,-1,1,-1,1,-1,0.0,-168.98240212019823,2
1,-1,-1,1,-1,1,-1,-1,-1,1,-1,-1,1,1,-1,-1,1,1,-1,-1,1,-1,1,1,1,1,-1,1,1,1,1,1,-1,-1,1,-1,1,-1,1,-1,1,0.0,-168.98240212019823,1
2,1,1,-1,1,-1,1,1,1,-1,1,1,-1,-1,1,-1,-1,-1,1,1,-1,1,-1,-1,-1,1,1,-1,-1,-1,-1,-1,1,1,-1,1,-1,1,-1,-1,-1,0.0,-168.4539333459557,7
3,1,1,1,-1,1,1,1,-1,1,1,-1,-1,1,1,-1,-1,-1,1,1,1,-1,-1,1,1,1,1,1,-1,-1,1,1,-1,1,-1,1,-1,-1,1,1,1,0.0,-168.3423026411129,12
4,-1,-1,-1,1,-1,-1,-1,1,-1,-1,1,1,-1,-1,1,1,1,-1,-1,-1,1,1,-1,-1,-1,-1,-1,1,1,-1,-1,1,-1,1,-1,1,1,-1,-1,-1,0.0,-168.3423026411129,1
5,1,1,-1,-1,-1,1,1,1,-1,1,1,-1,-1,1,-1,-1,-1,1,1,-1,1,-1,-1,-1,1,1,-1,-1,-1,1,-1,1,1,-1,1,-1,1,-1,-1,-1,0.0,-168.23411689498047,2
6,-1,-1,1,1,1,-1,-1,-1,1,-1,-1,1,1,-1,1,1,1,-1,-1,1,-1,1,1,1,-1,-1,1,1,1,-1,1,-1,-1,1,-1,1,-1,1,1,1,0.0,-168.23411689498047,5
7,-1,-1,-1,1,1,-1,-1,-1,1,-1,-1,1,1,-1,1,1,1,-1,-1,1,-1,1,1,1,-1,-1,1,1,1,-1,-1,1,-1,1,-1,1,-1,-1,1,1,0.0,-167.8572639319968,3
8,-1,-1,1,1,1,-1,-1,-1,1,-1,-1,1,1,-1,1,1,1,-1,-1,1,-1,1,1,1,-1,-1,1,1,1,1,1,-1,-1,1,-1,1,-1,1,1,1,0.0,-167.4485738304366,1
9,1,1,-1,-1,-1,1,1,1,-1,1,1,-1,-1,1,-1,-1,-1,1,1,-1,1,-1,-1,-1,1,1,-1,-1,-1,-1,-1,1,1,-1,1,-1,1,-1,-1,-1,0.0,-167.4485738304366,3
10,-1,-1,-1,1,1,-1,-1,1,1,-1,1,1,-1,-1,1,1,1,1,-1,-1,1,1,1,-1,-1,-1,-1,1,1,-1,-1,1,-1,1,-1,1,1,-1,-1,-1,0.0,-166.54806119627966,2
11,1,1,1,-1,-1,1,1,-1,-1,1,-1,-1,1,1,-1,-1,-1,-1,1,1,-1,-1,-1,1,1,1,1,-1,-1,1,1,-1,1,-1,1,-1,-1,1,1,1,0.0,-166.54806119627966,3
12,1,1,-1,1,-1,1,1,1,-1,1,-1,-1,-1,1,1,-1,-1,1,1,-1,1,-1,-1,-1,-1,1,-1,-1,-1,-1,-1,1,1,-1,1,-1,1,-1,1,-1,0.0,-166.509452056529,1
13,-1,-1,1,-1,1,-1,-1,-1,1,-1,1,1,1,-1,-1,1,1,-1,-1,1,-1,1,1,1,1,-1,1,1,1,1,1,-1,-1,1,-1,1,-1,1,-1,1,0.0,-166.509452056529,2
14,-1,-1,1,1,1,-1,-1,-1,1,-1,-1,1,1,-1,-1,1,1,-1,-1,1,-1,1,1,1,1,-1,1,1,1,1,1,-1,-1,1,-1,1,-1,1,-1,1,0.0,-166.2959497028957,3
15,1,1,1,-1,1,1,1,-1,1,1,-1,-1,1,1,-1,-1,-1,-1,1,1,-1,-1,1,1,1,1,1,-1,-1,1,1,-1,1,-1,1,-1,-1,1,1,1,0.0,-166.27744057613467,7
16,-1,-1,-1,1,-1,-1,-1,1,-1,-1,1,1,-1,-1,1,1,1,1,-1,-1,1,1,-1,-1,-1,-1,-1,1,1,-1,-1,1,-1,1,-1,1,1,-1,-1,-1,0.0,-166.27744057613467,1
17,-1,-1,1,1,1,-1,-1,-1,1,-1,-1,1,1,-1,-1,1,1,-1,-1,1,-1,1,1,1,-1,-1,1,1,1,1,1,-1,-1,1,-1,1,-1,1,1,1,0.0,-166.14920316252648,1
18,-1,-1,-1,1,1,-1,-1,1,-1,-1,1,1,-1,-1,1,1,1,-1,-1,1,1,1,1,-1,-1,-1,-1,1,1,-1,-1,1,-1,1,-1,1,1,-1,-1,-1,0.0,-166.07221044402496,2
19,1,1,1,-1,-1,1,1,-1,1,1,-1,-1,1,1,-1,-1,-1,1,1,-1,-1,-1,-1,1,1,1,1,-1,-1,1,1,-1,1,-1,1,-1,-1,1,1,1,0.0,-166.07221044402496,5
20,-1,-1,-1,1,-1,-1,-1,1,-1,-1,1,1,-1,-1,1,1,1,1,-1,-1,1,1,1,-1,-1,-1,-1,1,1,-1,-1,1,-1,1,-1,1,1,-1,-1,-1,0.0,-166.04758114385334,1
21,1,1,-1,1,-1,1,1,1,-1,1,1,-1,-1,-1,1,-1,-1,1,1,-1,1,-1,-1,-1,-1,1,-1,-1,-1,-1,-1,1,1,-1,1,1,1,-1,1,-1,0.0,-165.88662922109106,3
22,1,1,1,-1,1,1,1,-1,1,1,-1,-1,1,1,-1,-1,-1,1,1,1,-1,-1,-1,1,1,1,1,-1,-1,1,1,-1,1,-1,1,-1,-1,1,1,1,0.0,-165.8122978445657,1
23,-1,-1,-1,1,-1,-1,-1,1,-1,-1,1,1,-1,-1,1,1,1,-1,-1,-1,1,1,1,-1,-1,-1,-1,1,1,-1,-1,1,-1,1,-1,1,1,-1,-1,-1,0.0,-165.8122978445657,1
24,1,1,1,-1,-1,1,1,-1,-1,1,-1,-1,1,1,-1,-1,-1,-1,1,1,-1,-1,-1,-1,1,1,1,-1,-1,1,1,-1,1,-1,1,-1,-1,1,1,1,0.0,-165.81206984394106,15
25,-1,-1,-1,1,1,-1,-1,1,1,-1,1,1,-1,-1,1,1,1,1,-1,-1,1,1,1,1,-1,-1,-1,1,1,-1,-1,1,-1,1,-1,1,1,-1,-1,-1,0.0,-165.81206984394106,2
26,-1,-1,1,1,1,-1,-1,-1,1,-1,-1,1,1,-1,-1,1,1,-1,-1,1,-1,1,1,1,1,-1,1,1,1,1,1,-1,-1,1,-1,1,-1,1,1,1,0.0,-165.80040155669013,1
27,1,1,-1,-1,-1,1,1,1,-1,1,1,-1,-1,1,1,-1,-1,1,-1,-1,1,-1,-1,-1,-1,1,-1,-1,-1,-1,-1,1,1,-1,1,-1,1,-1,-1,-1,0.0,-165.6957240961359,1
28,-1,-1,1,-1,1,-1,-1,-1,1,-1,-1,1,1,-1,-1,1,1,-1,-1,1,-1,1,1,1,1,-1,1,1,1,1,1,-1,-1,1,-1,1,-1,1,1,1,0.0,-165.66376325290457,1
29,1,1,1,-1,-1,1,1,-1,-1,1,-1,-1,1,1,-1,-1,-1,-1,1,1,-1,-1,-1,-1,1,1,1,-1,-1,1,1,-1,1,-1,1,-1,-1,1,1,-1,0.0,-165.17457132122706,4
30,-1,-1,-1,1,1,-1,-1,1,1,-1,1,1,-1,-1,1,1,1,1,-1,-1,1,1,1,1,-1,-1,-1,1,1,-1,-1,1,-1,1,-1,1,1,-1,-1,1,0.0,-165.17457132122706,1
31,-1,-1,-1,1,-1,-1,-1,1,1,-1,1,1,-1,-1,1,1,1,1,-1,-1,1,1,1,-1,-1,-1,-1,1,1,-1,-1,1,-1,1,-1,1,1,-1,-1,-1,0.0,-164.9046397726915,2
32,1,1,1,-1,1,1,1,-1,-1,1,-1,-1,1,1,-1,-1,-1,-1,1,1,-1,-1,-1,1,1,1,1,-1,-1,1,1,-1,1,-1,1,-1,-1,1,1,1,0.0,-164.9046397726915,1
33,-1,-1,1,-1,1,-1,-1,-1,1,-1,-1,1,1,-1,1,1,1,-1,-1,1,-1,1,1,1,1,-1,1,1,1,1,1,-1,-1,1,-1,1,-1,1,1,1,0.0,-164.79611088424616,2
34,1,1,-1,1,-1,1,1,1,-1,1,1,-1,-1,1,-1,-1,-1,1,1,-1,1,-1,-1,-1,-1,1,-1,-1,-1,-1,-1,1,1,-1,1,-1,1,-1,-1,-1,0.0,-164.79611088424616,1
35,1,1,-1,1,-1,1,1,1,-1,1,1,-1,-1,1,1,-1,-1,1,1,-1,1,-1,-1,-1,1,1,-1,-1,-1,-1,-1,1,1,-1,1,-1,1,-1,-1,-1,0.0,-164.68334130443873,2
36,-1,-1,1,-1,1,-1,-1,-1,1,-1,-1,1,1,-1,-1,1,1,-1,-1,1,-1,1,1,1,-1,-1,1,1,1,1,1,-1,-1,1,-1,1,-1,1,1,1,0.0,-164.68334130443873,2
37,-1,-1,-1,-1,1,-1,-1,1,-1,-1,1,1,-1,-1,1,1,1,-1,-1,1,1,1,1,-1,-1,-1,-1,1,1,-1,-1,1,-1,1,-1,1,1,-1,-1,-1,0.0,-164.55237947275452,2
38,1,1,1,1,-1,1,1,-1,1,1,-1,-1,1,1,-1,-1,-1,1,1,-1,-1,-1,-1,1,1,1,1,-1,-1,1,1,-1,1,-1,1,-1,-1,1,1,1,0.0,-164.55237947275452,1
39,1,1,-1,1,-1,1,1,1,-1,1,-1,-1,-1,1,-1,-1,-1,1,1,-1,1,-1,-1,-1,1,1,-1,-1,-1,-1,-1,1,1,-1,1,-1,1,-1,-1,-1,0.0,-164.3733089250747,1
40,-1,-1,-1,1,1,-1,-1,1,1,-1,-1,1,1,-1,1,1,1,-1,-1,1,-1,1,1,1,-1,-1,1,1,1,-1,-1,1,-1,1,-1,1,-1,-1,1,1,0.0,-164.32959020254654,1
41,1,-1,1,1,1,-1,1,1,1,1,-1,1,1,-1,1,1,-1,-1,1,1,1,1,-1,-1,1,1,1,-1,1,1,-1,1,-1,1,-1,1,-1,1,1,-1,0.0,-164.3224945959982,1
42,-1,1,-1,-1,-1,1,-1,-1,-1,-1,1,-1,-1,1,-1,-1,1,1,-1,-1,-1,-1,1,1,-1,-1,-1,1,-1,-1,1,-1,1,-1,1,-1,1,-1,-1,1,0.0,-164.3224945959982,20
43,1,1,1,-1,1,1,1,-1,1,1,-1,-1,1,1,-1,-1,-1,1,1,1,-1,-1,1,1,1,1,1,-1,-1,1,1,-1,1,-1,1,-1,1,1,1,1,0.0,-164.31590024924745,3
44,1,1,1,-1,-1,1,1,-1,1,1,-1,-1,1,1,-1,-1,-1,1,1,-1,-1,-1,-1,-1,1,1,1,-1,-1,1,1,-1,1,-1,1,-1,-1,1,1,-1,0.0,-164.2505766723833,1
45,-1,1,-1,-1,-1,1,-1,1,-1,1,1,-1,-1,1,-1,-1,-1,1,-1,-1,-1,-1,-1,1,-1,-1,-1,-1,-1,-1,1,-1,1,-1,1,1,1,-1,-1,1,0.0,-164.20859358887492,1
46,1,-1,1,1,1,-1,1,-1,1,-1,-1,1,1,-1,1,1,1,-1,1,1,1,1,1,-1,1,1,1,1,1,1,-1,1,-1,1,-1,-1,-1,1,1,-1,0.0,-164.20859358887483,4
47,-1,-1,1,-1,1,-1,-1,-1,1,-1,-1,1,1,-1,1,1,1,-1,-1,1,-1,1,1,1,1,-1,1,1,1,1,1,1,-1,1,-1,1,-1,1,1,1,0.0,-164.04051917522182,1
48,-1,1,-1,-1,1,1,-1,-1,-1,-1,1,-1,-1,1,-1,-1,1,1,-1,-1,-1,-1,1,1,-1,-1,-1,1,-1,-1,1,-1,1,-1,1,-1,1,-1,-1,1,0.0,-163.94127302094813,13
49,1,-1,1,1,-1,-1,1,1,1,1,-1,1,1,-1,1,1,-1,-1,1,1,1,1,-1,-1,1,1,1,-1,1,1,-1,1,-1,1,-1,1,-1,1,1,-1,0.0,-163.94127302094813,3
50,1,1,1,-1,-1,1,1,-1,1,1,1,-1,1,1,-1,-1,-1,1,1,-1,-1,-1,-1,-1,1,1,1,-1,-1,1,1,-1,1,-1,1,-1,-1,1,-1,-1,0.0,-163.8856034427098,2
51,1,1,1,-1,1,1,1,-1,1,1,-1,-1,1,1,-1,-1,-1,1,1,1,-1,-1,1,1,1,1,1,-1,-1,1,1,-1,1,-1,1,-1,-1,1,-1,1,0.0,-163.86529668132295,7
52,-1,-1,-1,1,-1,-1,-1,1,-1,-1,1,1,-1,-1,1,1,1,-1,-1,-1,1,1,-1,-1,-1,-1,-1,1,1,-1,-1,1,-1,1,-1,1,1,-1,1,-1,0.0,-163.86529668132295,1
53,1,-1,1,1,1,-1,1,-1,1,-1,-1,1,1,-1,1,1,1,-1,1,1,1,1,1,-1,1,-1,1,1,1,1,-1,1,-1,1,-1,1,-1,1,1,-1,0.0,-163.83236041132002,4
54,-1,1,-1,-1,-1,1,-1,1,-1,1,1,-1,-1,1,-1,-1,-1,1,-1,-1,-1,-1,-1,1,-1,1,-1,-1,-1,-1,1,-1,1,-1,1,-1,1,-1,-1,1,0.0,-163.83236041132002,1
55,1,1,1,-1,1,1,1,-1,1,1,-1,-1,1,1,-1,-1,-1,1,1,1,-1,-1,1,1,1,1,1,1,-1,1,1,-1,1,-1,1,-1,-1,1,1,1,0.0,-163.80901705533034,5
56,1,1,1,-1,-1,1,1,-1,1,1,-1,-1,1,1,-1,-1,-1,1,1,1,-1,-1,-1,1,1,1,1,-1,-1,1,1,-1,1,-1,1,-1,-1,1,1,1,0.0,-163.7471877246266,3
57,-1,-1,-1,1,1,-1,-1,1,-1,-1,-1,1,-1,-1,1,1,1,-1,-1,1,1,1,1,1,-1,-1,-1,1,1,-1,-1,1,-1,1,-1,1,1,-1,-1,1,0.0,-163.65891049820715,2
58,1,1,1,-1,1,1,1,-1,1,1,-1,-1,1,1,-1,-1,-1,1,1,1,-1,-1,1,1,1,1,1,-1,-1,1,1,-1,1,-1,1,-1,1,1,-1,1,0.0,-163.65575254054536,12
59,1,-1,1,1,1,-1,1,-1,1,-1,-1,1,1,-1,1,1,1,-1,1,1,1,1,1,-1,1,-1,1,1,1,1,-1,1,-1,1,-1,-1,-1,1,1,-1,0.0,-163.46216424972718,2
60,1,1,1,-1,1,1,1,-1,1,1,-1,-1,1,1,-1,-1,-1,-1,1,1,-1,-1,1,1,1,1,1,1,-1,1,1,-1,1,-1,1,-1,-1,1,1,1,0.0,-163.41224843065856,4
61,1,-1,1,1,1,-1,-1,-1,1,-1,-1,1,1,-1,1,1,1,-1,-1,1,-1,1,1,1,-1,-1,1,1,1,-1,1,-1,-1,1,-1,1,-1,1,1,1,0.0,-163.40559195490818,3
62,1,-1,1,1,1,-1,1,-1,1,-1,-1,1,1,-1,1,1,1,-1,1,1,1,1,1,-1,1,-1,1,1,1,1,-1,1,-1,1,-1,1,-1,1,-1,-1,0.0,-163.34886263216643,2
63,1,1,-1,1,-1,1,1,1,-1,1,1,-1,-1,1,1,-1,-1,1,1,-1,1,-1,-1,-1,1,1,-1,-1,-1,-1,-1,1,1,-1,1,-1,1,-1,1,-1,0.0,-163.22770373724947,1
64,-1,1,-1,-1,1,1,-1,-1,-1,1,1,-1,-1,1,-1,-1,-1,1,-1,-1,-1,-1,1,1,-1,1,-1,1,-1,-1,1,-1,1,-1,1,-1,1,-1,-1,1,0.0,-163.20997580252686,3
65,1,-1,1,1,-1,-1,1,1,1,-1,-1,1,1,-1,1,1,1,-1,1,1,1,1,-1,-1,1,-1,1,-1,1,1,-1,1,-1,1,-1,1,-1,1,1,-1,0.0,-163.20997580252686,6
66,-1,-1,-1,-1,1,-1,-1,-1,-1,-1,1,1,-1,-1,1,1,1,-1,-1,1,1,1,1,1,-1,-1,-1,1,1,-1,-1,1,-1,1,-1,1,1,-1,-1,1,0.0,-163.01195713536475,1
67,1,1,1,1,-1,1,1,1,1,1,-1,-1,1,1,-1,-1,-1,1,1,-1,-1,-1,-1,-1,1,1,1,-1,-1,1,1,-1,1,-1,1,-1,-1,1,1,-1,0.0,-163.01195713536475,4
68,1,-1,1,1,1,-1,1,-1,1,-1,1,1,1,-1,1,1,1,-1,1,1,1,1,1,-1,1,-1,1,1,1,1,-1,1,-1,1,-1,1,-1,1,-1,-1,0.0,-162.809029861865,1
69,1,1,-1,1,-1,1,1,1,-1,1,1,-1,-1,1,-1,-1,-1,1,1,-1,1,-1,-1,-1,-1,1,-1,-1,-1,-1,-1,-1,1,-1,1,-1,1,-1,1,-1,0.0,-162.77375103543403,1
70,1,1,-1,1,-1,1,1,1,-1,1,1,-1,1,1,-1,-1,-1,1,1,-1,1,-1,-1,-1,1,1,-1,-1,-1,-1,-1,1,1,-1,1,-1,1,-1,-1,-1,0.0,-162.7195084676536,1
71,-1,-1,1,1,1,-1,-1,-1,1,-1,1,1,1,-1,1,1,1,-1,-1,1,-1,1,1,1,-1,-1,1,1,1,-1,1,-1,-1,1,-1,1,-1,1,1,1,0.0,-162.59286676487216,1
72,1,-1,1,1,-1,-1,1,1,1,-1,-1,1,1,-1,1,1,1,-1,1,1,1,1,-1,-1,1,1,1,-1,1,1,-1,1,-1,1,-1,1,-1,1,1,-1,0.0,-162.55665470051753,3
73,1,-1,1,1,-1,-1,1,1,1,-1,-1,1,1,-1,1,1,-1,-1,1,1,1,1,-1,-1,1,1,1,-1,1,1,-1,1,-1,1,-1,1,-1,1,1,-1,0.0,-162.47102254390694,2
74,1,1,-1,-1,-1,1,1,1,-1,1,1,-1,-1,1,-1,-1,-1,1,1,-1,1,-1,-1,-1,-1,1,-1,-1,-1,-1,-1,1,1,-1,1,-1,1,-1,-1,-1,0.0,-162.4615278144248,1
75,-1,1,-1,-1,-1,1,-1,1,-1,1,1,-1,-1,1,-1,-1,-1,1,-1,-1,-1,-1,1,1,-1,1,-1,1,-1,-1,1,-1,1,-1,1,-1,1,-1,-1,1,0.0,-162.35112440954683,3
76,1,-1,1,1,1,-1,1,-1,1,-1,-1,1,1,-1,1,1,1,-1,1,1,1,1,-1,-1,1,-1,1,-1,1,1,-1,1,-1,1,-1,1,-1,1,1,-1,0.0,-162.35112440954683,3
77,1,1,-1,1,-1,1,1,1,-1,-1,1,-1,-1,1,-1,-1,-1,1,1,-1,1,-1,-1,-1,1,1,-1,-1,-1,-1,-1,1,1,-1,1,-1,1,-1,-1,-1,0.0,-162.3172046394924,1
78,-1,-1,1,-1,1,-1,-1,-1,1,-1,1,1,1,-1,-1,1,1,-1,-1,1,-1,1,1,-1,1,-1,1,1,1,1,1,-1,-1,1,-1,1,-1,1,-1,1,0.0,-162.29870175573697,2
79,-1,-1,-1,1,-1,-1,-1,1,-1,-1,1,1,-1,-1,1,1,1,-1,-1,-1,1,1,-1,-1,-1,-1,-1,-1,1,-1,-1,1,-1,1,-1,1,-1,-1,1,-1,0.0,-162.2775653410624,1
80,1,1,1,-1,1,1,1,-1,1,1,-1,-1,1,1,-1,-1,-1,1,1,1,-1,-1,1,1,1,1,1,1,-1,1,1,-1,1,-1,1,-1,1,1,-1,1,0.0,-162.2775653410624,6
81,-1,-1,1,1,1,-1,-1,-1,1,-1,-1,1,-1,-1,1,1,1,-1,-1,1,-1,1,1,1,-1,-1,1,1,1,-1,1,-1,-1,1,-1,1,-1,1,1,1,0.0,-162.22814003832877,1
82,1,1,1,-1,1,1,1,-1,1,1,-1,-1,1,1,-1,-1,-1,1,1,1,-1,-1,1,1,1,1,1,1,-1,1,1,-1,1,-1,1,-1,-1,1,-1,1,0.0,-162.2242993461711,3
83,1,-1,1,-1,1,-1,-1,-1,1,-1,-1,1,1,1,-1,1,1,-1,-1,1,-1,1,1,1,1,-1,1,1,1,1,1,-1,-1,1,-1,-1,-1,1,-1,1,0.0,-162.12486269707537,1
84,-1,1,-1,1,-1,1,1,1,-1,1,1,-1,-1,-1,1,-1,-1,1,1,-1,1,-1,-1,-1,-1,1,-1,-1,-1,-1,-1,1,1,-1,1,1,1,-1,1,-1,0.0,-162.12486269707537,1
85,-1,-1,-1,1,1,-1,-1,-1,-1,-1,-1,1,1,-1,1,1,1,-1,-1,1,-1,1,1,1,-1,-1,1,1,1,-1,-1,1,-1,1,-1,1,-1,-1,1,1,0.0,-162.0447679552984,1
86,-1,-1,1,-1,1,-1,-1,-1,1,-1,-1,1,1,-1,-1,1,1,-1,-1,1,-1,1,1,-1,1,-1,1,1,1,1,1,-1,-1,1,-1,1,-1,1,-1,1,0.0,-162.03603338209874,2
87,1,1,-1,1,-1,1,1,1,-1,1,1,-1,-1,1,-1,-1,-1,1,1,-1,-1,-1,-1,-1,1,1,-1,-1,-1,-1,-1,1,1,-1,1,-1,1,-1,-1,-1,0.0,-162.0134438765176,1
88,1,1,1,-1,-1,1,1,-1,1,1,1,-1,1,1,-1,-1,-1,1,1,-1,-1,-1,1,-1,1,1,1,1,-1,1,1,-1,1,-1,1,-1,-1,1,-1,-1,0.0,-162.0087463050175,5
89,-1,1,-1,-1,-1,1,1,1,-1,1,1,-1,-1,1,-1,-1,-1,1,1,-1,1,-1,-1,-1,-1,1,-1,-1,-1,-1,-1,1,1,-1,1,-1,1,-1,-1,-1,0.0,-161.95939142090725,1
90,1,-1,1,1,1,-1,-1,-1,1,-1,-1,1,1,-1,1,1,1,-1,-1,1,-1,1,1,1,1,-1,1,1,1,1,1,-1,-1,1,-1,1,-1,1,1,1,0.0,-161.95939142090734,1
91,1,-1,1,-1,1,-1,-1,-1,1,-1,-1,1,1,-1,1,1,1,-1,-1,1,-1,1,1,1,-1,-1,1,1,1,1,1,-1,-1,1,-1,1,-1,1,1,1,0.0,-161.939234927071,1
92,1,-1,1,1,1,-1,1,-1,1,-1,-1,1,1,-1,1,1,1,-1,1,1,1,1,1,-1,1,1,1,1,1,1,-1,1,-1,1,-1,1,-1,1,1,-1,0.0,-161.89525857123365,1
93,1,-1,1,1,1,-1,1,-1,1,-1,1,1,1,-1,1,1,1,-1,1,1,1,1,1,-1,1,1,1,1,1,1,-1,1,-1,1,-1,-1,-1,1,1,-1,0.0,-161.89239866094377,6
94,1,1,-1,-1,-1,1,1,1,-1,1,1,-1,-1,1,1,-1,-1,1,1,-1,1,-1,-1,-1,1,1,-1,-1,-1,-1,-1,1,1,-1,1,-1,1,-1,1,-1,0.0,-161.8704748742492,1
95,1,-1,1,-1,1,-1,-1,-1,-1,1,-1,1,1,-1,1,1,1,-1,-1,1,-1,1,1,1,-1,-1,1,1,1,1,1,-1,-1,1,-1,1,-1,1,1,1,0.0,-161.80142056426837,2
96,1,1,1,-1,-1,1,1,-1,1,1,-1,-1,1,1,-1,-1,-1,1,1,1,-1,-1,1,1,1,1,1,-1,-1,1,1,-1,1,-1,1,-1,-1,1,1,1,0.0,-161.7789142289518,2
97,1,1,1,-1,-1,1,1,-1,-1,1,-1,-1,1,1,-1,-1,-1,1,1,1,-1,-1,-1,-1,1,1,1,-1,-1,1,1,-1,1,-1,1,-1,-1,1,1,-1,0.0,-161.72953377744264,1
98,-1,1,-1,1,-1,1,-1,1,1,-1,1,1,1,-1,1,1,1,1,1,-1,1,1,1,-1,-1,1,-1,1,-1,-1,-1,1,1,-1,1,1,1,-1,-1,-1,0.0,-161.6718776532325,12
99,1,-1,1,-1,1,-1,-1,-1,1,-1,1,1,1,-1,1,1,1,-1,1,1,1,1,1,1,-1,-1,1,1,1,1,1,-1,-1,1,-1,1,-1,1,1,1,0.0,-161.6640667182532,2
100,-1,-1,1,1,1,-1,-1,-1,1,-1,1,1,1,-1,-1,1,1,-1,-1,1,-1,1,1,1,1,-1,1,1,1,1,1,-1,-1,1,-1,1,-1,1,-1,1,0.0,-161.5310994867976,1
101,-1,1,-1,-1,1,1,-1,-1,-1,-1,1,-1,-1,1,-1,-1,1,1,-1,-1,-1,-1,1,1,-1,1,-1,1,-1,-1,1,-1,1,-1,1,-1,1,-1,-1,1,0.0,-161.42026730204793,2
102,-1,-1,-1,1,1,-1,-1,-1,1,-1,-1,1,1,-1,1,1,1,-1,-1,1,-1,1,1,1,-1,-1,1,1,1,-1,-1,1,-1,1,-1,1,-1,-1,-1,1,0.0,-161.3262589367399,1
103,1,-1,1,-1,1,-1,-1,-1,-1,-1,-1,1,1,1,-1,1,1,-1,-1,1,-1,1,1,1,1,-1,1,1,1,1,1,-1,-1,1,-1,-1,-1,1,-1,1,0.0,-161.28894195504765,1
104,1,-1,1,1,1,-1,-1,-1,1,-1,1,1,1,-1,1,1,1,-1,1,1,1,1,1,1,-1,-1,1,1,1,1,1,-1,-1,1,-1,1,-1,1,1,1,0.0,-161.24332931567216,1
105,1,1,1,-1,-1,1,1,-1,1,1,-1,-1,1,1,-1,-1,-1,-1,1,1,-1,-1,-1,1,1,1,1,-1,-1,1,1,-1,1,-1,1,-1,-1,1,1,1,0.0,-161.0977340412556,3
106,-1,-1,1,1,1,-1,-1,-1,1,-1,1,1,1,-1,1,1,1,-1,-1,1,-1,1,1,1,-1,-1,1,1,1,1,1,-1,-1,1,-1,1,-1,1,1,1,0.0,-161.0760492571266,2
107,1,-1,1,1,1,-1,-1,-1,1,-1,-1,1,1,-1,1,1,1,-1,1,1,-1,1,1,1,1,-1,1,1,1,1,1,-1,-1,1,-1,1,-1,1,1,1,0.0,-161.06865235011594,1
108,1,1,-1,1,-1,1,1,1,1,-1,1,-1,-1,1,-1,-1,-1,1,1,-1,1,-1,-1,-1,1,1,-1,-1,-1,-1,-1,1,1,-1,1,-1,1,-1,-1,-1,0.0,-161.0566021999041,1
109,-1,-1,1,1,1,-1,-1,-1,1,-1,-1,1,-1,-1,1,1,1,-1,-1,1,-1,1,1,1,-1,-1,1,1,1,1,1,-1,-1,1,-1,1,-1,1,1,1,0.0,-161.0491925539115,1
110,-1,1,-1,-1,-1,1,-1,1,-1,1,-1,-1,-1,1,-1,-1,-1,1,-1,-1,-1,-1,-1,1,-1,1,-1,-1,-1,-1,1,-1,1,-1,1,1,1,-1,1,1,0.0,-160.9459425274593,1
111,1,-1,1,-1,1,-1,-1,-1,1,-1,1,1,1,-1,1,1,1,-1,-1,1,1,1,1,1,-1,-1,1,1,1,1,1,-1,-1,1,-1,1,-1,1,1,1,0.0,-160.86942291784413,1
112,1,1,1,-1,1,1,1,-1,1,1,-1,-1,1,1,-1,-1,-1,1,-1,1,-1,-1,1,1,1,1,1,-1,-1,1,1,-1,1,-1,1,-1,1,1,-1,1,0.0,-160.7909306577208,6
113,1,-1,1,1,1,-1,1,1,1,-1,-1,1,1,-1,1,1,1,-1,1,1,1,1,-1,-1,1,1,1,-1,1,1,-1,1,-1,1,-1,1,-1,1,1,-1,0.0,-160.7138265766766,3
114,-1,1,-1,-1,-1,1,-1,-1,-1,1,1,-1,-1,1,-1,-1,-1,1,-1,-1,-1,-1,1,1,-1,-1,-1,1,-1,-1,1,-1,1,-1,1,-1,1,-1,-1,1,0.0,-160.7138265766766,1
115,-1,1,-1,1,-1,1,-1,1,1,-1,1,1,1,-1,1,1,1,1,1,-1,1,1,1,1,-1,1,-1,1,-1,-1,-1,1,1,-1,1,1,1,-1,-1,-1,0.0,-160.70041830158516,5
116,1,-1,1,-1,1,-1,1,-1,-1,1,-1,-1,-1,1,-1,-1,-1,-1,-1,1,-1,-1,-1,-1,1,-1,1,-1,1,1,1,-1,-1,1,-1,-1,-1,1,1,1,0.0,-160.70041830158516,1
117,-1,1,-1,1,-1,1,-1,1,1,-1,1,1,1,-1,1,1,1,1,-1,-1,1,1,1,-1,-1,1,-1,1,-1,-1,-1,1,1,-1,1,1,1,-1,-1,-1,0.0,-160.69526035004822,1
118,1,-1,1,-1,1,-1,1,-1,-1,1,-1,-1,-1,1,-1,-1,-1,-1,1,1,-1,-1,-1,1,1,-1,1,-1,1,1,1,-1,-1,1,-1,-1,-1,1,1,1,0.0,-160.69526035004822,1
119,1,1,-1,-1,-1,1,1,1,-1,1,1,-1,-1,-1,1,-1,-1,1,1,-1,1,-1,-1,-1,-1,1,-1,-1,-1,-1,-1,1,1,-1,1,-1,1,-1,1,-1,0.0,-160.63440769625177,1
120,1,1,-1,1,-1,1,1,1,-1,1,1,-1,-1,-1,1,-1,-1,1,1,-1,1,-1,-1,-1,-1,1,-1,-1,-1,-1,-1,1,1,-1,1,1,1,-1,-1,-1,0.0,-160.57455238756995,1
121,1,1,-1,-1,-1,1,-1,1,-1,1,1,-1,-1,1,1,-1,-1,1,-1,-1,1,-1,-1,1,-1,1,-1,-1,-1,-1,-1,1,1,-1,1,-1,1,-1,-1,1,0.0,-160.55889394042939,1
122,-1,-1,1,1,1,-1,1,-1,1,-1,-1,1,1,-1,-1,1,1,-1,1,1,-1,1,1,-1,1,-1,1,1,1,1,1,-1,-1,1,-1,1,-1,1,1,-1,0.0,-160.55889394042939,1
123,1,-1,1,-1,1,-1,-1,-1,1,-1,-1,1,1,-1,1,1,1,-1,-1,1,-1,1,1,1,1,-1,1,1,1,1,1,-1,-1,1,-1,1,-1,1,1,1,0.0,-160.55165618334445,2
124,-1,-1,-1,1,1,-1,-1,1,-1,-1,1,1,-1,-1,1,1,1,1,-1,-1,1,1,1,1,-1,-1,-1,1,1,-1,-1,1,-1,1,-1,1,1,-1,-1,1,0.0,-160.46447968262075,1
125,-1,-1,1,-1,1,-1,-1,-1,1,-1,1,1,1,-1,-1,1,1,-1,-1,1,-1,1,1,1,1,-1,1,1,1,1,1,-1,-1,1,-1,-1,-1,1,-1,1,0.025,-159.9853019290288,1
126,1,1,-1,1,-1,1,1,1,-1,1,-1,-1,-1,1,-1,-1,-1,1,1,-1,-1,-1,-1,-1,1,1,-1,-1,-1,-1,-1,1,1,-1,1,-1,1,-1,1,-1,0.0,-160.32957291104344,1
127,-1,1,-1,1,1,1,-1,1,1,-1,1,1,1,-1,1,1,1,1,1,-1,1,1,1,1,-1,1,-1,1,-1,-1,-1,1,1,-1,1,1,1,-1,-1,-1,0.0,-160.28705022915784,2
128,-1,1,-1,1,-1,1,1,1,1,-1,1,-1,-1,1,-1,-1,-1,1,1,-1,1,-1,-1,-1,1,1,-1,-1,1,-1,-1,1,1,-1,1,-1,1,-1,-1,-1,0.0,-160.28695639982988,1
129,1,1,-1,1,-1,1,1,1,1,1,1,-1,-1,-1,1,-1,-1,1,1,-1,1,-1,-1,1,-1,1,-1,-1,-1,-1,-1,1,1,-1,1,1,1,-1,1,-1,0.0,-160.26077777442148,3
130,1,1,1,-1,-1,1,1,-1,1,1,1,-1,1,1,-1,-1,-1,1,1,-1,-1,-1,1,1,1,1,1,1,-1,1,1,-1,1,-1,1,-1,-1,1,-1,1,0.0,-160.23911171661524,2
131,-1,1,-1,1,-1,1,1,1,-1,-1,1,-1,-1,1,-1,-1,-1,1,1,-1,1,-1,-1,-1,1,1,-1,-1,-1,-1,-1,1,1,-1,1,-1,1,-1,-1,-1,0.0,-160.1852415221864,1
132,-1,1,-1,-1,1,1,-1,-1,-1,1,1,-1,-1,1,-1,-1,1,1,-1,-1,-1,-1,1,1,-1,1,-1,1,-1,-1,1,-1,1,-1,1,-1,1,-1,-1,1,0.0,-160.12893211503834,1
133,1,1,1,-1,1,1,1,-1,1,1,-1,-1,1,1,-1,-1,-1,-1,1,1,-1,-1,1,1,1,1,1,-1,-1,1,1,-1,1,-1,1,-1,1,1,1,1,0.0,-160.0523453578031,2
134,1,1,1,-1,1,1,1,-1,1,1,-1,-1,1,1,-1,-1,-1,1,1,1,-1,-1,1,1,1,1,1,1,-1,1,1,-1,1,-1,1,-1,1,1,1,1,0.0,-160.0454247991337,1
135,-1,1,-1,1,-1,1,-1,1,1,-1,1,1,1,-1,1,1,1,1,-1,-1,1,1,1,-1,-1,1,-1,1,-1,-1,-1,1,-1,-1,1,1,1,-1,-1,-1,0.025,-156.8645962136477,1
136,-1,-1,-1,1,-1,-1,-1,1,-1,-1,1,1,-1,-1,1,1,1,1,-1,-1,1,1,1,1,-1,-1,-1,1,1,-1,-1,1,-1,1,-1,1,1,-1,-1,-1,0.0,-159.96975901747706,1
137,-1,-1,-1,1,1,-1,-1,1,1,-1,1,1,-1,-1,1,1,1,1,1,-1,1,1,1,1,-1,-1,-1,1,1,-1,-1,1,-1,1,-1,1,1,-1,-1,-1,0.0,-159.95681152056474,1
138,-1,1,-1,1,-1,1,1,1,-1,1,-1,-1,-1,-1,1,-1,-1,1,1,-1,1,-1,-1,-1,-1,1,-1,-1,-1,-1,-1,1,1,-1,1,1,1,-1,1,-1,0.0,-159.8985065188833,2
139,1,-1,1,1,1,-1,1,-1,1,-1,-1,1,1,-1,1,1,1,-1,1,1,1,1,-1,-1,1,-1,1,-1,1,1,-1,1,-1,1,-1,-1,-1,1,1,-1,0.0,-159.88985217549305,1
140,1,-1,1,1,1,-1,1,-1,1,-1,-1,1,1,-1,1,1,1,-1,1,1,1,1,-1,-1,1,-1,1,-1,1,1,-1,1,-1,1,-1,1,-1,1,1,-1,0.025,-162.35112440954683,3
141,1,1,-1,1,-1,1,-1,1,1,-1,1,1,1,-1,1,1,1,1,1,-1,1,1,1,1,-1,1,-1,1,-1,-1,-1,1,1,-1,1,1,1,-1,-1,-1,0.0,-159.82011033436265,1
142,-1,1,-1,-1,-1,1,1,1,-1,1,-1,-1,-1,1,-1,-1,-1,1,1,-1,1,-1,-1,-1,1,1,-1,-1,-1,-1,-1,1,1,-1,1,-1,1,-1,-1,-1,0.0,-159.7527570565183,1
143,1,1,1,-1,-1,1,1,-1,1,1,-1,-1,1,1,-1,-1,-1,1,1,1,-1,-1,1,1,1,1,1,1,-1,1,1,-1,1,-1,1,-1,-1,1,1,1,0.0,-159.7439282244934,3
144,-1,1,-1,-1,-1,1,-1,1,-1,1,1,-1,-1,-1,1,-1,-1,1,-1,-1,1,-1,-1,1,-1,1,-1,-1,-1,-1,-1,1,1,-1,1,1,1,-1,1,1,0.0,-159.7289563866702,1
145,-1,-1,-1,1,1,-1,-1,-1,1,-1,-1,1,-1,-1,1,1,1,-1,-1,1,-1,1,1,1,-1,-1,1,1,1,-1,-1,-1,-1,1,-1,1,-1,-1,1,1,0.0,-159.6642613518063,1
146,-1,1,-1,1,1,1,-1,1,1,-1,1,1,1,-1,1,1,1,1,-1,-1,1,1,1,1,-1,1,-1,1,-1,-1,-1,1,1,-1,1,1,1,-1,-1,1,0.0,-159.62711332700863,1
147,1,1,1,1,-1,1,1,-1,1,1,1,-1,1,1,-1,-1,-1,1,1,-1,-1,-1,-1,-1,1,1,1,-1,-1,1,1,-1,1,-1,1,-1,-1,1,-1,-1,0.0,-159.54697815080615,1
148,-1,1,-1,-1,1,1,-1,1,-1,1,-1,-1,-1,1,-1,-1,-1,1,-1,-1,-1,-1,-1,1,-1,1,-1,-1,-1,-1,1,-1,1,-1,1,1,1,-1,-1,1,0.0,-159.53756657487207,1
149,1,-1,1,1,-1,-1,1,-1,1,-1,1,1,1,-1,1,1,1,-1,1,1,1,1,1,-1,1,-1,1,1,1,1,-1,1,-1,1,-1,-1,-1,1,1,-1,0.0,-159.53756657487207,1
150,-1,-1,1,-1,1,-1,-1,-1,-1,-1,1,1,1,1,-1,1,1,-1,-1,1,-1,1,1,-1,1,-1,1,1,1,1,1,-1,-1,1,-1,-1,-1,1,-1,1,0.0,-159.48209948541685,1
151,-1,1,-1,-1,1,-1,-1,1,-1,-1,-1,1,1,-1,1,1,1,-1,-1,1,1,1,1,1,-1,1,1,1,-1,-1,-1,1,-1,1,-1,1,1,-1,1,1,0.0,-159.40440050086744,1
152,-1,1,-1,1,-1,1,1,1,1,-1,1,-1,1,1,-1,-1,-1,1,1,-1,1,-1,-1,-1,1,1,-1,-1,-1,-1,-1,1,1,-1,1,-1,1,-1,-1,-1,0.0,-159.36513787557703,3
153,-1,-1,1,1,1,-1,1,-1,1,-1,-1,-1,1,-1,-1,1,1,-1,1,1,-1,1,1,-1,1,-1,1,1,1,1,1,-1,-1,1,-1,1,-1,1,1,-1,0.0,-159.35098373972224,1
154,1,-1,1,-1,1,-1,-1,-1,-1,1,-1,1,-1,-1,1,1,1,-1,-1,1,-1,1,1,1,-1,-1,1,1,-1,1,1,-1,-1,1,-1,1,-1,1,1,1,0.0,-159.34608002923846,1
155,1,1,1,-1,-1,1,1,-1,1,1,1,-1,1,1,-1,-1,-1,1,1,-1,-1,-1,1,-1,1,1,1,1,-1,1,1,-1,1,-1,1,-1,1,1,-1,-1,0.0,-159.34070185236956,1
156,1,1,1,-1,-1,1,1,-1,1,1,-1,-1,1,1,-1,-1,-1,-1,1,1,-1,-1,-1,-1,1,1,1,-1,-1,1,1,-1,1,-1,1,-1,-1,1,1,1,0.0,-159.3380431184545,1
157,1,-1,1,1,-1,-1,1,-1,1,-1,-1,1,1,-1,1,1,1,-1,1,1,1,1,-1,-1,1,-1,1,-1,1,1,-1,1,-1,1,-1,1,-1,1,1,-1,0.0,-159.24530043379724,1
158,-1,1,-1,-1,-1,1,-1,-1,-1,-1,1,-1,-1,1,-1,-1,1,1,-1,-1,-1,-1,1,1,-1,1,-1,1,-1,-1,1,-1,1,-1,1,-1,1,-1,-1,1,0.0,-159.17765595628546,1
159,-1,-1,1,-1,1,-1,1,-1,1,-1,-1,1,1,-1,-1,1,1,-1,-1,1,-1,1,1,-1,1,-1,1,1,1,1,1,-1,-1,1,-1,-1,-1,1,-1,1,0.025,-156.76255520644028,1
160,1,1,1,-1,1,-1,1,-1,1,1,-1,-1,1,1,-1,-1,-1,-1,1,1,-1,-1,1,1,1,1,1,-1,-1,1,1,-1,1,-1,1,-1,-1,1,1,1,0.0,-159.1059178992786,1
161,1,-1,1,1,-1,-1,1,-1,1,-1,1,1,1,-1,1,1,1,-1,1,1,1,1,1,-1,1,1,1,1,1,1,-1,1,-1,1,-1,-1,-1,1,1,-1,0.0,-159.10319250888827,4
162,-1,1,1,-1,1,1,-1,-1,-1,-1,1,-1,-1,1,-1,-1,1,1,-1,-1,-1,-1,1,1,-1,-1,-1,1,-1,-1,1,-1,1,-1,1,-1,1,-1,-1,1,0.0,-159.10193672148228,1
163,-1,-1,1,1,1,-1,1,-1,1,-1,-1,1,1,-1,-1,1,1,-1,-1,1,-1,1,1,-1,1,-1,1,1,1,1,1,-1,-1,1,-1,1,-1,1,-1,1,0.0,-159.0783062908919,1
164,1,1,1,-1,-1,1,1,1,-1,1,-1,-1,-1,1,-1,-1,-1,1,1,-1,1,-1,-1,-1,1,1,-1,-1,-1,1,1,-1,1,-1,1,-1,1,1,-1,-1,0.0,-159.0657929159659,1
165,-1,-1,-1,1,1,-1,-1,-1,1,-1,1,1,1,-1,1,1,1,-1,-1,1,-1,1,1,1,-1,-1,1,1,1,-1,-1,1,-1,1,-1,1,-1,-1,1,1,0.0,-159.0657929159659,1
166,-1,1,-1,-1,-1,1,-1,1,-1,1,-1,-1,-1,1,-1,-1,-1,1,-1,-1,-1,-1,-1,1,-1,1,-1,-1,-1,-1,1,-1,1,-1,1,-1,1,-1,-1,1,0.0,-159.00624288292502,1
167,-1,-1,-1,1,1,-1,-1,1,1,-1,-1,1,1,-1,1,1,1,1,-1,-1,1,1,1,1,-1,-1,1,1,1,-1,-1,1,-1,1,-1,1,1,-1,-1,1,0.0,-158.86554624360727,1
168,1,-1,1,-1,1,-1,1,-1,-1,1,-1,-1,-1,1,-1,-1,-1,-1,-1,1,-1,-1,-1,1,1,-1,1,-1,1,1,1,-1,1,1,-1,-1,-1,1,1,1,0.025,-155.73851531796936,1
169,-1,1,-1,1,-1,1,-1,1,1,-1,1,1,1,-1,1,1,1,1,1,-1,1,1,1,-1,-1,1,-1,1,-1,-1,-1,1,-1,-1,1,1,1,-1,-1,-1,0.025,-155.73851531796936,3
170,1,1,1,-1,-1,1,1,-1,1,1,1,-1,-1,1,-1,-1,-1,1,1,-1,-1,-1,-1,-1,1,1,-1,-1,-1,1,1,-1,1,-1,1,-1,-1,1,-1,-1,0.0,-158.835546331224,1
171,1,1,-1,1,-1,1,-1,1,1,-1,1,1,1,-1,1,1,1,1,1,-1,1,1,1,-1,-1,1,-1,1,-1,-1,-1,1,1,-1,1,1,1,-1,-1,-1,0.0,-158.8350618685996,3
172,1,-1,1,-1,1,-1,-1,-1,1,-1,1,1,1,-1,1,1,1,-1,-1,1,1,1,1,-1,1,1,1,1,1,1,1,1,-1,1,-1,1,-1,1,-1,1,0.0,-158.75861449242794,3
173,1,1,1,-1,-1,1,1,-1,1,1,1,-1,1,1,-1,-1,-1,1,1,-1,-1,-1,-1,1,1,1,1,-1,-1,1,1,-1,1,-1,1,-1,-1,1,-1,1,0.0,-158.75225797654792,1
174,-1,-1,-1,1,1,-1,-1,1,1,-1,-1,1,1,-1,1,1,1,-1,-1,1,-1,1,1,1,-1,-1,1,1,1,-1,-1,1,-1,1,-1,1,-1,-1,1,-1,0.0,-158.74576211687273,1
175,-1,1,-1,-1,-1,1,-1,-1,-1,1,1,-1,-1,1,-1,-1,-1,1,-1,-1,-1,-1,1,1,-1,1,-1,1,-1,-1,1,-1,1,-1,1,-1,1,-1,-1,1,0.0,-158.7433147578733,1
176,1,-1,1,1,-1,-1,1,-1,1,-1,-1,1,1,-1,1,1,1,-1,1,1,1,1,1,-1,1,-1,1,1,1,1,-1,1,-1,1,-1,1,-1,1,1,-1,0.0,-158.72655772467263,2
177,1,-1,1,1,1,-1,1,1,1,-1,-1,1,1,-1,1,1,-1,-1,1,1,1,1,-1,-1,1,1,1,-1,1,1,-1,1,-1,1,-1,1,-1,1,1,-1,0.0,-158.70541130021843,1
178,-1,1,-1,-1,-1,1,-1,1,-1,1,1,-1,-1,1,-1,-1,-1,1,-1,-1,1,-1,-1,1,-1,1,-1,-1,-1,-1,1,-1,1,-1,1,-1,1,-1,-1,1,0.0,-158.66413992206103,1
179,-1,1,-1,-1,-1,1,1,1,-1,1,1,-1,-1,1,1,-1,-1,1,1,-1,1,-1,-1,-1,-1,1,-1,-1,-1,-1,-1,1,1,-1,1,-1,1,-1,1,-1,0.0,-158.63582387176822,1
180,-1,1,-1,1,-1,1,-1,1,1,-1,1,1,1,-1,1,1,1,1,-1,-1,1,1,1,1,-1,1,-1,1,-1,-1,-1,1,1,-1,1,1,1,-1,-1,-1,0.0,-158.6111524164413,2
181,1,1,1,-1,1,1,1,-1,1,1,-1,-1,1,1,-1,-1,-1,-1,1,1,-1,-1,1,-1,1,1,1,-1,-1,1,1,-1,1,-1,1,-1,-1,1,1,1,0.0,-158.57994187339216,3
182,1,-1,1,-1,1,-1,1,-1,1,-1,1,1,1,-1,-1,1,1,-1,1,1,1,1,1,-1,1,-1,1,1,1,1,1,-1,-1,1,-1,-1,-1,1,-1,-1,0.025,-157.7782610494848,1
183,-1,1,-1,-1,-1,1,1,1,-1,1,-1,-1,-1,1,-1,-1,-1,1,1,-1,-1,-1,-1,-1,1,1,-1,-1,-1,-1,-1,1,1,-1,1,-1,1,-1,-1,-1,0.0,-158.4836252591602,1
184,-1,1,-1,-1,1,-1,-1,1,-1,-1,-1,1,1,-1,1,1,1,-1,-1,1,1,1,1,1,-1,-1,1,1,1,-1,-1,1,-1,1,-1,1,1,-1,-1,1,0.0,-158.47116333816163,1
185,1,-1,-1,1,1,-1,1,1,1,1,-1,1,1,-1,1,1,-1,-1,1,1,1,1,-1,-1,1,1,1,-1,1,1,-1,1,-1,1,-1,1,-1,1,1,-1,0.0,-158.4438469589383,1
186,-1,1,1,-1,-1,1,-1,-1,-1,-1,1,-1,-1,1,-1,-1,1,1,-1,-1,-1,-1,1,1,-1,-1,-1,1,-1,-1,1,-1,1,-1,1,-1,1,-1,-1,1,0.0,-158.4438469589383,1
187,1,-1,1,1,1,-1,1,-1,1,-1,1,1,1,-1,-1,1,1,-1,1,1,1,1,1,-1,1,-1,1,1,1,1,1,-1,-1,1,-1,-1,-1,1,-1,-1,0.025,-157.63202919968938,1
188,-1,-1,-1,1,1,-1,-1,1,-1,-1,1,1,-1,-1,1,1,1,-1,-1,-1,1,1,-1,1,-1,-1,-1,1,1,-1,-1,1,-1,1,-1,1,1,-1,-1,1,0.0,-158.4093024912309,1
189,1,1,1,-1,-1,1,1,-1,1,1,-1,-1,1,1,-1,-1,-1,1,1,1,-1,-1,1,-1,1,1,1,-1,-1,1,1,-1,1,-1,1,-1,-1,1,1,-1,0.0,-158.4093024912309,1
190,-1,-1,-1,1,1,-1,-1,-1,1,-1,1,1,1,-1,1,1,1,-1,-1,1,-1,1,1,1,-1,-1,1,1,1,-1,1,-1,-1,1,-1,1,-1,-1,1,1,0.0,-158.40243658734602,1
191,-1,-1,1,1,1,-1,-1,-1,1,-1,1,1,-1,-1,1,1,1,-1,-1,1,-1,1,1,1,-1,-1,1,1,1,-1,1,-1,-1,1,-1,1,-1,-1,1,1,0.0,-158.38526693020523,1
192,1,1,-1,-1,-1,1,-1,1,-1,1,1,1,-1,1,1,-1,-1,1,-1,-1,1,-1,-1,-1,-1,1,-1,-1,-1,-1,-1,1,1,-1,1,-1,1,-1,-1,-1,0.0,-158.36784938377048,1
193,1,-1,1,-1,1,-1,-1,-1,1,-1,1,1,1,1,-1,1,1,-1,1,1,-1,1,1,-1,1,-1,1,1,1,1,1,-1,-1,1,-1,-1,-1,1,-1,1,0.0,-158.33807273187094,1
194,1,1,1,-1,-1,1,1,1,1,1,1,-1,1,1,-1,-1,-1,1,1,-1,1,-1,-1,-1,1,1,-1,-1,-1,1,1,1,1,-1,1,-1,1,1,-1,-1,0.0,-158.33737467339202,1
195,-1,1,-1,-1,-1,1,-1,1,-1,1,-1,-1,-1,1,-1,-1,-1,1,-1,-1,-1,-1,-1,1,-1,1,-1,-1,-1,-1,1,1,1,-1,1,1,1,-1,-1,1,0.0,-158.31491995367531,1
196,1,-1,1,1,1,-1,1,-1,1,-1,1,1,1,-1,1,1,1,-1,1,1,1,1,1,-1,1,-1,1,1,1,1,-1,-1,-1,1,-1,-1,-1,1,1,-1,0.0,-158.31491995367531,1
197,1,-1,1,-1,1,-1,1,-1,1,-1,1,1,1,-1,1,1,1,-1,1,1,1,1,1,-1,1,1,1,1,1,1,-1,1,-1,1,-1,-1,-1,1,1,-1,0.0,-158.3144151750927,1
198,1,-1,1,1,1,-1,1,-1,1,-1,-1,1,1,-1,1,1,1,-1,1,1,1,1,-1,-1,1,1,1,-1,1,1,-1,1,-1,1,-1,1,-1,1,1,-1,0.0,-158.31213751586256,3
199,-1,1,-1,-1,-1,1,-1,1,-1,1,1,-1,-1,1,-1,-1,-1,1,-1,-1,-1,-1,1,1,-1,-1,-1,1,-1,-1,1,-1,1,-1,1,-1,1,-1,-1,1,0.0,-158.31213751586256,1
200,1,-1,1,1,1,-1,1,-1,1,-1,-1,1,1,-1,1,1,1,-1,1,1,-1,1,1,-1,1,-1,1,1,1,1,1,-1,-1,1,-1,1,-1,1,1,-1,0.0,-158.15097718390828,2
201,-1,1,-1,1,-1,1,1,1,-1,1,1,-1,-1,1,-1,-1,-1,1,-1,-1,-1,-1,-1,-1,1,1,-1,-1,-1,-1,-1,1,1,-1,1,-1,1,-1,-1,-1,0.0,-158.14392329835886,1
202,-1,1,-1,1,-1,1,1,1,1,-1,1,-1,-1,-1,1,1,1,1,1,-1,1,-1,-1,-1,-1,1,-1,-1,1,-1,-1,1,1,-1,1,1,1,-1,-1,-1,0.0,-158.1191928244449,2
203,-1,-1,-1,1,-1,1,-1,1,1,-1,1,1,-1,-1,1,1,1,1,1,-1,1,1,-1,-1,-1,-1,-1,1,1,-1,-1,1,-1,1,-1,1,1,-1,-1,-1,0.0,-158.07323658079764,1
204,-1,1,-1,-1,1,1,-1,-1,-1,1,1,-1,1,1,-1,-1,-1,1,-1,-1,-1,-1,1,1,-1,1,1,1,-1,-1,1,-1,1,-1,1,-1,1,-1,-1,1,0.0,-158.07010358511127,1
205,1,-1,1,1,-1,-1,1,1,1,-1,-1,1,-1,-1,1,1,1,-1,1,1,1,1,-1,-1,1,-1,-1,-1,1,1,-1,1,-1,1,-1,1,-1,1,1,-1,0.0,-158.07010358511127,1
206,1,-1,1,1,1,-1,1,-1,1,-1,1,1,1,1,-1,1,1,-1,1,1,-1,1,1,-1,1,-1,1,1,1,1,1,-1,-1,1,-1,-1,-1,1,-1,-1,0.0,-158.06297792420293,1
207,1,-1,1,1,-1,-1,1,-1,1,-1,1,1,1,-1,1,1,1,-1,1,1,1,1,1,-1,1,-1,1,1,1,1,-1,1,-1,1,-1,1,-1,1,1,-1,0.0,-158.03932724195838,1
208,1,-1,1,-1,1,-1,-1,-1,1,-1,1,1,1,1,-1,1,1,-1,1,1,1,1,1,-1,1,-1,1,1,1,1,1,-1,-1,1,-1,-1,-1,1,-1,1,0.0,-157.94608100424577,1
209,-1,1,1,-1,1,1,-1,-1,1,-1,1,-1,-1,-1,-1,1,1,1,-1,-1,-1,-1,1,1,-1,-1,-1,1,-1,-1,1,-1,-1,-1,1,1,1,-1,-1,1,0.0,-157.92278416074308,2
210,1,-1,1,-1,1,-1,-1,-1,1,-1,-1,1,1,-1,1,1,1,-1,-1,1,-1,1,1,1,1,-1,1,1,1,1,1,-1,-1,1,-1,1,-1,1,-1,1,0.0,-157.90704380889824,1
211,-1,1,-1,-1,1,1,-1,-1,-1,1,1,-1,-1,1,-1,-1,-1,1,-1,-1,-1,-1,1,1,-1,-1,-1,-1,-1,-1,1,-1,1,-1,1,-1,1,-1,-1,1,0.0,-157.84171400137606,1
212,1,-1,1,1,-1,-1,1,1,1,-1,-1,1,1,-1,1,1,1,-1,1,1,1,1,-1,-1,1,1,1,1,1,1,-1,1,-1,1,-1,1,-1,1,1,-1,0.0,-157.84171400137606,1
213,1,1,1,1,-1,1,1,1,1,1,-1,-1,-1,1,-1,-1,-1,1,1,-1,-1,-1,-1,-1,1,1,-1,-1,-1,1,1,-1,1,-1,1,-1,1,1,1,-1,0.0,-157.75923651245625,1
214,-1,1,-1,1,-1,1,1,1,-1,1,-1,-1,-1,-1,1,-1,-1,1,1,-1,1,-1,-1,1,-1,1,-1,-1,-1,-1,-1,1,1,-1,1,1,1,-1,1,-1,0.0,-157.74076834534614,1
215,-1,1,-1,1,-1,1,-1,1,-1,1,-1,-1,-1,-1,1,-1,-1,1,-1,-1,-1,-1,-1,1,-1,1,-1,-1,-1,-1,-1,1,1,-1,1,1,1,-1,1,-1,0.0,-157.73657818111505,1
216,1,1,1,-1,-1,1,1,-1,-1,1,1,-1,-1,1,-1,-1,-1,1,-1,-1,-1,-1,-1,-1,1,1,-1,-1,-1,1,1,-1,1,-1,1,-1,1,-1,-1,1,0.0,-157.6640994244104,1
217,-1,1,-1,1,-1,1,-1,1,1,-1,1,-1,1,-1,1,1,1,1,1,-1,1,1,1,-1,-1,1,-1,1,-1,-1,-1,1,1,-1,1,1,1,-1,-1,-1,0.0,-157.66046156724775,2
218,1,-1,1,1,-1,-1,1,1,1,-1,-1,1,1,-1,1,1,1,-1,1,1,1,1,1,-1,1,-1,1,1,1,1,-1,1,-1,1,-1,1,-1,1,1,-1,0.0,-157.659281631116,1
219,1,-1,1,1,1,-1,-1,-1,1,-1,-1,1,-1,-1,1,1,1,-1,-1,1,-1,1,1,1,-1,-1,1,1,1,1,1,-1,-1,1,-1,1,-1,1,1,1,0.0,-157.6311564844998,1
220,1,-1,1,1,1,-1,1,-1,1,-1,1,1,1,-1,1,1,1,-1,1,1,1,1,1,-1,1,1,1,1,1,1,-1,-1,-1,1,-1,-1,-1,1,1,-1,0.0,-157.54010721471371,2
221,-1,-1,1,1,1,-1,-1,-1,1,-1,1,1,1,-1,-1,1,1,-1,-1,1,-1,1,1,-1,1,-1,1,1,1,1,1,-1,-1,1,-1,1,-1,1,-1,1,0.0,-157.48124009697028,1
222,1,-1,1,-1,1,-1,1,-1,1,-1,1,1,1,-1,1,1,1,-1,1,1,1,1,1,-1,1,-1,1,1,1,1,1,-1,-1,1,-1,-1,-1,1,1,-1,0.0,-157.39477538251393,2
223,-1,1,-1,1,-1,1,-1,1,1,-1,1,1,1,-1,1,1,1,1,1,-1,1,1,1,-1,-1,1,-1,1,1,-1,-1,1,1,-1,1,1,1,-1,-1,-1,0.0,-157.36395806323787,1
224,1,1,1,-1,1,-1,-1,-1,-1,1,-1,1,1,-1,1,1,1,-1,-1,1,-1,1,1,1,-1,-1,1,1,-1,1,1,-1,-1,1,-1,1,-1,1,1,1,0.0,-157.3442319538094,1
225,1,1,-1,1,-1,1,1,1,-1,1,1,-1,-1,1,-1,-1,-1,1,1,-1,1,-1,-1,1,-1,1,-1,-1,-1,-1,-1,1,1,-1,1,-1,1,-1,-1,-1,0.0,-157.3386345602276,1
226,1,1,1,-1,1,1,1,-1,1,1,-1,-1,1,1,-1,-1,-1,-1,1,1,-1,-1,1,-1,1,1,1,-1,-1,1,1,-1,1,-1,1,-1,-1,1,1,-1,0.0,-157.32100692715514,1
227,1,-1,1,-1,1,-1,1,-1,1,-1,1,1,1,-1,-1,1,1,-1,1,1,1,1,1,-1,1,-1,1,1,1,1,1,-1,-1,1,-1,-1,-1,1,-1,1,0.025,-154.91881859224205,1
228,1,-1,1,-1,1,-1,1,-1,1,-1,1,1,1,1,-1,1,-1,-1,1,1,1,1,1,-1,1,-1,1,1,1,1,1,-1,-1,1,-1,-1,-1,1,-1,1,0.0,-157.25237389870452,1
229,-1,-1,-1,1,-1,-1,-1,1,-1,-1,1,1,-1,-1,1,1,1,-1,-1,-1,1,1,-1,-1,-1,-1,-1,1,1,-1,-1,1,-1,1,-1,-1,-1,-1,1,-1,0.0,-157.25109824134935,1
230,-1,1,-1,1,-1,1,1,1,1,-1,1,-1,-1,-1,1,-1,1,1,1,-1,1,-1,-1,-1,-1,1,-1,-1,1,-1,-1,1,1,-1,1,1,1,-1,-1,-1,0.0,-157.09459279107017,1
231,1,-1,1,-1,1,-1,-1,-1,-1,1,-1,1,1,1,-1,1,-1,-1,-1,1,-1,1,1,1,1,-1,1,1,-1,1,1,-1,-1,1,-1,-1,-1,1,1,1,0.0,-157.09459279107017,1
232,1,1,-1,1,-1,1,-1,1,1,-1,1,1,1,-1,1,1,-1,1,1,-1,1,1,1,1,-1,1,1,1,-1,-1,-1,1,1,-1,1,1,1,-1,-1,-1,0.0,-157.09337523042836,3
233,1,1,-1,1,-1,1,1,1,1,1,1,-1,-1,1,-1,-1,-1,1,1,-1,1,-1,-1,-1,1,1,-1,-1,-1,1,-1,1,1,-1,1,-1,1,1,-1,-1,0.0,-157.08375364739578,1
234,1,-1,1,1,1,-1,1,-1,1,-1,-1,1,1,-1,-1,1,1,-1,1,1,-1,1,1,-1,1,-1,1,1,1,1,1,-1,-1,1,-1,-1,-1,1,1,-1,0.0,-157.0653049787468,1
235,-1,1,-1,1,-1,1,-1,1,1,-1,1,1,1,-1,1,-1,1,1,-1,-1,1,1,1,-1,-1,1,-1,1,-1,-1,-1,1,1,-1,1,1,1,-1,-1,-1,0.0,-157.056804123441,1
236,1,1,1,-1,-1,1,1,-1,-1,1,-1,-1,1,1,-1,-1,-1,-1,1,1,-1,-1,-1,-1,1,1,1,-1,-1,1,1,-1,1,-1,1,-1,-1,1,1,-1,0.025,-165.17457132122706,1
237,1,-1,1,1,1,-1,1,-1,1,-1,1,1,1,-1,1,1,1,-1,1,1,1,1,1,-1,1,1,1,1,1,1,-1,-1,-1,1,-1,-1,-1,1,1,-1,0.025,-157.54010721471371,1
238,1,1,-1,-1,-1,1,1,1,1,1,1,-1,1,1,-1,-1,-1,1,1,-1,1,-1,-1,-1,1,1,-1,-1,-1,1,-1,1,1,-1,1,-1,1,1,-1,-1,0.0,-156.99401026137636,1
239,-1,-1,1,-1,1,-1,1,-1,1,-1,-1,1,1,-1,-1,1,1,-1,1,1,-1,1,1,-1,1,-1,1,1,1,1,1,-1,-1,1,-1,-1,-1,1,1,-1,0.0,-156.94110924110225,1
240,-1,1,-1,1,1,1,-1,1,1,-1,1,1,1,-1,1,1,1,1,1,-1,1,1,1,-1,-1,1,-1,1,-1,-1,-1,1,1,-1,1,1,1,-1,-1,-1,0.0,-156.94037837723005,1
241,1,1,1,-1,1,1,1,-1,1,1,-1,-1,1,1,-1,-1,-1,1,1,1,-1,-1,1,-1,1,1,1,-1,-1,1,1,-1,1,-1,1,-1,-1,1,1,1,0.0,-156.90048240840872,1
242,-1,1,1,-1,1,-1,-1,-1,-1,1,-1,-1,1,-1,-1,1,1,-1,-1,1,-1,1,1,1,1,-1,1,1,-1,1,1,-1,-1,1,-1,1,-1,1,1,1,0.0,-156.884855750077,1
243,-1,-1,1,-1,1,-1,-1,-1,-1,-1,1,-1,-1,-1,1,1,1,-1,-1,1,-1,1,1,1,-1,-1,1,1,1,-1,1,-1,-1,1,-1,1,-1,-1,1,1,0.0,-156.85394843386263,1
244,1,-1,1,-1,1,-1,-1,-1,1,-1,1,1,1,-1,1,1,1,-1,1,1,1,1,1,-1,1,-1,1,1,1,1,1,1,-1,1,-1,1,-1,1,-1,-1,0.0,-156.85194915628176,1
245,1,1,1,-1,-1,1,1,-1,1,1,-1,-1,1,1,-1,-1,-1,-1,1,1,-1,-1,1,1,1,1,1,-1,-1,1,1,-1,1,-1,1,-1,-1,1,1,1,0.0,-156.82931518131488,1
246,1,1,-1,1,-1,1,1,1,-1,1,1,-1,-1,1,1,-1,-1,1,1,-1,1,-1,-1,1,-1,1,-1,-1,-1,-1,-1,1,1,-1,1,-1,1,-1,-1,-1,0.0,-156.8290077343583,1
247,1,-1,1,1,-1,-1,1,1,1,-1,-1,1,1,-1,1,1,1,-1,1,1,1,1,1,-1,1,1,1,1,1,1,-1,1,-1,1,-1,-1,-1,1,1,-1,0.0,-156.80879924748646,1
248,-1,-1,1,1,1,-1,-1,-1,-1,-1,-1,1,1,-1,1,1,1,-1,-1,1,-1,1,1,1,-1,-1,1,1,1,-1,-1,-1,-1,1,-1,1,-1,-1,1,1,0.025,-157.27886680592232,1
249,-1,1,1,-1,1,1,-1,-1,1,-1,1,-1,-1,-1,-1,1,1,1,1,-1,-1,-1,1,1,-1,-1,-1,1,-1,-1,1,-1,1,-1,1,1,1,-1,-1,1,0.0,-156.761298600375,3
250,1,-1,-1,1,-1,-1,1,1,-1,1,-1,1,1,1,1,-1,-1,-1,-1,1,1,1,-1,-1,1,1,1,-1,1,1,-1,1,-1,1,-1,-1,-1,1,1,-1,0.0,-156.761298600375,1
251,1,-1,1,1,-1,-1,1,-1,1,-1,1,1,1,-1,1,1,1,-1,1,1,1,1,1,-1,1,-1,1,1,1,1,-1,-1,-1,1,-1,-1,-1,1,1,-1,0.0,-156.74347609856497,1
252,1,1,-1,1,-1,1,1,1,1,-1,1,1,-1,1,-1,-1,-1,1,1,-1,1,-1,-1,-1,1,1,-1,-1,-1,-1,-1,1,1,-1,1,-1,1,-1,-1,-1,0.0,-156.7122436185757,1
253,1,-1,1,1,1,-1,1,1,1,1,-1,1,1,-1,1,1,-1,-1,1,1,1,1,-1,-1,1,-1,1,-1,1,1,-1,1,-1,1,-1,1,-1,1,1,-1,0.025,-159.17765595628546,1
254,1,-1,1,-1,1,-1,1,-1,1,-1,-1,1,1,1,-1,1,1,-1,1,1,-1,1,1,-1,1,-1,1,1,1,1,1,-1,-1,1,-1,-1,-1,1,-1,1,0.0,-156.60528928637828,1
255,1,1,1,-1,-1,1,1,-1,1,1,1,-1,1,1,-1,-1,-1,1,1,-1,-1,-1,1,-1,1,1,1,1,-1,1,1,-1,1,-1,1,-1,-1,1,-1,-1,0.025,-162.0087463050175,1
256,-1,1,-1,1,1,1,-1,1,1,-1,1,1,1,-1,1,1,1,1,1,-1,1,1,1,1,-1,1,1,1,-1,-1,-1,1,1,-1,1,1,1,-1,-1,-1,0.0,-156.50661696572274,2
257,1,1,-1,1,-1,1,1,1,1,1,1,-1,1,-1,1,-1,-1,1,1,-1,1,-1,-1,-1,-1,1,-1,-1,-1,-1,-1,1,1,-1,1,1,1,-1,1,-1,0.0,-156.50050663330413,1
258,1,-1,1,1,1,-1,-1,-1,1,-1,1,1,1,-1,1,1,1,-1,1,1,1,1,1,-1,1,-1,1,1,1,1,-1,1,-1,1,-1,1,-1,1,-1,-1,0.0,-156.46357577173163,1
259,1,1,1,-1,-1,1,1,-1,1,1,-1,-1,1,1,-1,-1,-1,-1,1,1,-1,-1,1,1,1,1,1,1,-1,1,1,-1,1,-1,1,-1,-1,1,1,1,0.0,-156.46242261716304,2
260,1,1,1,1,-1,1,1,-1,1,1,1,-1,1,1,-1,-1,-1,1,1,-1,-1,-1,1,-1,1,1,1,1,-1,1,1,-1,1,-1,1,-1,-1,1,-1,-1,0.0,-156.44414649271513,2
261,-1,1,-1,1,-1,1,-1,1,1,-1,1,1,1,-1,1,1,1,1,-1,-1,1,1,1,-1,-1,1,-1,1,1,-1,-1,1,1,-1,1,1,1,-1,-1,-1,0.0,-156.37951895615043,2
262,-1,-1,1,1,1,-1,1,-1,1,-1,-1,1,-1,-1,-1,1,1,-1,1,1,-1,1,1,-1,1,-1,1,1,1,1,1,-1,-1,1,-1,-1,-1,1,1,-1,0.0,-156.28396617686684,1
263,1,1,1,-1,-1,1,1,-1,-1,1,-1,-1,1,1,-1,-1,-1,-1,1,1,-1,-1,1,-1,1,1,1,-1,-1,1,1,-1,1,-1,1,-1,-1,1,1,1,0.0,-156.26790108733934,1
264,1,1,-1,1,1,1,-1,1,1,-1,1,1,1,-1,1,1,1,1,1,-1,1,1,1,1,-1,1,-1,1,-1,-1,-1,1,1,-1,1,1,1,-1,-1,-1,0.0,-156.25879431759802,1
265,1,1,-1,-1,-1,1,1,1,-1,1,-1,-1,1,1,-1,-1,-1,-1,1,1,1,-1,-1,-1,1,1,-1,-1,-1,1,-1,1,1,-1,1,-1,1,1,1,-1,0.0,-156.1794862717007,1
266,1,-1,1,-1,1,-1,-1,-1,1,-1,1,1,1,-1,1,1,1,-1,-1,1,1,1,1,-1,1,1,1,1,1,1,-1,1,-1,1,-1,1,-1,1,-1,1,0.0,-156.1484447770644,1
267,-1,1,-1,1,1,1,-1,1,1,-1,1,1,1,-1,1,1,1,1,-1,-1,1,1,1,-1,-1,1,-1,1,-1,-1,-1,1,1,-1,1,1,1,-1,-1,-1,0.0,-156.14248779715336,1
268,1,-1,1,-1,1,-1,1,-1,1,-1,-1,1,1,-1,1,1,1,-1,1,1,1,1,1,-1,1,-1,1,1,1,1,-1,1,-1,1,-1,1,-1,1,-1,-1,0.0,-156.1368696441775,2
269,-1,-1,-1,1,-1,-1,-1,1,-1,-1,1,1,-1,-1,1,1,1,1,-1,-1,1,1,1,1,-1,-1,-1,1,-1,-1,-1,1,-1,1,-1,1,1,-1,-1,-1,0.0,-156.12944454158077,1
270,1,1,-1,-1,-1,1,1,1,-1,1,-1,-1,1,1,-1,-1,-1,-1,1,1,1,-1,-1,-1,1,1,-1,-1,-1,1,-1,1,1,-1,1,-1,1,1,1,-1,0.025,-156.1794862717007,1
271,-1,-1,1,-1,1,-1,-1,-1,1,-1,-1,1,1,-1,1,1,1,-1,1,1,1,1,1,1,-1,-1,1,1,1,1,1,1,-1,1,-1,1,-1,1,1,1,0.0,-156.09788052953348,1
272,1,-1,1,1,1,-1,1,-1,1,-1,1,1,1,-1,-1,1,1,-1,1,1,-1,1,1,-1,1,-1,1,1,1,1,1,-1,-1,1,-1,-1,-1,1,-1,-1,0.025,-155.22752809131646,1
273,1,-1,1,1,1,-1,-1,-1,1,-1,1,1,1,-1,-1,1,1,-1,1,1,-1,1,1,1,1,-1,1,1,1,1,1,-1,-1,1,-1,1,-1,1,-1,1,0.0,-156.02231883100373,1
274,-1,-1,-1,-1,1,-1,-1,-1,-1,-1,1,1,-1,-1,1,1,1,-1,-1,1,1,1,1,1,-1,-1,-1,1,1,-1,-1,-1,-1,1,-1,-1,1,-1,-1,1,0.0,-156.0127001204509,1
275,-1,-1,1,1,1,-1,1,-1,1,-1,-1,1,1,-1,1,1,1,-1,1,1,-1,1,1,-1,1,-1,1,1,1,1,1,-1,-1,1,-1,1,-1,1,1,-1,0.0,-156.0119753434021,1
276,-1,-1,1,1,1,-1,-1,-1,1,-1,-1,1,-1,-1,-1,1,1,-1,-1,1,-1,1,1,1,-1,-1,1,1,1,-1,1,-1,-1,1,-1,1,-1,1,-1,1,0.0,-155.9751132878892,1
277,1,1,-1,-1,-1,1,-1,1,-1,-1,1,1,-1,1,1,-1,-1,1,-1,-1,1,-1,-1,1,-1,1,-1,-1,-1,-1,-1,1,1,-1,1,-1,1,-1,-1,1,0.0,-155.9747861294324,1
278,-1,-1,1,1,1,-1,1,-1,1,1,-1,-1,1,-1,-1,1,1,-1,1,1,-1,1,1,-1,1,-1,1,1,1,1,1,-1,-1,1,-1,1,-1,1,1,-1,0.0,-155.9747861294324,1
279,-1,1,-1,-1,-1,1,-1,1,-1,1,-1,-1,-1,1,-1,-1,-1,1,-1,-1,-1,-1,-1,1,-1,1,-1,-1,-1,-1,1,-1,1,-1,1,1,1,-1,-1,1,0.025,-159.70293980611498,1
280,1,1,-1,1,-1,1,-1,1,1,-1,1,1,1,-1,1,1,-1,1,1,-1,1,1,1,1,-1,1,-1,1,-1,-1,-1,1,1,-1,1,1,1,-1,-1,-1,0.0,-155.93837475997543,1
281,-1,-1,-1,1,-1,1,1,1,1,-1,1,-1,-1,-1,1,1,-1,1,1,-1,1,-1,-1,-1,-1,1,-1,-1,1,-1,-1,1,1,-1,1,1,1,-1,-1,-1,0.0,-155.9037825354887,2
282,-1,-1,-1,1,1,-1,-1,1,-1,-1,-1,1,1,-1,1,1,1,-1,-1,1,-1,1,1,1,-1,-1,1,1,1,-1,-1,1,-1,1,-1,1,1,-1,1,1,0.0,-155.8942387980881,1
283,1,1,1,-1,1,1,1,-1,1,1,-1,-1,1,1,-1,-1,-1,1,-1,1,-1,-1,1,1,1,1,1,1,-1,1,1,-1,1,-1,1,-1,1,1,-1,1,0.0,-155.86733373205792,1
284,-1,1,-1,1,-1,1,-1,1,1,-1,1,-1,1,-1,1,1,1,1,1,-1,1,1,1,1,-1,1,-1,1,-1,-1,-1,1,1,-1,1,1,1,-1,-1,-1,0.0,-155.82437812060488,1
285,-1,1,-1,1,-1,1,1,1,1,-1,1,1,-1,1,-1,-1,-1,1,1,-1,1,-1,-1,-1,1,1,-1,-1,1,-1,-1,1,1,-1,1,-1,1,-1,-1,-1,0.0,-155.80277596367557,1
286,-1,1,-1,1,-1,1,-1,1,1,-1,1,-1,1,-1,1,1,1,1,1,-1,1,1,1,1,-1,1,1,1,-1,-1,-1,1,1,-1,1,1,1,-1,-1,-1,0.0,-155.79685247236898,3
287,1,1,1,-1,1,1,1,-1,1,1,-1,-1,1,1,-1,-1,-1,1,1,1,-1,-1,1,-1,1,1,1,-1,-1,1,1,-1,1,-1,1,-1,-1,1,-1,-1,0.0,-155.78246909986305,1
288,1,1,1,1,-1,1,1,1,1,1,-1,-1,1,1,-1,-1,-1,1,1,-1,-1,-1,-1,-1,1,1,1,-1,-1,1,1,1,1,-1,1,-1,-1,1,-1,-1,0.0,-155.77850391714523,1
289,1,-1,1,1,1,-1,-1,-1,1,-1,-1,1,1,-1,1,1,1,-1,-1,1,-1,1,1,1,-1,-1,1,1,-1,-1,1,-1,-1,1,-1,1,-1,1,1,1,0.0,-155.76931876643758,1
290,-1,1,-1,-1,1,1,-1,-1,1,-1,1,-1,-1,1,-1,-1,1,1,-1,-1,-1,-1,1,1,-1,-1,-1,1,-1,-1,1,-1,1,-1,1,-1,1,-1,-1,1,0.0,-155.72170408020173,1
291,-1,-1,1,-1,1,-1,-1,-1,1,-1,-1,1,1,1,-1,1,-1,-1,-1,1,-1,1,1,1,1,-1,1,1,1,1,1,-1,-1,1,-1,-1,-1,1,-1,1,0.0,-155.72088819333285,1
292,-1,-1,1,-1,1,-1,-1,-1,1,-1,-1,1,-1,-1,-1,1,1,-1,-1,1,-1,1,1,1,1,-1,1,1,1,1,1,-1,-1,1,-1,-1,-1,1,-1,1,0.025,-155.34244166738782,1
293,1,1,1,-1,-1,1,1,-1,1,1,-1,-1,1,1,-1,-1,-1,1,1,-1,-1,-1,-1,-1,1,1,1,-1,-1,1,1,-1,1,-1,1,-1,-1,1,-1,1,0.0,-155.67578502280145,1
294,1,-1,1,1,1,-1,1,-1,1,-1,-1,1,1,1,-1,1,1,-1,1,1,-1,1,1,-1,1,-1,1,1,1,1,1,-1,-1,1,-1,-1,-1,1,1,1,0.0,-155.6721679148572,1
295,-1,1,-1,-1,-1,1,-1,1,-1,1,1,-1,-1,-1,1,-1,-1,1,-1,-1,1,-1,-1,1,-1,1,-1,-1,-1,-1,-1,1,1,-1,1,1,1,-1,-1,-1,0.0,-155.6721679148572,1
296,-1,1,-1,1,-1,1,-1,1,1,-1,1,1,1,-1,1,1,1,1,-1,-1,1,1,1,-1,-1,1,-1,1,1,-1,-1,1,-1,-1,1,1,1,-1,-1,-1,0.025,-154.64474673102285,1
297,1,1,1,-1,1,1,1,-1,-1,1,-1,-1,1,1,-1,-1,-1,1,-1,1,-1,-1,1,1,1,1,1,-1,-1,1,1,-1,1,-1,1,-1,1,1,-1,1,0.0,-155.64954563894608,1
298,-1,1,-1,1,-1,1,-1,1,1,-1,1,1,1,-1,1,1,1,1,1,-1,1,1,1,1,-1,1,1,1,-1,-1,-1,1,1,-1,1,1,1,-1,-1,-1,0.0,-155.60517612665058,3
299,-1,1,-1,1,-1,1,1,1,-1,1,1,-1,1,1,-1,-1,-1,1,1,-1,1,-1,-1,-1,1,1,-1,-1,-1,-1,-1,1,1,-1,1,-1,1,-1,-1,-1,0.0,-155.5591540908577,1
300,1,-1,1,1,1,-1,1,-1,1,-1,1,1,1,-1,1,1,1,-1,1,1,1,1,1,-1,1,1,1,1,1,1,-1,1,-1,1,-1,-1,-1,1,1,-1,0.025,-161.89239866094377,1
301,1,-1,1,-1,1,-1,-1,-1,1,-1,1,1,1,-1,1,1,-1,-1,-1,1,1,1,1,1,-1,-1,1,1,1,1,1,-1,-1,1,-1,1,-1,1,-1,1,0.0,-155.5375065976658,1
302,-1,1,-1,-1,-1,1,-1,-1,-1,1,1,-1,-1,1,-1,-1,-1,1,-1,-1,-1,-1,1,1,-1,-1,-1,1,-1,-1,1,-1,1,-1,1,1,1,-1,-1,1,0.0,-155.52216175927384,1
303,1,1,1,-1,-1,1,1,-1,1,1,1,-1,1,1,-1,-1,-1,1,1,1,-1,-1,1,-1,1,1,1,1,-1,1,1,-1,1,-1,1,-1,-1,1,-1,-1,0.0,-155.48082062637397,5
304,-1,-1,-1,1,1,-1,-1,-1,-1,-1,1,1,-1,-1,1,1,1,-1,-1,1,-1,1,1,1,-1,-1,-1,1,1,-1,-1,-1,-1,1,-1,1,-1,-1,1,1,0.0,-155.47414125452605,1
305,1,1,-1,1,-1,1,1,1,1,1,1,-1,-1,-1,1,1,-1,1,1,-1,1,-1,-1,1,-1,1,-1,-1,-1,-1,-1,1,1,-1,1,1,1,-1,1,-1,0.0,-155.46510354112084,1
306,1,-1,1,1,1,-1,1,-1,1,-1,1,1,1,-1,1,1,1,-1,1,1,-1,1,1,-1,1,-1,1,1,1,1,1,-1,-1,1,-1,1,-1,1,1,-1,0.0,-155.45622803429626,2
307,-1,1,-1,-1,1,1,-1,-1,-1,-1,1,-1,-1,1,-1,-1,1,1,-1,-1,-1,-1,1,1,-1,-1,-1,-1,-1,-1,1,-1,1,-1,1,-1,1,-1,-1,1,0.0,-155.43753806953484,1
308,1,-1,1,1,1,-1,1,-1,1,-1,-1,1,1,-1,1,1,1,-1,1,1,1,1,1,-1,1,1,1,1,-1,1,-1,1,-1,1,-1,-1,-1,1,1,-1,0.0,-155.3519721712601,3
309,1,1,1,-1,1,1,1,-1,1,1,-1,-1,1,1,-1,-1,-1,1,1,1,-1,-1,1,1,1,1,1,-1,-1,1,1,-1,1,-1,1,1,1,1,1,1,0.0,-155.3514616924557,1
310,1,-1,1,1,1,-1,1,-1,1,-1,-1,1,1,-1,1,1,1,-1,1,1,1,1,1,-1,1,-1,1,1,1,1,1,-1,-1,1,-1,-1,-1,1,1,-1,0.0,-155.33194412042678,1
311,1,1,1,-1,-1,1,1,-1,-1,1,-1,-1,1,1,-1,-1,-1,-1,1,1,-1,-1,1,1,1,1,1,1,-1,1,1,-1,1,-1,1,-1,-1,1,1,1,0.025,-157.02099068086784,1
312,1,-1,-1,1,-1,-1,1,1,-1,1,-1,1,1,1,1,-1,-1,-1,1,1,1,1,-1,-1,1,1,1,-1,1,1,-1,1,1,1,-1,1,-1,1,1,-1,0.0,-155.20974903642804,1
313,-1,1,1,-1,1,1,-1,-1,1,-1,1,-1,-1,-1,-1,1,1,1,-1,-1,-1,-1,1,1,-1,-1,-1,1,-1,-1,1,-1,-1,-1,1,-1,1,-1,-1,1,0.0,-155.20974903642804,1
314,1,1,1,-1,-1,1,1,-1,1,1,1,-1,1,1,-1,-1,-1,-1,1,1,-1,-1,1,-1,1,1,1,1,-1,1,1,-1,1,-1,1,-1,-1,1,1,-1,0.0,-155.19905012498594,1
315,1,-1,1,1,-1,-1,1,-1,1,-1,1,1,1,-1,1,1,1,-1,1,1,1,1,-1,-1,1,-1,-1,1,1,1,-1,1,-1,1,-1,-1,-1,1,1,-1,0.0,-155.1786694196802,1
316,1,-1,1,-1,1,-1,1,-1,1,-1,1,1,1,-1,1,1,1,-1,1,1,1,1,1,-1,1,1,1,1,1,1,1,-1,-1,1,-1,-1,-1,1,1,-1,0.025,-155.71912016172806,1
317,1,1,-1,1,-1,1,-1,1,1,-1,1,1,1,-1,1,1,1,1,1,-1,1,1,1,1,-1,1,1,1,-1,-1,-1,1,1,-1,1,1,1,-1,-1,-1,0.0,-155.11296189086582,4
318,-1,-1,1,-1,1,-1,1,-1,1,-1,-1,1,-1,-1,-1,1,1,-1,-1,1,-1,1,1,-1,1,-1,1,1,1,1,1,-1,-1,1,-1,-1,-1,1,-1,1,0.025,-152.74281782217648,1
319,-1,1,-1,-1,1,1,-1,-1,1,-1,1,-1,-1,-1,-1,1,1,1,1,-1,-1,-1,1,1,-1,-1,-1,1,-1,-1,1,-1,1,-1,1,1,1,-1,-1,1,0.0,-155.09309648618094,2
320,-1,1,-1,1,-1,1,1,1,1,-1,1,-1,-1,-1,1,-1,1,1,1,-1,1,-1,-1,-1,-1,1,-1,-1,1,-1,-1,1,1,-1,1,1,1,-1,1,-1,0.0,-155.07755324154934,1
321,-1,-1,-1,1,1,-1,-1,1,-1,-1,-1,1,-1,-1,1,1,1,-1,-1,1,-1,1,1,1,-1,-1,1,1,1,-1,-1,-1,-1,1,-1,1,-1,-1,1,1,0.0,-155.0432562457659,1
322,-1,1,-1,1,-1,1,1,1,-1,-1,1,-1,-1,1,-1,-1,1,1,1,-1,1,-1,-1,-1,-1,1,-1,-1,1,-1,-1,1,1,-1,1,-1,1,-1,-1,-1,0.0,-154.96208054161167,1
323,1,-1,-1,1,-1,-1,1,1,1,-1,-1,1,1,-1,1,1,1,-1,1,1,1,1,1,-1,1,1,1,1,1,1,-1,1,-1,1,-1,1,-1,1,1,-1,0.0,-154.94618033249347,1
324,1,-1,1,1,-1,-1,1,-1,1,-1,1,1,1,-1,1,1,1,-1,1,1,1,1,1,-1,1,1,1,1,1,1,-1,1,-1,1,-1,1,-1,1,1,-1,0.0,-154.92142199674052,1
325,-1,1,-1,-1,-1,1,1,1,1,-1,1,-1,-1,1,-1,-1,-1,1,1,-1,1,-1,-1,-1,1,1,-1,-1,-1,-1,-1,1,1,-1,1,-1,1,-1,-1,-1,0.0,-154.90167226053273,1
326,-1,1,-1,1,-1,1,1,1,1,-1,1,-1,-1,-1,1,-1,1,1,1,-1,1,-1,-1,-1,-1,1,-1,-1,-1,-1,-1,1,1,-1,1,1,1,-1,1,-1,0.0,-154.8971117500586,1
327,-1,1,-1,1,-1,1,-1,1,1,-1,1,1,1,-1,1,1,1,1,1,-1,1,1,1,1,-1,1,-1,1,-1,-1,-1,1,1,-1,1,1,1,-1,1,-1,0.0,-154.83957626881502,1
328,-1,-1,1,1,1,-1,-1,-1,1,-1,-1,-1,1,-1,1,1,1,-1,-1,1,-1,1,1,1,-1,-1,1,1,1,-1,1,-1,-1,1,-1,1,-1,1,1,1,0.0,-154.83007658086578,1
329,-1,1,-1,1,-1,1,-1,1,1,-1,1,-1,1,-1,1,1,-1,1,1,-1,1,1,1,1,-1,1,1,1,-1,-1,-1,1,1,-1,1,1,1,-1,-1,-1,0.0,-154.7971556254248,1
330,1,-1,1,-1,1,-1,-1,-1,-1,1,-1,1,1,1,-1,1,1,-1,-1,1,-1,1,1,1,1,-1,1,1,-1,1,1,-1,-1,1,-1,-1,-1,1,1,1,0.0,-154.7946226301964,1
331,1,1,-1,1,-1,1,1,1,-1,-1,1,1,1,1,-1,-1,-1,1,1,-1,1,-1,-1,-1,1,1,-1,-1,-1,-1,-1,1,1,-1,1,-1,1,-1,-1,-1,0.0,-154.78614029144057,1
332,-1,-1,1,-1,1,-1,1,-1,1,-1,-1,1,1,-1,-1,1,1,-1,-1,1,-1,1,1,-1,1,-1,1,1,1,1,1,-1,-1,1,-1,-1,-1,1,-1,-1,0.025,-153.94969837634858,1
333,1,-1,1,-1,1,-1,1,-1,1,-1,1,1,1,-1,1,1,1,-1,-1,1,1,1,1,-1,1,1,1,1,1,1,-1,1,-1,1,-1,-1,-1,1,-1,-1,0.0,-154.7064130892852,1
334,-1,1,-1,1,-1,1,1,1,1,-1,1,1,1,1,-1,-1,-1,1,1,-1,1,-1,-1,-1,1,1,-1,-1,-1,-1,-1,1,1,-1,1,-1,1,-1,-1,-1,0.0,-154.6946282581868,1
335,-1,1,-1,1,-1,1,-1,1,1,-1,1,1,1,-1,1,1,1,1,-1,-1,1,1,1,-1,-1,1,-1,1,1,-1,-1,1,-1,-1,1,1,1,-1,-1,-1,0.0,-154.64474673102285,1
336,1,1,1,-1,-1,1,1,1,-1,1,-1,-1,1,1,-1,-1,-1,-1,1,1,-1,-1,-1,-1,1,1,1,-1,-1,1,1,-1,1,-1,1,-1,-1,1,1,-1,0.0,-154.6314397777619,1
337,1,-1,1,1,1,-1,1,-1,1,-1,-1,1,1,-1,1,1,1,-1,1,1,1,1,-1,-1,1,1,1,-1,1,1,-1,1,-1,1,-1,1,-1,1,1,1,0.0,-154.60917642063714,1
338,-1,1,-1,1,-1,1,-1,1,1,-1,1,1,1,-1,1,1,1,1,1,-1,1,1,1,-1,-1,1,-1,1,1,-1,-1,1,-1,-1,1,1,1,-1,-1,-1,0.025,-153.5264876392477,1
339,1,1,1,-1,-1,1,1,1,-1,1,1,-1,1,1,-1,-1,-1,1,1,-1,1,-1,-1,-1,1,1,-1,-1,-1,1,-1,1,1,-1,1,-1,1,1,-1,-1,0.0,-154.45887320602432,1
340,1,-1,1,1,-1,-1,1,-1,1,-1,1,1,1,-1,1,1,1,-1,1,1,1,1,-1,-1,1,1,1,1,1,1,-1,1,-1,1,-1,-1,-1,1,1,-1,0.0,-154.44418022107777,1
341,-1,-1,-1,1,1,-1,-1,1,-1,-1,1,1,-1,-1,1,1,1,-1,-1,1,1,1,1,-1,-1,1,-1,1,1,-1,-1,1,-1,1,-1,1,1,-1,1,-1,0.0,-154.38983066059137,1
342,1,-1,1,1,-1,-1,1,-1,1,-1,1,1,1,-1,1,1,1,-1,1,1,1,1,-1,-1,1,-1,1,1,1,1,-1,1,-1,1,-1,1,-1,1,1,-1,0.0,-154.37894141991995,1
343,1,1,1,-1,1,1,1,-1,1,1,-1,-1,1,1,-1,-1,-1,1,1,1,-1,-1,1,-1,1,1,1,-1,-1,1,1,-1,1,-1,1,-1,-1,1,-1,1,0.0,-154.31186322906564,1
344,-1,1,-1,1,1,1,-1,1,1,-1,1,1,-1,-1,1,1,1,1,1,-1,1,1,1,1,-1,1,-1,1,-1,-1,-1,1,1,-1,1,1,1,-1,-1,-1,0.0,-154.25282501999948,2
345,1,1,1,-1,1,1,1,-1,1,1,-1,-1,-1,1,-1,-1,-1,1,-1,1,-1,-1,1,1,1,1,1,-1,-1,1,1,-1,1,-1,1,-1,1,1,-1,1,0.0,-154.24511709952085,1
346,-1,1,-1,1,-1,1,-1,1,-1,1,1,-1,-1,1,-1,-1,-1,1,-1,-1,-1,-1,-1,1,-1,-1,-1,-1,-1,-1,1,-1,1,-1,1,1,1,-1,-1,-1,0.0,-154.2261539978303,1
347,1,1,1,-1,-1,1,1,-1,1,1,-1,-1,1,1,-1,-1,-1,1,1,1,-1,-1,-1,1,1,1,1,-1,-1,1,1,-1,1,-1,1,-1,-1,1,1,-1,0.0,-154.20616169957745,1
348,1,-1,1,1,1,-1,-1,-1,1,-1,-1,1,1,-1,1,1,1,-1,1,1,1,1,1,-1,1,-1,1,1,1,1,-1,1,-1,1,-1,1,-1,1,1,-1,0.0,-154.20379831678738,2
349,1,1,1,-1,-1,1,1,-1,1,1,1,-1,1,1,-1,-1,-1,1,1,-1,1,-1,1,-1,1,1,1,1,-1,1,1,-1,1,-1,1,-1,1,1,-1,-1,0.0,-154.1793438569206,1
350,-1,-1,1,-1,1,-1,1,-1,1,-1,1,1,1,-1,-1,1,1,-1,1,1,-1,1,1,-1,1,-1,1,1,1,1,1,-1,-1,1,-1,-1,-1,1,1,-1,0.0,-154.1010453722758,1
351,1,-1,1,1,1,-1,1,-1,1,-1,1,1,1,-1,1,1,1,-1,1,1,1,1,1,-1,1,-1,1,1,1,1,1,-1,-1,1,-1,-1,-1,1,1,-1,0.025,-157.60041288019954,1
352,-1,-1,-1,1,1,-1,-1,1,-1,-1,-1,1,-1,-1,1,1,1,-1,-1,1,-1,1,-1,1,-1,-1,-1,-1,1,-1,-1,1,-1,1,-1,1,1,-1,1,1,0.0,-154.01145757154524,1
353,-1,1,-1,-1,-1,1,-1,-1,-1,-1,1,1,-1,1,-1,-1,1,1,-1,-1,-1,-1,1,1,-1,-1,-1,1,-1,-1,1,-1,1,-1,1,-1,1,-1,-1,1,0.0,-153.92417836808352,1
354,-1,1,-1,1,-1,1,-1,1,1,-1,1,-1,1,-1,1,1,1,1,1,-1,1,1,1,-1,-1,1,1,1,-1,-1,-1,1,1,-1,1,1,1,-1,-1,-1,0.0,-153.87901712648767,2
355,-1,-1,-1,1,1,-1,-1,1,-1,-1,-1,1,-1,-1,1,1,1,-1,-1,1,1,1,-1,-1,-1,-1,-1,-1,1,-1,-1,1,-1,1,-1,1,1,-1,1,1,0.0,-153.8721894646203,1
356,1,1,1,1,-1,1,1,1,1,1,1,-1,1,1,-1,-1,-1,1,1,-1,-1,-1,-1,-1,1,1,1,-1,-1,1,1,-1,1,-1,1,-1,-1,1,1,-1,0.0,-153.8555292332811,1
357,1,1,1,-1,-1,1,1,-1,1,-1,1,-1,1,1,-1,-1,-1,1,1,-1,-1,-1,1,1,1,1,1,1,-1,1,1,-1,1,-1,1,-1,-1,1,-1,1,0.0,-153.74561774781426,1
358,-1,1,-1,1,-1,1,-1,1,-1,-1,1,1,1,-1,1,-1,1,1,-1,-1,1,1,1,1,-1,1,-1,1,-1,-1,-1,1,1,-1,1,1,1,-1,-1,1,0.0,-153.72124256682025,1
359,1,-1,1,-1,1,-1,-1,-1,-1,1,-1,1,1,1,-1,-1,-1,-1,-1,1,-1,1,1,1,1,-1,1,1,-1,1,1,-1,-1,1,-1,-1,-1,1,-1,1,0.0,-153.67269208010234,1
360,1,1,1,-1,-1,1,1,-1,1,1,-1,-1,-1,1,-1,-1,-1,1,1,-1,-1,-1,-1,-1,1,1,1,-1,-1,1,1,-1,1,-1,1,-1,-1,1,1,-1,0.025,-157.7315394314487,1
361,1,1,1,-1,-1,1,1,-1,1,1,1,-1,1,1,-1,-1,-1,1,1,1,-1,-1,1,1,1,1,1,1,-1,1,1,-1,1,-1,1,-1,-1,1,-1,1,0.0,-153.56180731874088,1
362,1,1,1,-1,1,1,1,-1,1,1,1,-1,1,1,-1,-1,-1,1,1,-1,-1,-1,1,1,1,1,1,1,-1,1,1,-1,1,-1,1,-1,1,-1,-1,1,0.0,-153.49443838914053,1
363,1,1,-1,1,-1,1,-1,1,1,-1,1,1,1,-1,1,1,1,1,-1,-1,1,1,1,-1,-1,1,-1,1,-1,-1,-1,1,1,-1,1,1,1,-1,-1,-1,0.0,-153.44601558008668,1
364,-1,1,1,-1,1,1,-1,-1,1,-1,1,-1,-1,-1,-1,1,1,1,-1,-1,-1,-1,1,1,-1,1,-1,1,-1,-1,1,-1,1,-1,1,1,1,-1,-1,1,0.0,-153.44144873866924,1
365,-1,-1,-1,1,1,-1,-1,1,1,-1,-1,1,-1,-1,1,1,1,1,-1,-1,1,1,1,1,-1,-1,-1,-1,1,-1,-1,1,-1,1,-1,1,1,-1,-1,1,0.025,-151.27955546001354,1
366,-1,1,-1,-1,1,1,-1,-1,1,-1,1,-1,-1,1,-1,-1,1,1,-1,-1,-1,-1,1,1,-1,1,-1,1,-1,-1,1,-1,1,-1,1,-1,1,-1,-1,1,0.0,-153.368247411347,1
367,-1,1,-1,1,1,1,-1,1,1,-1,1,1,1,-1,1,1,1,1,1,-1,1,1,1,1,-1,1,1,1,-1,-1,-1,1,1,-1,1,1,1,-1,-1,1,0.0,-153.36512373761576,1
368,1,1,-1,-1,-1,1,-1,1,-1,1,1,1,1,1,1,-1,-1,1,-1,-1,1,-1,1,1,-1,1,1,-1,-1,-1,-1,1,1,-1,1,-1,1,-1,-1,1,0.0,-153.35010907800032,1
369,1,1,1,-1,-1,1,1,-1,-1,1,1,-1,1,1,-1,-1,-1,-1,1,1,-1,-1,1,-1,1,1,1,1,-1,1,1,-1,1,-1,1,-1,-1,1,1,1,0.0,-153.32536722034376,1
370,-1,-1,1,-1,1,-1,1,-1,1,-1,1,1,1,1,-1,1,1,-1,-1,1,-1,1,1,-1,1,-1,1,1,1,1,1,-1,-1,1,-1,-1,-1,1,-1,1,0.0,-153.31521559439634,1
371,1,-1,1,1,1,-1,-1,-1,1,-1,-1,1,1,-1,1,1,1,-1,-1,1,1,1,1,1,-1,-1,1,1,1,1,1,-1,-1,1,-1,1,-1,1,-1,1,0.0,-153.31074171991128,1
372,-1,1,1,-1,-1,1,-1,-1,-1,-1,1,-1,-1,1,-1,-1,1,1,-1,-1,-1,-1,1,1,-1,-1,-1,1,-1,-1,1,-1,1,-1,1,-1,1,-1,-1,1,0.025,-158.4438469589383,1
373,-1,-1,1,1,1,-1,-1,-1,1,-1,1,1,-1,-1,1,1,1,-1,-1,1,-1,1,1,1,-1,-1,1,1,1,1,1,-1,-1,1,-1,1,-1,1,1,1,0.0,-153.2836430364443,1
374,-1,1,-1,-1,-1,1,-1,1,-1,-1,1,1,-1,1,-1,-1,1,1,-1,-1,1,-1,1,1,-1,1,-1,1,-1,-1,-1,1,1,-1,1,-1,1,-1,-1,1,0.0,-153.26831345067586,1
375,1,1,1,1,-1,1,1,-1,1,1,1,-1,1,1,-1,-1,-1,1,1,-1,-1,-1,1,-1,1,1,1,1,-1,1,1,-1,1,-1,1,-1,-1,1,1,-1,0.0,-153.26662333541344,1
376,1,1,1,-1,1,1,1,-1,-1,1,-1,-1,-1,1,-1,-1,-1,-1,-1,1,-1,-1,-1,1,1,1,1,-1,-1,1,1,-1,1,-1,1,-1,-1,1,1,1,0.0,-153.25232336543706,1
377,-1,1,-1,1,1,-1,-1,1,1,-1,1,1,1,-1,1,1,1,1,-1,-1,1,1,1,1,-1,-1,1,1,1,-1,-1,1,-1,1,-1,1,1,-1,-1,-1,0.0,-153.22058602061054,1
378,1,-1,1,1,-1,-1,1,1,1,-1,-1,-1,1,-1,1,1,1,-1,1,1,1,1,-1,-1,1,1,1,-1,1,1,-1,1,-1,1,-1,1,-1,1,1,-1,0.0,-153.21786558695956,1
379,1,1,1,-1,-1,1,1,-1,1,1,1,-1,-1,1,-1,-1,-1,1,1,-1,-1,-1,1,-1,1,1,1,1,-1,1,1,-1,1,-1,1,-1,1,1,-1,-1,0.0,-153.18785237191943,1
380,1,-1,1,-1,1,-1,-1,-1,1,-1,-1,1,1,-1,1,1,1,-1,1,1,1,1,1,1,1,-1,1,1,1,1,1,-1,-1,1,-1,1,-1,1,1,1,0.0,-153.14783093530104,1
381,-1,1,-1,1,-1,1,1,1,-1,1,1,-1,-1,1,-1,-1,-1,1,-1,-1,-1,-1,-1,-1,-1,1,-1,-1,-1,-1,-1,1,1,-1,1,-1,1,-1,-1,-1,0.0,-153.14783093530104,1
382,1,1,-1,-1,-1,1,1,-1,1,1,1,-1,1,1,-1,-1,-1,1,1,-1,-1,-1,1,-1,1,1,1,1,-1,1,1,-1,1,-1,1,-1,-1,1,-1,-1,0.0,-153.13381769362434,1
383,1,1,-1,1,-1,1,-1,1,1,-1,1,-1,1,-1,1,1,-1,1,1,-1,1,1,1,1,-1,1,1,1,-1,-1,-1,1,1,-1,1,1,1,-1,-1,-1,0.0,-153.09602962679685,1
384,1,1,-1,-1,1,1,1,-1,1,1,1,-1,1,1,-1,-1,-1,1,1,-1,-1,-1,1,1,1,1,1,1,-1,1,1,-1,1,-1,1,-1,1,-1,-1,1,0.0,-153.06619919131086,1
385,-1,1,-1,1,-1,1,-1,1,1,-1,1,-1,1,-1,1,1,1,1,1,-1,1,1,-1,-1,-1,1,-1,1,-1,-1,-1,1,1,-1,1,1,1,-1,-1,-1,0.0,-152.99259612836624,1
386,-1,-1,-1,1,1,-1,-1,-1,-1,-1,-1,1,1,-1,1,1,1,-1,-1,1,1,1,1,1,-1,-1,1,1,1,-1,-1,1,-1,1,-1,1,-1,-1,1,1,0.025,-157.97164373353738,1
387,-1,1,-1,-1,-1,1,-1,-1,-1,-1,1,-1,-1,1,-1,-1,1,1,-1,-1,-1,-1,1,1,1,1,-1,1,-1,-1,1,-1,1,-1,1,-1,1,-1,-1,1,0.0,-152.9503007774736,1
388,1,-1,1,1,-1,-1,-1,1,1,-1,-1,1,1,-1,1,1,1,-1,1,1,1,1,1,-1,1,-1,1,1,1,1,-1,1,-1,1,-1,1,-1,1,1,-1,0.0,-152.90806028570856,1
389,-1,1,-1,-1,1,1,-1,-1,1,-1,1,-1,-1,-1,-1,1,1,1,1,-1,-1,-1,1,1,-1,-1,-1,1,-1,-1,1,-1,1,-1,1,-1,1,-1,-1,1,0.0,-152.87871064383597,1
390,-1,1,-1,1,-1,1,-1,1,1,-1,1,-1,1,-1,1,1,1,1,1,-1,1,1,1,1,-1,1,1,1,-1,-1,-1,1,1,-1,1,1,1,-1,1,-1,0.0,-152.84571723000684,4
391,1,-1,1,1,1,-1,1,-1,1,-1,-1,-1,1,-1,1,1,1,-1,1,1,1,1,-1,-1,1,1,1,-1,1,1,1,1,-1,1,-1,1,-1,1,1,-1,0.0,-152.83885119729365,1
392,1,1,1,-1,-1,1,1,-1,-1,1,-1,-1,1,1,-1,-1,-1,1,1,1,-1,-1,-1,1,1,1,1,-1,-1,1,1,-1,1,-1,1,-1,-1,1,1,-1,0.0,-152.83706323434146,1
393,-1,1,-1,1,-1,1,-1,1,1,-1,1,1,1,-1,1,1,1,1,1,-1,1,1,1,-1,-1,1,1,1,-1,-1,-1,1,1,-1,1,1,1,-1,-1,-1,0.0,-152.82271668577368,1
394,1,-1,1,1,-1,-1,1,1,1,-1,-1,1,1,-1,1,1,1,-1,1,1,1,1,-1,-1,-1,1,1,-1,1,1,-1,1,-1,1,-1,1,-1,1,1,-1,0.0,-152.81882748190858,1
395,1,-1,1,1,1,-1,-1,-1,1,-1,-1,1,1,-1,1,1,1,-1,-1,1,-1,1,1,1,-1,-1,1,1,-1,1,1,-1,-1,1,-1,1,-1,1,1,1,0.0,-152.8032212428712,1
396,1,-1,1,-1,1,-1,1,-1,1,-1,1,1,1,-1,-1,1,1,-1,1,1,1,1,1,1,1,-1,1,1,1,1,1,-1,-1,1,-1,-1,-1,1,-1,1,0.025,-152.38884554685868,1
397,1,-1,-1,1,-1,-1,1,1,1,-1,1,1,1,-1,1,1,1,-1,1,1,1,1,1,-1,1,1,1,1,1,1,-1,1,-1,1,-1,-1,-1,1,1,-1,0.025,-150.7700145824063,1
398,1,-1,1,1,-1,-1,1,1,1,-1,-1,1,1,-1,1,1,-1,-1,1,1,1,1,1,-1,1,1,1,1,1,1,-1,1,-1,1,-1,1,-1,1,1,-1,0.0,-152.63255691057455,1
399,1,1,1,-1,1,1,1,-1,1,1,-1,-1,1,1,-1,-1,-1,1,1,1,-1,-1,1,-1,1,1,1,1,-1,1,1,-1,1,-1,1,-1,1,1,-1,-1,0.0,-152.61991381169187,1
400,-1,1,-1,1,-1,1,1,1,1,-1,1,-1,-1,-1,1,1,-1,1,1,-1,1,-1,-1,-1,-1,1,-1,-1,-1,-1,-1,1,1,-1,1,1,1,-1,-1,-1,0.0,-152.57755092203013,1
401,1,1,1,1,-1,1,1,-1,1,1,-1,-1,1,1,-1,-1,-1,1,1,-1,-1,-1,-1,1,1,-1,1,-1,-1,1,1,-1,1,-1,1,-1,-1,1,1,-1,0.0,-152.53167844516824,1
402,1,1,-1,-1,-1,1,1,1,1,1,-1,-1,1,1,-1,-1,-1,1,1,-1,1,-1,-1,-1,1,1,-1,-1,-1,1,1,1,1,-1,1,-1,1,1,-1,-1,0.0,-152.52834507094695,1
403,1,1,-1,1,-1,1,-1,1,-1,1,-1,1,1,1,1,-1,-1,1,-1,-1,-1,-1,1,1,-1,1,1,-1,-1,-1,-1,1,1,-1,1,1,1,-1,-1,1,0.0,-152.52671489448883,1
404,-1,-1,1,1,-1,-1,1,-1,1,-1,1,-1,1,-1,-1,1,1,-1,1,1,-1,1,-1,-1,1,-1,1,1,1,1,1,-1,-1,1,-1,1,-1,1,1,-1,0.0,-152.5065893190341,1
405,1,-1,1,1,-1,-1,-1,1,1,-1,1,1,1,-1,1,1,1,-1,1,1,1,1,1,-1,1,1,1,1,1,1,-1,1,-1,1,-1,1,-1,1,1,-1,0.0,-152.48833875060555,1
406,1,-1,1,1,1,-1,1,-1,1,-1,-1,1,1,-1,1,1,1,-1,1,1,1,1,-1,-1,1,1,1,-1,1,1,-1,1,-1,1,-1,-1,-1,1,1,1,0.0,-152.47044216457408,1
407,-1,-1,-1,1,1,-1,-1,1,-1,-1,1,1,-1,-1,1,1,1,1,-1,-1,1,1,-1,1,-1,-1,-1,-1,1,-1,-1,1,-1,1,-1,1,1,-1,-1,1,0.0,-152.46545738076844,1
408,1,1,1,-1,1,1,1,-1,1,1,1,-1,1,1,-1,-1,-1,-1,1,1,-1,-1,1,1,1,1,1,1,-1,1,1,-1,1,-1,1,-1,1,1,1,1,0.0,-152.32905601058187,1
409,1,-1,1,-1,1,-1,1,-1,1,-1,1,1,1,-1,1,1,1,-1,-1,1,1,1,1,-1,1,1,1,1,1,1,1,1,-1,1,-1,-1,-1,1,-1,1,0.0,-152.31329381074002,1
410,1,-1,1,-1,1,-1,-1,-1,-1,-1,1,1,-1,1,-1,1,1,-1,-1,1,-1,1,1,-1,1,-1,-1,1,1,1,1,-1,-1,1,-1,-1,-1,1,-1,1,0.0,-152.31002411377435,1
411,1,-1,1,-1,1,-1,-1,-1,-1,-1,1,1,1,1,-1,1,1,-1,1,1,-1,1,1,-1,1,-1,1,1,1,1,1,-1,-1,1,-1,-1,-1,1,-1,1,0.0,-152.23841720449903,1
412,-1,-1,1,-1,1,-1,1,-1,1,-1,1,-1,1,-1,1,1,1,-1,1,1,1,1,1,-1,1,-1,1,1,1,1,1,1,-1,1,-1,1,-1,1,-1,-1,0.0,-152.16970261611127,1
413,1,1,1,-1,-1,1,1,-1,1,1,-1,-1,1,1,-1,-1,-1,1,1,1,-1,-1,1,1,1,1,1,-1,-1,1,1,-1,1,-1,1,-1,-1,1,1,-1,0.0,-152.16020809495836,1
414,-1,1,-1,-1,1,1,-1,-1,-1,1,1,-1,1,1,-1,-1,-1,1,-1,-1,-1,-1,1,1,-1,-1,1,1,-1,-1,1,-1,1,-1,1,-1,1,-1,-1,1,0.0,-152.1548725004408,1
415,1,-1,1,1,1,-1,1,-1,1,-1,-1,1,1,-1,1,1,1,-1,-1,1,1,1,1,-1,1,1,1,1,1,1,-1,1,-1,1,-1,1,-1,1,1,1,0.0,-152.1491359364801,1
416,1,1,-1,1,-1,1,-1,1,1,-1,1,1,1,-1,1,1,-1,1,1,-1,1,1,1,1,-1,1,1,1,-1,-1,-1,1,1,-1,1,1,1,-1,-1,1,0.0,-152.08123996382363,1
417,1,1,-1,-1,-1,1,-1,1,-1,-1,1,1,-1,1,1,-1,1,1,-1,-1,1,-1,1,1,-1,1,-1,-1,-1,-1,-1,1,1,-1,1,-1,1,-1,-1,1,0.0,-152.0659049070146,2
418,1,-1,1,1,1,-1,1,-1,1,-1,-1,-1,1,-1,1,1,1,-1,1,1,1,1,-1,-1,1,1,1,-1,1,1,-1,1,-1,1,-1,1,-1,1,1,-1,0.0,-152.0288475127838,1
419,1,-1,1,1,-1,-1,1,-1,1,-1,1,-1,1,-1,1,1,1,-1,1,1,1,1,1,-1,1,-1,1,1,1,1,-1,1,-1,1,-1,1,-1,1,1,-1,0.0,-151.98873209536944,1
420,1,1,-1,1,-1,1,1,1,-1,1,-1,-1,-1,1,-1,-1,-1,1,-1,-1,-1,-1,-1,-1,-1,1,-1,-1,-1,-1,-1,-1,1,-1,1,-1,1,-1,-1,-1,0.0,-151.9578996623816,1
421,1,1,1,-1,-1,1,1,-1,1,1,1,-1,1,1,-1,-1,-1,1,1,1,-1,-1,1,-1,1,1,1,1,-1,1,1,-1,1,-1,1,-1,1,1,-1,-1,0.0,-151.90526602292803,2
422,-1,1,-1,1,-1,1,-1,1,-1,1,-1,-1,-1,1,-1,-1,-1,1,-1,-1,-1,-1,-1,1,-1,-1,-1,-1,-1,-1,1,-1,1,-1,1,1,1,-1,-1,-1,0.0,-151.89510518312738,1
423,1,1,1,-1,-1,1,1,-1,-1,1,-1,-1,-1,1,-1,-1,-1,-1,1,1,-1,-1,-1,1,1,-1,1,-1,-1,1,1,-1,1,-1,1,-1,-1,1,1,1,0.0,-151.8724633000772,1
424,1,-1,1,-1,1,-1,-1,-1,1,-1,1,1,1,-1,1,1,-1,-1,1,1,1,1,1,1,1,-1,1,1,1,1,1,-1,-1,1,-1,1,-1,1,-1,1,0.0,-151.87014011269488,1
425,-1,1,-1,1,-1,1,-1,1,1,-1,1,1,1,-1,1,1,1,1,-1,-1,1,1,1,1,-1,1,1,1,-1,-1,-1,1,1,-1,1,1,1,-1,-1,-1,0.0,-151.78756037760428,1
426,1,-1,1,-1,1,-1,1,-1,1,-1,-1,1,1,-1,-1,1,1,-1,1,1,1,1,1,-1,1,-1,1,1,1,1,1,-1,-1,1,-1,-1,-1,1,-1,-1,0.025,-150.98662742472357,1
427,1,-1,1,1,1,-1,1,-1,1,-1,1,1,-1,-1,1,1,1,-1,1,1,1,1,-1,-1,1,-1,-1,1,1,1,-1,1,-1,1,-1,-1,-1,1,1,-1,0.025,-149.66284844586733,1
428,-1,1,-1,-1,1,1,-1,-1,1,-1,1,-1,-1,-1,-1,1,1,1,-1,-1,-1,-1,1,1,-1,1,-1,1,-1,-1,1,1,1,-1,1,1,1,-1,-1,1,0.0,-151.69089913267584,1
429,-1,1,-1,-1,1,1,-1,-1,-1,1,1,-1,-1,1,-1,-1,1,1,-1,-1,-1,-1,1,1,1,1,-1,1,-1,-1,1,-1,1,-1,1,-1,1,-1,-1,1,0.0,-151.6536745144609,1
430,-1,-1,1,-1,1,-1,1,-1,1,-1,-1,1,-1,-1,-1,1,1,-1,1,1,-1,-1,1,-1,1,-1,1,1,1,1,1,-1,-1,1,-1,-1,-1,1,-1,1,0.025,-148.39568261454806,1
431,1,1,1,-1,-1,1,1,-1,-1,1,-1,-1,1,1,-1,-1,-1,1,1,1,-1,-1,-1,1,1,-1,1,-1,-1,1,1,-1,1,-1,1,-1,-1,1,1,1,0.0,-151.50754407941372,1
432,-1,1,-1,-1,-1,1,-1,1,-1,-1,1,1,-1,1,-1,-1,1,1,-1,-1,-1,-1,1,1,-1,1,-1,1,-1,-1,1,-1,1,-1,1,-1,1,-1,-1,1,0.0,-151.5053730579008,1
433,1,-1,1,1,1,-1,1,-1,1,-1,-1,1,-1,-1,1,1,1,-1,1,1,1,1,1,-1,1,-1,1,1,1,1,-1,1,-1,1,-1,1,-1,1,1,-1,0.0,-151.495273528496,1
434,1,-1,1,1,-1,-1,-1,-1,1,-1,1,1,1,-1,1,1,1,-1,1,1,1,1,1,-1,1,-1,1,1,1,1,-1,1,-1,1,-1,1,-1,1,1,-1,0.0,-151.48985483238366,1
435,-1,-1,1,1,1,-1,1,1,1,-1,-1,1,1,-1,1,1,1,-1,1,1,1,1,-1,-1,-1,-1,1,-1,1,-1,-1,1,-1,1,-1,1,-1,1,1,-1,0.0,-151.4286967961279,1
436,-1,1,-1,-1,-1,1,-1,-1,-1,-1,1,-1,-1,1,-1,-1,1,1,-1,-1,1,-1,1,1,-1,-1,-1,1,-1,-1,1,-1,1,-1,1,-1,1,-1,-1,1,0.0,-151.35012183951187,1
437,-1,1,-1,1,-1,1,1,1,1,-1,1,-1,1,1,-1,-1,-1,1,1,-1,-1,-1,-1,-1,1,1,-1,-1,-1,-1,-1,1,1,-1,1,-1,1,-1,-1,-1,0.0,-151.34821798804205,1
438,1,-1,1,-1,1,-1,1,-1,1,-1,1,1,1,-1,1,1,1,-1,1,1,1,1,1,-1,1,-1,1,1,1,1,-1,1,-1,1,-1,1,-1,1,1,-1,0.0,-151.26305932627696,1
439,-1,-1,1,1,1,-1,1,-1,1,-1,-1,-1,1,-1,1,1,1,-1,1,1,-1,1,-1,-1,1,-1,1,-1,1,1,1,1,-1,1,-1,1,-1,1,1,-1,0.0,-151.22695347180368,1
440,-1,1,-1,-1,1,1,-1,-1,-1,1,1,-1,1,1,-1,-1,-1,1,-1,-1,-1,-1,1,1,1,1,1,1,-1,1,1,-1,1,-1,1,-1,1,-1,-1,1,0.0,-151.17526781673735,1
441,-1,1,-1,1,-1,1,1,1,1,1,1,-1,-1,-1,1,-1,-1,1,1,-1,1,-1,-1,-1,-1,1,-1,-1,1,-1,-1,1,1,-1,1,1,1,-1,1,-1,0.0,-151.14222700937958,1
442,1,1,-1,1,-1,1,-1,1,-1,1,1,-1,1,-1,1,-1,-1,1,-1,-1,1,1,-1,1,-1,1,-1,-1,-1,-1,-1,1,1,-1,1,1,1,-1,1,-1,0.0,-151.13219504861027,1
443,-1,1,1,-1,-1,1,-1,-1,-1,-1,1,-1,-1,1,-1,-1,1,1,-1,-1,-1,-1,1,1,1,-1,-1,1,-1,-1,1,-1,1,-1,1,-1,1,-1,-1,1,0.0,-151.0757004682503,1
444,-1,1,1,-1,1,1,-1,-1,1,-1,1,-1,-1,-1,-1,1,1,1,-1,-1,-1,-1,1,1,-1,1,-1,1,-1,-1,1,-1,1,-1,1,-1,1,-1,-1,1,0.0,-150.96409153707154,1
445,1,1,-1,-1,-1,1,1,-1,-1,1,1,-1,-1,1,-1,-1,-1,1,1,-1,-1,-1,-1,-1,1,1,-1,-1,-1,-1,1,-1,1,-1,1,-1,1,-1,-1,-1,0.0,-150.9567247088844,1
446,-1,1,-1,-1,-1,1,-1,1,-1,1,1,-1,-1,1,-1,-1,-1,1,-1,-1,-1,-1,1,1,-1,1,1,1,-1,-1,1,-1,1,-1,1,1,1,-1,-1,1,0.0,-150.95242503841874,1
447,1,-1,1,-1,1,-1,-1,-1,1,-1,-1,1,-1,-1,1,1,1,-1,-1,1,-1,1,1,1,1,-1,1,1,1,1,1,-1,-1,1,-1,1,-1,1,1,1,0.0,-150.94313582791204,1
448,-1,-1,-1,1,1,-1,-1,1,1,-1,1,1,1,-1,1,1,1,-1,-1,1,1,1,1,-1,-1,1,-1,1,1,-1,-1,1,-1,1,-1,1,1,-1,1,-1,0.0,-150.89425596390458,1
449,-1,-1,1,-1,1,-1,1,-1,1,1,-1,-1,-1,-1,-1,1,1,-1,1,1,-1,-1,1,-1,1,-1,1,1,1,1,1,-1,-1,-1,-1,-1,-1,1,1,-1,0.025,-150.91682003185673,1
450,-1,1,-1,-1,-1,1,-1,1,-1,1,-1,-1,-1,1,-1,-1,-1,1,-1,-1,-1,-1,1,1,-1,1,-1,-1,-1,-1,1,-1,1,-1,1,-1,1,-1,-1,1,0.025,-150.84757876866456,1
451,1,1,-1,-1,-1,1,1,-1,-1,1,1,-1,-1,1,-1,-1,-1,1,-1,-1,-1,-1,-1,1,1,1,-1,-1,-1,-1,1,-1,1,-1,1,-1,1,-1,-1,1,0.0,-150.81449672769094,1
452,-1,1,-1,1,1,1,-1,1,1,-1,1,1,1,-1,1,1,1,1,-1,-1,1,1,1,-1,-1,1,-1,1,1,-1,-1,1,-1,-1,1,1,1,-1,-1,-1,0.025,-149.76410054224638,1
453,1,1,-1,1,-1,1,-1,1,-1,-1,1,1,1,1,1,-1,-1,1,-1,-1,1,-1,-1,1,-1,1,-1,-1,-1,-1,-1,1,1,-1,1,1,1,-1,-1,1,0.0,-150.75385199296193,1
454,-1,-1,1,1,1,-1,-1,1,1,-1,-1,1,-1,-1,1,1,1,-1,-1,1,-1,1,1,1,-1,-1,1,1,1,-1,-1,1,-1,1,-1,1,-1,-1,1,1,0.0,-150.74432425723242,1
455,1,-1,1,-1,1,-1,-1,-1,1,-1,1,1,1,-1,1,1,1,-1,1,1,-1,1,1,-1,1,-1,1,1,1,1,1,-1,-1,1,-1,1,-1,1,1,-1,0.0,-150.7439466791172,1
456,-1,1,-1,1,-1,1,1,1,1,-1,1,-1,-1,1,-1,-1,1,1,1,-1,1,-1,-1,-1,1,1,-1,-1,-1,-1,-1,1,1,-1,1,-1,1,-1,-1,-1,0.0,-150.70551302927453,1
457,-1,-1,1,-1,1,-1,1,-1,1,-1,1,-1,-1,-1,-1,1,1,-1,1,1,-1,1,1,-1,1,-1,1,1,1,1,1,-1,-1,1,-1,-1,-1,1,1,-1,0.0,-150.63152645443364,1
458,-1,-1,-1,1,-1,-1,-1,1,1,-1,1,1,1,-1,1,1,1,1,1,-1,1,1,1,-1,-1,-1,1,1,1,-1,-1,1,-1,1,-1,1,1,-1,-1,-1,0.0,-150.6189858258241,1
459,1,1,1,-1,1,1,1,-1,1,1,-1,-1,1,1,-1,-1,-1,1,1,1,-1,-1,1,1,1,1,1,-1,-1,1,1,-1,1,-1,1,-1,-1,1,1,1,0.025,-168.3423026411129,1
460,1,-1,1,1,-1,-1,1,1,-1,-1,-1,1,1,-1,1,1,1,-1,1,1,1,1,-1,-1,1,-1,1,-1,1,1,-1,1,-1,1,-1,1,-1,1,1,-1,0.0,-150.57198028504337,1
461,-1,-1,-1,-1,1,-1,-1,-1,1,-1,-1,1,1,-1,1,1,1,-1,-1,1,1,1,1,1,-1,-1,1,1,1,-1,-1,1,-1,1,-1,1,-1,-1,1,1,0.025,-153.87960559141808,1
462,-1,1,-1,1,-1,1,1,1,1,-1,1,-1,1,1,-1,-1,-1,1,1,-1,-1,-1,-1,-1,1,1,-1,-1,1,-1,-1,1,1,-1,1,1,1,-1,-1,-1,0.0,-150.53992679281203,1
463,1,-1,1,-1,1,-1,-1,-1,-1,-1,1,1,1,-1,1,1,1,-1,-1,1,1,1,1,-1,1,1,1,1,1,1,-1,1,-1,1,-1,-1,-1,1,-1,1,0.0,-150.53069113704314,2
464,1,1,1,-1,-1,1,1,-1,1,1,1,-1,-1,1,-1,-1,-1,1,1,-1,-1,-1,1,-1,1,1,1,-1,-1,1,1,-1,1,-1,1,-1,1,1,-1,-1,0.0,-150.49970033619817,1
465,1,-1,1,1,-1,-1,1,-1,1,-1,1,-1,1,-1,1,1,1,-1,1,1,1,1,1,-1,1,1,1,1,1,1,-1,1,-1,1,-1,1,-1,1,1,-1,0.0,-150.47399047413856,1
466,1,1,1,-1,-1,1,1,-1,1,1,-1,-1,1,1,-1,-1,-1,1,1,-1,-1,-1,1,-1,1,1,1,1,-1,1,1,-1,1,-1,1,-1,-1,1,-1,-1,0.0,-150.47109009986175,1
467,-1,1,-1,-1,1,1,-1,-1,-1,-1,1,-1,-1,1,-1,-1,1,1,-1,1,-1,-1,1,1,1,1,-1,1,-1,-1,1,-1,1,-1,1,-1,1,-1,-1,1,0.0,-150.42831791570907,1
468,-1,-1,1,1,1,-1,-1,1,-1,-1,-1,1,-1,-1,1,1,1,-1,-1,1,-1,1,-1,1,-1,-1,-1,-1,1,-1,-1,1,-1,1,-1,1,-1,-1,1,1,0.0,-150.4241570369738,1
469,1,-1,-1,1,1,-1,-1,1,1,-1,-1,1,1,-1,1,1,1,-1,1,1,1,1,1,-1,1,1,1,1,1,1,-1,1,-1,1,-1,1,-1,1,1,-1,0.0,-150.34266945414205,1
470,1,1,1,-1,-1,1,1,1,1,1,1,-1,1,1,-1,-1,-1,1,1,-1,1,-1,-1,-1,1,1,-1,-1,1,1,1,1,1,-1,1,-1,1,1,-1,-1,0.0,-150.16707449899508,1
471,1,1,-1,1,-1,1,-1,1,1,-1,1,1,1,-1,1,1,1,1,1,-1,1,1,1,1,-1,1,-1,1,-1,-1,-1,1,1,-1,1,1,1,-1,-1,-1,0.025,-159.82011033436265,1
472,-1,1,-1,-1,-1,1,1,1,-1,1,-1,-1,-1,1,-1,-1,-1,1,-1,-1,-1,-1,-1,1,-1,-1,-1,-1,-1,-1,1,-1,1,-1,1,-1,1,-1,-1,-1,0.0,-150.1588999940081,1
473,1,-1,1,1,1,-1,-1,-1,1,-1,1,1,1,-1,1,1,1,-1,1,1,1,1,1,1,1,-1,1,1,1,1,1,-1,-1,1,-1,1,-1,1,1,1,0.025,-154.29442304296418,1
474,-1,1,-1,1,-1,1,-1,1,-1,1,-1,-1,-1,1,-1,-1,-1,1,-1,-1,-1,-1,-1,1,-1,1,-1,-1,-1,-1,-1,1,1,-1,1,-1,1,-1,-1,1,0.0,-150.13928917860943,1
475,-1,1,1,-1,1,1,-1,-1,1,-1,1,-1,-1,-1,-1,1,1,1,-1,-1,-1,-1,1,1,-1,1,-1,1,-1,-1,1,1,1,-1,1,1,1,-1,-1,1,0.0,-150.10480265878536,1
476,1,-1,1,-1,1,-1,-1,-1,1,-1,1,1,1,-1,-1,1,1,-1,1,1,-1,1,1,-1,1,-1,1,1,1,1,1,-1,-1,1,-1,-1,-1,1,-1,1,0.025,-147.68031150588538,1
477,1,-1,1,1,-1,-1,1,-1,1,-1,-1,1,1,-1,1,1,1,-1,1,1,1,1,1,-1,1,1,1,1,-1,1,-1,1,-1,1,-1,-1,-1,1,1,-1,0.0,-149.98216973636613,1
478,-1,1,-1,-1,-1,1,-1,1,-1,1,1,-1,-1,1,-1,-1,-1,1,-1,-1,-1,-1,1,1,-1,1,-1,1,-1,-1,1,-1,1,-1,1,1,1,-1,-1,-1,0.0,-149.95946378611558,1
479,1,1,-1,1,-1,1,1,1,-1,1,-1,-1,-1,1,-1,-1,-1,1,1,-1,-1,-1,-1,-1,1,1,-1,-1,-1,-1,-1,1,1,-1,1,1,1,-1,-1,-1,0.0,-149.900323866696,1
480,1,-1,1,-1,-1,-1,1,-1,1,-1,1,-1,1,-1,1,1,1,-1,1,1,1,1,-1,-1,1,-1,1,1,1,1,1,1,-1,1,-1,1,-1,1,1,-1,0.0,-149.87552691517536,1
481,-1,1,-1,1,1,1,-1,1,1,-1,1,1,1,-1,1,1,1,1,1,-1,-1,1,1,1,-1,1,1,1,-1,-1,-1,1,1,-1,1,1,1,-1,-1,-1,0.0,-149.87273904579888,1
482,-1,1,-1,-1,-1,1,-1,1,-1,1,1,-1,-1,-1,1,-1,-1,1,-1,-1,1,-1,-1,1,-1,1,-1,-1,-1,-1,-1,1,1,-1,1,1,1,-1,-1,-1,0.025,-155.6721679148572,1
483,-1,1,-1,1,-1,1,-1,1,-1,1,-1,-1,1,1,-1,-1,-1,1,-1,-1,-1,-1,-1,1,-1,1,-1,-1,-1,-1,-1,1,1,-1,1,1,1,-1,-1,1,0.0,-149.7757193191121,1
484,-1,1,-1,1,1,1,-1,1,1,-1,1,1,1,-1,1,1,1,1,-1,-1,-1,1,1,1,-1,1,1,1,-1,-1,-1,1,1,-1,1,1,1,-1,-1,-1,0.0,-149.76891953750982,1
485,1,-1,1,1,-1,-1,1,-1,1,-1,1,-1,1,-1,1,1,-1,-1,1,1,1,1,-1,-1,1,1,1,1,1,1,-1,1,-1,1,-1,1,-1,1,1,-1,0.0,-149.73694361662524,1
486,1,-1,1,1,1,-1,1,-1,1,-1,1,1,-1,-1,1,1,1,-1,1,1,1,1,-1,-1,1,-1,-1,1,1,1,-1,1,-1,1,-1,-1,-1,1,1,-1,0.0,-149.66284844586733,1
487,1,-1,1,1,1,-1,1,-1,1,-1,-1,1,1,-1,1,1,1,-1,1,1,-1,1,1,-1,1,-1,1,1,1,1,-1,-1,-1,1,-1,-1,-1,1,1,-1,0.025,-154.7899844500603,2
488,-1,1,-1,1,-1,1,1,1,-1,1,-1,-1,1,1,-1,-1,-1,1,1,-1,-1,-1,-1,-1,1,1,1,-1,-1,-1,-1,1,1,-1,1,-1,1,-1,-1,-1,0.0,-149.64771528384216,1
489,-1,1,-1,-1,1,1,1,-1,-1,1,-1,-1,-1,1,-1,-1,-1,1,-1,-1,-1,-1,1,1,-1,1,1,-1,-1,-1,1,-1,1,-1,1,-1,1,-1,-1,1,0.0,-149.61497848843965,1
490,-1,1,-1,-1,-1,1,1,1,-1,1,1,-1,-1,-1,1,-1,-1,1,-1,-1,-1,-1,-1,-1,-1,1,-1,-1,-1,-1,-1,1,1,-1,1,1,1,-1,1,-1,0.0,-149.49734809250518,1
491,-1,-1,-1,1,1,-1,-1,-1,1,-1,-1,1,1,-1,1,1,1,-1,-1,1,1,1,1,1,-1,-1,1,1,1,1,-1,1,-1,1,-1,1,-1,1,1,1,0.0,-149.43590296342592,1
492,-1,1,-1,-1,1,1,-1,1,1,-1,1,1,-1,-1,1,1,1,1,1,-1,1,-1,1,1,-1,1,-1,1,-1,-1,-1,1,1,-1,1,1,1,-1,-1,1,0.0,-149.42233971516694,1
493,1,-1,1,1,1,-1,1,-1,1,-1,-1,1,-1,-1,1,1,1,-1,1,1,-1,1,1,-1,1,-1,1,1,1,1,-1,-1,-1,1,-1,-1,-1,1,1,-1,0.025,-150.47619021646696,1
494,-1,1,-1,1,-1,1,1,1,1,1,-1,-1,1,-1,1,-1,-1,1,1,-1,1,1,-1,1,-1,1,1,-1,-1,-1,-1,1,1,-1,1,1,1,-1,1,-1,0.0,-149.2727038971005,1
495,1,1,-1,-1,-1,1,-1,1,-1,1,1,-1,-1,-1,1,1,-1,1,1,-1,1,-1,-1,1,-1,1,-1,-1,-1,-1,-1,1,1,-1,1,1,1,-1,1,-1,0.0,-149.2036573307586,1
496,1,-1,1,-1,-1,-1,1,-1,-1,-1,1,1,-1,-1,1,1,1,-1,1,1,1,1,-1,-1,1,-1,-1,1,1,1,-1,1,-1,1,-1,-1,-1,1,1,-1,0.0,-149.17807227305974,1
497,1,1,1,-1,1,1,1,-1,1,1,-1,-1,1,1,-1,-1,-1,1,1,1,-1,-1,-1,1,1,1,1,-1,-1,1,1,1,1,-1,1,-1,-1,1,-1,1,0.025,-151.81015458625305,1
498,1,-1,1,-1,1,-1,-1,-1,1,-1,1,1,1,-1,1,1,1,-1,1,1,1,1,1,-1,1,1,1,1,1,1,1,1,-1,1,-1,1,-1,1,1,-1,0.0,-149.1381520539852,1
499,1,-1,1,-1,1,-1,-1,-1,1,-1,1,1,1,-1,1,1,1,-1,1,1,1,1,1,-1,1,1,1,1,1,1,1,-1,-1,1,-1,-1,-1,1,1,-1,0.025,-149.62900660906047,2
500,1,1,-1,-1,-1,1,1,1,1,1,-1,-1,1,1,-1,-1,-1,1,1,-1,-1,-1,-1,-1,1,1,1,-1,-1,1,1,1,1,-1,1,-1,1,1,-1,-1,0.0,-149.0797504074713,1
501,1,-1,-1,1,-1,1,1,1,1,-1,1,1,-1,1,1,1,-1,1,1,-1,1,-1,1,-1,1,1,-1,-1,1,-1,-1,1,1,-1,1,-1,1,-1,-1,-1,0.0,-149.07929540779122,1
502,1,-1,1,-1,1,-1,1,-1,1,-1,-1,1,-1,-1,1,1,1,-1,1,1,1,1,1,-1,1,-1,1,1,1,1,-1,1,-1,1,-1,-1,-1,1,1,-1,0.0,-149.06803834493715,1
503,1,-1,1,-1,1,-1,1,-1,1,-1,1,1,1,-1,1,1,1,-1,1,1,1,1,1,-1,1,1,1,1,-1,1,-1,1,-1,1,-1,-1,-1,1,1,-1,0.0,-149.0579314649789,1
504,-1,1,-1,-1,-1,1,-1,1,-1,1,1,-1,-1,1,-1,-1,-1,1,1,-1,1,-1,-1,1,-1,1,-1,-1,-1,-1,1,1,1,-1,1,-1,1,-1,-1,1,0.025,-146.69758001555303,1
505,-1,1,-1,-1,-1,1,-1,1,-1,1,1,-1,-1,1,-1,-1,1,1,-1,-1,-1,-1,1,1,-1,1,-1,1,-1,-1,1,-1,1,-1,1,-1,1,-1,-1,1,0.025,-154.03867529225295,1
506,1,-1,1,-1,1,-1,1,-1,1,-1,-1,1,1,-1,1,1,1,-1,1,1,1,1,1,-1,1,1,1,1,1,1,-1,1,-1,1,-1,1,-1,1,-1,1,0.0,-148.99352908811397,1
507,-1,1,-1,1,-1,1,1,1,-1,1,-1,-1,-1,1,-1,-1,-1,1,-1,-1,-1,-1,-1,1,-1,-1,-1,-1,-1,-1,1,-1,1,-1,1,1,1,-1,-1,-1,0.0,-148.9813185890643,1
508,-1,1,-1,-1,1,1,1,-1,-1,1,1,-1,-1,1,-1,-1,-1,1,-1,-1,-1,-1,1,1,-1,-1,-1,1,-1,-1,1,-1,1,-1,1,-1,1,-1,-1,1,0.0,-148.96557244356714,1
509,1,1,1,1,-1,1,1,1,1,1,-1,-1,1,1,-1,-1,-1,1,1,-1,-1,-1,1,1,1,1,1,-1,-1,1,1,-1,1,-1,1,-1,-1,1,1,-1,0.0,-148.9362429466793,1
510,-1,-1,-1,1,1,-1,-1,-1,-1,-1,-1,1,-1,-1,1,1,1,-1,-1,1,-1,1,1,1,-1,-1,1,1,1,-1,-1,-1,-1,1,-1,1,-1,-1,1,1,0.05,-158.33737467339202,1
511,1,1,1,-1,-1,1,1,-1,1,1,-1,-1,1,1,-1,-1,-1,-1,1,1,-1,-1,-1,-1,1,1,1,-1,-1,1,1,1,1,-1,1,-1,-1,1,1,-1,0.025,-152.0795798652218,1
512,1,-1,1,-1,1,-1,1,-1,1,-1,-1,1,1,-1,1,1,1,-1,1,1,1,1,1,1,1,-1,1,1,1,1,1,-1,-1,1,-1,-1,-1,1,1,1,0.0,-148.6834106398917,1
513,-1,1,-1,1,-1,1,1,1,-1,1,-1,-1,-1,1,-1,-1,-1,1,-1,-1,-1,-1,-1,1,-1,1,-1,-1,-1,-1,-1,1,1,-1,1,1,1,-1,-1,1,0.025,-152.10133448766214,1
514,1,-1,1,1,1,-1,1,-1,1,-1,-1,1,1,-1,1,1,1,-1,1,1,-1,1,1,-1,1,1,1,1,1,1,1,-1,-1,1,-1,1,-1,1,1,1,0.0,-148.56380519995278,1
515,-1,1,-1,1,-1,1,1,1,-1,1,1,-1,1,1,-1,-1,-1,1,1,-1,1,-1,-1,-1,-1,1,-1,-1,-1,-1,-1,1,1,-1,1,-1,1,-1,1,-1,0.0,-148.55587743815605,1
516,1,-1,1,-1,-1,1,1,-1,1,1,-1,-1,-1,1,-1,-1,-1,-1,1,1,-1,-1,-1,-1,1,1,-1,-1,-1,1,1,-1,1,-1,1,-1,-1,1,1,-1,0.0,-148.5035754350087,1
517,1,-1,1,1,-1,-1,1,-1,1,-1,1,1,1,-1,1,1,1,-1,1,1,-1,1,1,-1,1,-1,1,1,1,1,-1,-1,-1,1,-1,-1,-1,1,1,-1,0.0,-148.49072142059998,1
518,-1,1,-1,-1,-1,1,-1,-1,-1,-1,1,-1,-1,1,-1,-1,-1,1,-1,-1,1,-1,1,1,-1,1,-1,1,-1,-1,1,-1,1,-1,1,-1,1,-1,-1,1,0.0,-148.4817404878659,1
519,-1,1,-1,-1,1,1,-1,-1,1,1,1,-1,-1,1,-1,-1,-1,1,-1,-1,-1,-1,1,1,-1,-1,1,1,-1,-1,1,-1,1,-1,1,1,1,-1,-1,1,0.0,-148.4720186402668,1
520,-1,1,-1,-1,1,1,-1,-1,-1,1,-1,-1,-1,1,-1,-1,-1,1,-1,-1,-1,-1,1,1,-1,1,-1,1,-1,-1,1,-1,1,-1,1,-1,1,-1,-1,1,0.0,-148.40684612309573,1
521,-1,-1,1,1,1,-1,-1,1,1,-1,-1,1,1,-1,1,1,1,-1,1,1,1,1,1,-1,1,-1,1,1,1,1,-1,1,-1,1,-1,1,-1,1,-1,-1,0.0,-148.28868834556113,1
522,1,-1,1,1,1,-1,-1,-1,1,-1,-1,1,1,-1,1,1,1,-1,-1,1,1,1,1,-1,1,1,1,1,1,1,-1,1,-1,1,-1,1,-1,1,-1,-1,0.0,-148.21654171818147,1
523,-1,1,-1,1,-1,1,1,1,-1,1,-1,-1,-1,1,-1,-1,-1,1,-1,-1,-1,-1,-1,1,-1,-1,-1,-1,-1,-1,-1,1,1,-1,1,-1,1,-1,-1,-1,0.0,-148.11893891661862,1
524,1,-1,1,-1,1,-1,1,-1,1,-1,-1,1,-1,1,-1,1,1,-1,1,1,-1,-1,1,-1,1,-1,1,-1,1,1,1,-1,-1,-1,-1,-1,-1,1,-1,1,0.0,-148.10418828074836,1
525,1,-1,1,1,1,-1,1,-1,1,1,-1,-1,1,-1,1,1,-1,-1,1,1,-1,1,1,-1,1,-1,1,1,-1,1,1,-1,-1,1,-1,1,-1,1,1,-1,0.0,-148.0740691754003,1
526,-1,1,-1,1,-1,1,1,1,-1,1,1,-1,-1,1,-1,-1,-1,1,-1,-1,-1,-1,-1,1,-1,1,-1,-1,-1,-1,-1,-1,1,-1,1,-1,1,-1,-1,-1,0.0,-148.03774502504663,1
527,1,1,-1,1,-1,1,1,1,1,-1,1,1,1,-1,1,-1,-1,1,1,-1,1,1,-1,-1,-1,1,-1,-1,-1,-1,-1,1,1,-1,1,1,1,-1,-1,-1,0.0,-148.01070906480356,1
528,1,1,-1,-1,-1,1,-1,1,-1,1,1,-1,1,1,1,-1,-1,1,-1,-1,-1,-1,-1,-1,1,1,-1,-1,-1,-1,-1,1,1,-1,1,-1,1,-1,-1,-1,0.0,-147.9604155277284,1
529,-1,1,1,-1,1,-1,-1,-1,1,-1,1,1,1,-1,-1,1,1,-1,1,1,1,1,1,1,-1,-1,1,1,1,1,1,-1,-1,1,-1,1,-1,1,-1,1,0.0,-147.84021442948557,1
530,-1,1,-1,-1,1,-1,-1,-1,-1,-1,1,-1,1,-1,1,1,1,-1,-1,1,1,1,1,1,-1,-1,1,1,1,-1,-1,1,-1,1,-1,1,1,-1,-1,1,0.0,-147.83779132671907,1
531,1,1,-1,-1,-1,1,1,-1,1,1,-1,-1,1,1,-1,-1,-1,1,1,-1,-1,-1,1,1,1,1,1,-1,-1,1,1,-1,1,-1,1,-1,1,1,-1,1,0.0,-147.80522105588955,1
532,-1,1,-1,1,-1,1,1,1,1,-1,1,-1,-1,-1,1,1,1,1,1,-1,1,-1,-1,-1,-1,1,-1,1,1,-1,-1,1,1,-1,1,1,1,-1,-1,-1,0.0,-147.79501997561954,1
533,-1,1,1,1,1,1,-1,-1,1,-1,1,-1,-1,-1,-1,1,1,1,1,-1,-1,-1,1,1,-1,-1,-1,1,-1,-1,1,-1,-1,-1,1,1,1,-1,-1,1,0.0,-147.7653106938656,1
534,-1,1,-1,-1,1,1,-1,-1,-1,1,-1,-1,1,1,-1,-1,-1,1,-1,1,-1,-1,1,1,1,1,1,1,-1,-1,1,-1,1,-1,1,-1,1,-1,-1,1,0.0,-147.70283050242028,1
535,-1,1,-1,-1,-1,1,-1,-1,-1,1,1,-1,-1,1,-1,-1,-1,1,-1,-1,-1,-1,1,1,-1,-1,-1,1,-1,-1,1,-1,1,-1,1,-1,1,-1,-1,1,0.025,-160.7138265766766,1
536,-1,1,-1,1,-1,1,-1,1,1,-1,1,1,1,-1,1,1,1,1,1,-1,-1,1,1,1,-1,1,1,1,-1,-1,-1,1,1,-1,1,1,1,-1,-1,-1,0.0,-147.6112546158514,1
537,1,1,1,1,-1,1,1,1,1,1,-1,-1,-1,1,-1,-1,-1,1,1,-1,-1,-1,-1,-1,1,1,1,-1,-1,1,1,-1,1,-1,1,-1,1,1,-1,-1,0.0,-147.599072802945,1
538,-1,1,-1,1,-1,1,1,1,1,-1,1,-1,-1,-1,1,1,-1,1,1,-1,1,-1,-1,1,-1,1,-1,-1,-1,-1,-1,1,1,-1,1,1,1,-1,-1,-1,0.0,-147.51352341342977,1
539,1,-1,1,1,-1,-1,1,-1,1,-1,-1,1,1,-1,1,1,1,-1,1,1,1,1,-1,-1,1,-1,-1,1,1,1,-1,1,-1,1,-1,-1,-1,1,1,-1,0.0,-147.49484648040067,1
540,-1,1,-1,1,-1,1,-1,1,-1,1,-1,-1,-1,1,1,-1,-1,1,-1,-1,-1,-1,-1,1,-1,1,-1,-1,-1,-1,-1,-1,1,-1,1,1,1,-1,1,-1,0.0,-147.4069648220984,1
541,-1,1,-1,-1,1,1,-1,-1,-1,1,-1,-1,1,1,-1,-1,-1,1,-1,-1,-1,-1,1,1,1,1,1,-1,-1,-1,1,-1,1,-1,1,-1,1,-1,-1,1,0.0,-147.34153050605806,1
542,-1,1,-1,-1,1,1,-1,-1,1,-1,1,-1,-1,-1,-1,1,1,1,-1,-1,-1,-1,1,1,-1,1,-1,1,-1,-1,1,-1,-1,-1,1,-1,1,-1,-1,1,0.0,-147.29518959514598,1
543,-1,1,-1,-1,1,1,-1,1,-1,-1,1,1,-1,-1,1,1,1,1,-1,-1,1,-1,1,1,-1,1,-1,1,-1,-1,-1,1,1,-1,1,-1,1,-1,-1,1,0.0,-147.28053685195678,1
544,1,1,-1,1,-1,1,1,1,-1,1,1,-1,-1,1,1,-1,-1,1,1,-1,1,-1,-1,-1,-1,1,-1,-1,-1,-1,-1,-1,1,-1,1,-1,1,-1,-1,-1,0.025,-157.19957566428522,1
545,-1,-1,1,1,1,-1,1,-1,1,-1,-1,1,-1,-1,1,1,1,-1,1,1,-1,1,1,-1,1,-1,1,1,1,1,-1,1,-1,1,-1,1,-1,1,1,-1,0.025,-148.25153468910264,1
546,1,-1,1,1,1,-1,-1,-1,1,-1,1,1,1,-1,1,1,1,-1,1,1,1,1,1,-1,1,1,1,1,1,1,1,1,-1,1,-1,1,-1,1,-1,-1,0.0,-146.86291068102517,1
547,-1,1,-1,-1,1,1,-1,-1,-1,-1,1,-1,-1,1,-1,-1,1,1,-1,-1,-1,-1,1,-1,-1,1,-1,1,-1,-1,1,-1,1,-1,1,-1,1,-1,-1,1,0.0,-146.83699699061063,1
548,-1,1,1,-1,1,1,-1,-1,-1,-1,1,-1,-1,-1,-1,1,1,1,-1,-1,-1,-1,1,1,-1,1,-1,1,-1,-1,1,-1,1,-1,1,-1,1,-1,-1,1,0.0,-146.8187777823738,1
549,1,-1,1,-1,1,-1,1,-1,1,1,-1,-1,-1,-1,-1,1,-1,-1,1,1,-1,-1,1,1,1,-1,1,1,-1,1,1,-1,-1,1,-1,1,-1,1,1,1,0.0,-146.72333038201583,1
550,1,-1,1,-1,1,-1,-1,-1,1,-1,1,1,1,-1,1,1,1,-1,1,1,1,1,1,-1,1,-1,1,1,1,1,1,1,-1,1,-1,1,-1,1,-1,-1,0.025,-156.85194915628176,1
551,1,-1,1,1,1,-1,1,-1,1,-1,1,1,-1,-1,-1,1,1,-1,1,1,-1,1,1,-1,1,-1,1,1,1,1,1,-1,-1,1,-1,-1,-1,1,1,-1,0.0,-146.62930788762236,1
552,1,1,-1,1,-1,1,1,1,1,1,-1,1,1,1,1,-1,-1,1,1,-1,-1,-1,1,-1,1,1,1,-1,-1,1,-1,1,1,-1,1,-1,1,1,1,-1,0.0,-146.6040746651518,1
553,-1,1,-1,1,-1,1,1,1,1,1,1,-1,1,1,-1,-1,-1,1,1,-1,-1,-1,-1,-1,1,1,-1,-1,1,-1,-1,1,1,-1,1,-1,1,-1,-1,-1,0.0,-146.5919365735928,1
554,1,1,1,-1,-1,1,1,-1,1,1,1,-1,1,1,-1,-1,-1,1,1,1,-1,-1,1,1,1,1,1,1,-1,1,1,-1,1,-1,1,-1,-1,1,-1,-1,0.0,-146.53566261195553,2
555,1,1,-1,1,-1,1,-1,1,1,-1,1,1,1,-1,1,1,1,1,1,-1,1,1,1,1,-1,1,1,1,-1,-1,-1,1,1,-1,1,1,1,-1,1,-1,0.0,-146.5113556130158,1
556,1,1,-1,1,-1,1,1,1,-1,1,1,-1,-1,1,1,-1,1,1,1,-1,1,-1,-1,-1,1,1,-1,-1,-1,-1,-1,1,1,-1,1,-1,1,-1,-1,-1,0.0,-146.50883373722107,1
557,-1,-1,1,1,-1,1,1,-1,1,-1,1,-1,-1,1,-1,-1,-1,1,1,-1,-1,-1,-1,-1,1,-1,-1,1,1,-1,1,-1,1,-1,1,-1,-1,-1,-1,-1,0.025,-147.5801072965077,1
558,-1,1,-1,-1,1,1,-1,-1,1,-1,1,-1,-1,-1,1,1,1,1,-1,-1,1,-1,1,1,-1,1,-1,1,-1,-1,-1,1,1,-1,1,1,1,-1,-1,1,0.0,-146.43262687908916,1
559,-1,1,1,-1,1,1,-1,-1,-1,-1,1,-1,-1,1,-1,-1,1,1,-1,1,-1,-1,1,1,1,1,-1,1,-1,-1,1,-1,1,-1,1,-1,1,-1,-1,1,0.025,-150.2643649465755,1
560,1,-1,1,-1,1,-1,1,-1,1,-1,1,1,1,-1,1,1,1,-1,1,1,1,1,-1,-1,1,1,-1,1,1,1,1,1,-1,1,-1,-1,-1,1,1,-1,0.0,-146.36175889548244,1
561,1,1,1,-1,-1,1,1,-1,1,1,-1,-1,1,1,-1,-1,-1,1,1,-1,-1,-1,-1,-1,1,1,1,-1,-1,1,1,-1,1,-1,1,-1,1,1,1,1,0.0,-146.28557700396797,1
562,1,-1,1,-1,1,-1,1,-1,1,-1,1,-1,1,-1,1,1,1,-1,1,1,1,1,1,-1,1,1,1,1,1,1,1,1,-1,1,-1,1,-1,1,-1,1,0.0,-146.27235658989312,1
563,1,1,-1,-1,-1,1,1,1,1,1,-1,-1,1,1,-1,-1,-1,1,1,-1,1,-1,1,-1,1,1,1,-1,-1,1,1,-1,1,-1,1,-1,1,1,-1,-1,0.0,-146.21904825993514,1
564,1,-1,1,1,1,-1,-1,1,1,-1,-1,1,1,-1,1,1,1,-1,1,1,1,1,1,-1,1,1,1,-1,1,1,-1,1,-1,1,-1,1,-1,1,1,-1,0.0,-146.20809672498822,1
565,-1,1,-1,1,-1,1,-1,1,1,-1,1,-1,1,-1,1,-1,-1,1,1,-1,1,1,-1,-1,-1,1,-1,1,-1,-1,-1,1,1,-1,1,1,1,-1,-1,-1,0.0,-146.16750245011508,1
566,1,1,1,-1,-1,1,1,-1,1,1,1,-1,-1,1,-1,1,-1,1,1,-1,-1,-1,1,-1,1,1,1,1,-1,1,1,-1,1,-1,1,-1,1,1,-1,-1,0.0,-146.1277342051045,1
567,1,1,-1,1,-1,1,1,1,1,-1,1,-1,1,-1,1,-1,-1,1,1,-1,1,-1,-1,1,-1,1,-1,-1,-1,-1,-1,1,1,-1,1,1,1,-1,1,-1,0.0,-146.11205412777818,1
568,1,-1,1,-1,1,-1,1,-1,1,-1,-1,1,1,-1,1,1,1,-1,1,1,1,1,1,-1,1,-1,1,-1,1,1,1,1,-1,1,-1,-1,-1,1,1,-1,0.0,-145.9779755172374,1
569,-1,1,-1,-1,1,-1,-1,1,-1,-1,1,1,1,-1,1,1,1,-1,-1,1,1,1,1,-1,-1,1,-1,1,-1,-1,-1,1,-1,1,-1,1,1,-1,-1,-1,0.0,-145.9326616654531,1
570,-1,1,1,-1,1,1,1,-1,1,-1,1,-1,-1,-1,-1,1,1,1,1,-1,-1,-1,1,1,-1,-1,-1,1,-1,-1,1,-1,1,-1,1,-1,1,-1,-1,1,0.0,-145.8912459613701,1
571,1,-1,1,-1,1,-1,-1,-1,-1,-1,1,1,1,-1,1,1,1,-1,-1,1,-1,1,1,1,1,-1,1,1,1,1,1,-1,-1,1,-1,-1,-1,1,1,1,0.0,-145.88319324655134,1
572,-1,-1,1,1,-1,-1,1,-1,1,-1,1,-1,1,-1,-1,1,1,-1,1,1,1,1,-1,-1,1,-1,1,1,1,1,1,-1,-1,1,-1,-1,-1,1,1,-1,0.0,-145.87312716950555,1
573,-1,-1,-1,1,1,-1,-1,1,1,-1,-1,1,-1,-1,1,1,1,-1,-1,-1,-1,1,1,1,-1,-1,1,1,1,-1,-1,-1,-1,1,-1,1,-1,-1,1,1,0.0,-145.79859129732327,1
574,1,-1,1,1,-1,-1,1,1,1,-1,1,1,-1,-1,1,1,1,-1,1,1,1,1,-1,-1,1,1,-1,-1,1,1,-1,1,-1,1,-1,1,-1,1,1,-1,0.025,-144.78025471635178,1
575,-1,1,-1,-1,1,1,-1,1,-1,1,1,-1,-1,1,-1,-1,-1,1,1,-1,-1,-1,-1,1,-1,1,-1,-1,-1,-1,1,-1,1,-1,1,-1,1,-1,-1,1,0.0,-145.7851876371271,1
576,1,1,-1,1,-1,1,-1,1,-1,1,-1,1,1,1,1,-1,-1,1,1,-1,1,-1,1,1,-1,1,1,-1,-1,-1,-1,1,1,-1,1,-1,1,-1,1,1,0.0,-145.66924526252362,1
577,1,-1,1,1,1,-1,-1,-1,1,-1,1,1,1,-1,1,1,1,-1,1,1,1,1,1,-1,1,1,1,1,1,1,-1,-1,-1,1,-1,-1,-1,1,1,-1,0.025,-146.18362620145538,1
578,1,1,1,-1,1,-1,-1,-1,-1,-1,-1,1,1,-1,1,1,1,-1,-1,1,1,1,1,1,-1,1,1,1,-1,1,1,-1,-1,1,-1,-1,-1,1,1,1,0.0,-145.6245889976592,1
579,-1,1,-1,1,-1,1,-1,1,-1,1,-1,-1,-1,1,-1,-1,-1,1,-1,-1,-1,-1,1,1,-1,1,1,-1,-1,-1,-1,-1,1,-1,1,1,1,-1,-1,1,0.0,-145.61422989477276,1
580,1,1,1,-1,-1,1,1,-1,1,1,1,-1,1,1,-1,-1,-1,-1,1,1,-1,-1,1,-1,1,1,1,1,-1,1,1,-1,1,-1,1,-1,1,1,1,-1,0.0,-145.60794444398596,1
581,1,-1,1,1,1,-1,1,-1,1,-1,-1,1,-1,-1,-1,1,1,-1,1,1,-1,1,1,-1,1,-1,1,1,1,1,1,-1,-1,1,-1,1,-1,1,1,-1,0.0,-145.60011851981122,1
582,1,-1,1,-1,1,-1,1,-1,1,-1,1,1,1,-1,1,1,1,-1,1,1,-1,1,1,-1,1,-1,1,1,1,1,1,-1,-1,1,-1,-1,-1,1,1,-1,0.025,-152.07875045135484,1
583,1,-1,1,-1,1,-1,1,-1,1,-1,1,-1,1,-1,1,1,1,-1,1,1,1,1,-1,-1,1,1,1,1,1,1,1,-1,-1,1,-1,1,-1,1,1,-1,0.025,-141.047794424668,1
584,1,-1,1,1,-1,-1,1,-1,1,-1,1,1,1,-1,1,1,1,-1,1,1,1,1,-1,-1,1,1,1,-1,1,1,-1,1,-1,1,-1,1,-1,1,1,-1,0.0,-145.4952420310289,1
585,1,1,-1,-1,-1,1,1,-1,1,1,-1,-1,1,1,-1,-1,-1,1,1,-1,-1,-1,1,1,1,1,1,1,-1,1,1,-1,1,-1,1,-1,-1,1,-1,1,0.0,-145.47216882932457,1
586,-1,1,1,-1,1,1,-1,-1,1,-1,1,-1,-1,-1,1,1,1,1,-1,-1,-1,-1,1,1,-1,-1,-1,1,-1,-1,1,1,1,-1,1,1,1,-1,-1,1,0.0,-145.43972080352748,1
587,1,-1,1,1,1,-1,1,-1,1,-1,1,1,1,-1,-1,1,1,-1,1,1,1,1,-1,-1,1,-1,-1,1,1,1,1,-1,-1,1,-1,-1,-1,1,-1,-1,0.025,-149.58946823035242,1
588,1,-1,1,1,1,-1,-1,-1,1,-1,1,1,1,-1,1,1,1,-1,1,1,1,1,1,-1,1,-1,1,1,1,1,-1,-1,-1,1,-1,1,-1,1,1,-1,0.025,-148.871278092454,1
589,-1,1,-1,1,-1,1,1,1,1,-1,1,-1,-1,-1,-1,-1,-1,1,1,-1,1,-1,-1,1,-1,1,-1,1,-1,-1,-1,1,1,-1,1,1,1,-1,-1,1,0.0,-145.28674466189028,1
590,-1,1,-1,1,-1,1,1,1,1,-1,1,-1,1,-1,1,1,-1,1,1,-1,1,1,-1,1,-1,1,-1,1,-1,-1,-1,1,1,-1,1,1,1,-1,-1,-1,0.0,-145.271877720016,1
591,1,1,-1,1,-1,1,1,1,1,1,-1,-1,1,1,1,-1,-1,1,1,-1,1,-1,-1,-1,1,1,1,-1,-1,1,-1,1,1,-1,1,1,-1,1,1,-1,0.0,-145.2370451086234,1
592,1,1,-1,1,-1,1,1,1,1,1,-1,-1,1,1,-1,-1,-1,1,1,-1,-1,-1,1,-1,1,1,1,-1,-1,1,-1,1,1,-1,1,1,1,1,-1,-1,0.0,-145.19564321130076,1
593,1,-1,1,-1,1,-1,1,-1,-1,1,-1,-1,-1,-1,1,1,1,-1,-1,1,-1,-1,-1,-1,1,-1,1,-1,1,1,1,-1,-1,1,-1,-1,-1,1,1,1,0.0,-145.1396199604696,1
594,-1,1,-1,1,-1,1,1,1,1,-1,1,-1,-1,-1,1,-1,-1,1,1,-1,1,-1,-1,1,-1,1,-1,1,-1,-1,-1,1,1,-1,1,1,1,-1,-1,-1,0.0,-145.13387522658428,1
595,-1,1,-1,1,-1,1,-1,1,-1,1,-1,-1,-1,1,-1,-1,-1,1,-1,-1,-1,-1,1,1,-1,-1,-1,-1,-1,-1,-1,1,1,-1,1,1,1,-1,-1,-1,0.025,-139.18817985722882,1
596,-1,-1,-1,1,1,-1,-1,1,1,-1,-1,1,1,-1,1,1,1,1,-1,-1,1,1,1,1,-1,-1,1,1,-1,-1,-1,1,-1,1,-1,1,1,-1,-1,-1,0.0,-144.9296413384049,1
597,-1,1,-1,-1,1,1,1,-1,-1,1,-1,-1,-1,1,-1,-1,-1,1,-1,-1,-1,-1,1,1,-1,-1,1,1,-1,-1,1,-1,1,-1,1,-1,1,-1,-1,1,0.0,-144.9079242710807,1
598,-1,1,-1,-1,-1,1,-1,-1,-1,1,1,-1,1,1,-1,-1,-1,1,-1,-1,-1,-1,1,1,1,-1,1,1,-1,-1,1,-1,1,-1,1,-1,1,-1,-1,1,0.0,-144.889806976408,1
599,1,-1,1,-1,1,-1,1,-1,1,-1,-1,1,-1,1,-1,1,-1,-1,1,1,-1,-1,1,-1,1,-1,1,-1,1,1,1,-1,-1,1,-1,-1,-1,1,-1,1,0.0,-144.59363196395273,1
600,-1,1,-1,-1,1,1,-1,-1,1,-1,1,-1,1,-1,-1,1,1,1,1,-1,-1,-1,1,1,-1,1,1,1,-1,-1,1,-1,1,-1,1,1,1,-1,-1,1,0.0,-144.50107967368567,1
601,-1,1,-1,1,-1,1,1,1,1,1,1,-1,1,-1,1,1,-1,1,1,-1,1,1,1,1,-1,1,1,1,-1,-1,-1,1,1,-1,1,1,1,-1,-1,-1,0.0,-144.46956719864193,1
602,-1,1,-1,-1,1,1,-1,-1,1,-1,1,-1,-1,-1,-1,1,1,1,-1,-1,-1,-1,1,1,-1,-1,1,1,-1,-1,1,-1,1,-1,1,1,1,-1,-1,1,0.0,-144.43114857687,1
603,1,1,-1,-1,1,-1,-1,1,-1,1,-1,1,1,-1,1,1,1,-1,-1,1,1,1,1,1,-1,1,1,-1,-1,1,-1,1,-1,1,-1,1,1,1,1,-1,0.0,-144.40809667023603,1
604,1,-1,1,-1,-1,-1,1,-1,1,-1,1,-1,1,-1,1,1,-1,-1,1,1,1,1,-1,-1,1,-1,1,1,1,1,1,1,-1,1,-1,1,-1,1,1,-1,0.0,-144.36769043024313,1
605,-1,1,-1,-1,-1,1,-1,1,-1,1,-1,1,-1,1,-1,-1,-1,1,-1,-1,-1,-1,1,1,-1,1,1,-1,-1,-1,-1,1,1,-1,1,-1,1,-1,-1,1,0.025,-142.05241299628682,1
606,1,1,1,-1,-1,1,1,-1,1,-1,1,-1,1,1,-1,-1,-1,1,1,1,1,-1,1,-1,1,1,-1,1,-1,1,1,-1,1,-1,1,-1,1,1,-1,1,0.0,-143.920459355167,1
607,-1,1,-1,-1,1,1,1,-1,-1,1,-1,-1,-1,1,-1,-1,-1,1,-1,-1,-1,-1,1,1,-1,-1,1,-1,-1,1,1,-1,1,-1,1,-1,1,-1,-1,1,0.0,-143.8791724179866,1
608,1,-1,1,1,1,-1,1,-1,1,-1,1,-1,1,-1,1,1,-1,-1,1,1,1,1,-1,-1,1,1,1,1,1,1,1,1,1,1,-1,1,-1,1,1,-1,0.0,-143.84626823709877,1
609,-1,-1,1,-1,1,-1,-1,-1,1,-1,-1,-1,-1,-1,-1,1,1,-1,-1,1,-1,-1,1,1,1,-1,1,1,1,1,1,-1,-1,1,-1,1,-1,1,-1,1,0.025,-147.6458612718081,1
610,-1,1,-1,1,-1,1,-1,1,1,-1,1,-1,1,-1,1,1,1,1,-1,-1,1,1,1,1,-1,1,1,1,-1,-1,-1,1,-1,-1,1,1,1,-1,-1,-1,0.025,-140.40372925116844,1
611,-1,1,-1,-1,1,1,-1,-1,1,-1,1,-1,-1,-1,-1,1,1,1,-1,-1,-1,-1,1,1,-1,-1,-1,1,-1,-1,1,1,1,-1,1,-1,1,-1,-1,1,0.0,-143.45547478145187,1
612,-1,1,-1,1,-1,1,1,1,1,-1,1,-1,1,-1,1,1,1,1,1,-1,1,1,1,-1,-1,1,-1,1,-1,-1,-1,1,1,-1,1,-1,1,-1,-1,-1,0.0,-143.35797020754592,1
613,1,-1,1,1,1,-1,1,-1,1,-1,-1,1,1,-1,1,1,1,-1,1,1,-1,1,1,-1,1,-1,1,-1,1,1,1,-1,-1,1,-1,-1,-1,1,1,-1,0.025,-144.78715579497512,1
614,1,1,-1,1,-1,1,1,1,-1,1,-1,-1,-1,1,1,-1,-1,1,-1,-1,-1,-1,-1,1,-1,1,1,-1,-1,-1,-1,1,1,-1,1,1,1,-1,1,-1,0.025,-143.08283956747798,1
615,1,1,-1,1,-1,1,-1,1,-1,-1,1,1,1,1,1,-1,1,1,1,-1,1,1,1,1,-1,1,-1,1,-1,-1,-1,1,1,-1,1,-1,1,-1,-1,-1,0.0,-143.28376375251145,1
616,-1,1,-1,1,-1,1,1,1,1,1,1,-1,-1,-1,1,1,-1,1,1,-1,1,-1,-1,-1,-1,1,-1,-1,1,-1,-1,1,1,-1,1,1,1,-1,1,-1,0.0,-143.26721267570107,1
617,1,-1,1,1,-1,1,1,-1,1,1,-1,-1,1,1,-1,-1,-1,-1,1,-1,-1,-1,-1,1,1,-1,1,-1,1,1,1,-1,1,-1,1,-1,-1,1,1,1,0.0,-143.25790932489878,1
618,1,1,-1,1,-1,1,-1,1,-1,1,-1,1,-1,1,1,-1,-1,1,-1,-1,1,-1,1,1,-1,1,-1,-1,-1,-1,-1,1,1,-1,1,1,1,-1,-1,-1,0.0,-143.19927908400092,1
619,1,1,1,-1,1,1,1,-1,-1,1,-1,-1,-1,1,-1,-1,1,-1,1,1,-1,-1,-1,-1,1,1,-1,-1,-1,1,1,-1,1,-1,1,-1,-1,1,1,-1,0.0,-143.19132760961276,1
620,-1,-1,1,-1,1,-1,1,-1,1,-1,1,1,-1,-1,-1,1,1,-1,1,1,-1,-1,1,-1,1,-1,1,1,1,1,1,-1,-1,1,-1,-1,-1,1,1,1,0.0,-143.10591350367548,1
621,1,-1,1,-1,1,-1,1,-1,-1,-1,-1,1,1,-1,1,1,1,-1,1,1,1,1,1,-1,1,1,1,1,-1,1,-1,1,-1,1,-1,-1,-1,1,1,-1,0.0,-143.08254259975817,1
622,1,1,1,-1,-1,1,1,-1,1,1,1,-1,1,1,-1,-1,-1,1,1,-1,-1,-1,1,1,1,-1,1,1,-1,1,1,-1,1,-1,1,-1,-1,-1,-1,1,0.0,-143.05426131725645,1
623,1,1,-1,1,-1,1,1,1,1,-1,1,-1,1,-1,1,1,-1,1,1,-1,1,-1,1,1,-1,1,1,1,-1,-1,-1,1,1,-1,1,1,1,-1,-1,-1,0.0,-143.0373614927558,1
624,-1,1,-1,1,1,1,1,1,1,-1,1,1,1,-1,1,1,-1,1,1,-1,1,1,1,1,-1,1,1,1,-1,-1,-1,1,1,1,1,1,1,-1,-1,-1,0.0,-143.01348346160816,1
625,-1,1,1,-1,1,1,-1,-1,1,-1,1,-1,-1,-1,-1,1,1,1,-1,-1,-1,-1,1,1,1,-1,-1,1,-1,-1,1,1,1,-1,1,1,1,-1,-1,1,0.0,-142.88866222564755,1
626,1,-1,1,-1,1,-1,1,-1,1,-1,-1,1,-1,-1,-1,1,1,-1,1,1,-1,-1,1,-1,1,-1,1,1,1,1,1,-1,-1,1,-1,-1,-1,1,-1,-1,0.025,-141.2669833981688,1
627,-1,1,-1,-1,1,1,-1,-1,1,1,-1,-1,1,1,-1,-1,-1,1,-1,1,-1,-1,1,1,1,1,1,1,-1,1,1,-1,1,-1,1,-1,1,-1,-1,1,0.0,-142.78354895929206,1
628,1,-1,1,1,1,-1,1,-1,1,1,-1,-1,1,-1,1,1,-1,-1,1,1,1,1,1,-1,1,1,1,1,-1,1,-1,-1,-1,1,-1,1,-1,1,1,-1,0.0,-142.68479182118236,1
629,-1,1,-1,-1,1,1,-1,-1,1,1,-1,-1,1,1,-1,-1,-1,1,-1,1,-1,-1,1,1,1,1,1,-1,-1,1,1,-1,1,-1,1,-1,1,-1,-1,1,0.025,-138.21596430230883,1
630,-1,1,-1,1,-1,1,1,1,1,1,1,-1,-1,-1,1,-1,-1,1,1,-1,1,-1,-1,1,-1,1,-1,-1,1,-1,-1,1,1,-1,1,1,1,-1,1,-1,0.0,-142.56401702010115,1
631,-1,1,-1,-1,-1,1,-1,-1,1,-1,1,-1,1,1,-1,-1,-1,1,-1,-1,-1,-1,1,1,-1,-1,1,1,-1,-1,1,-1,1,-1,1,1,1,-1,-1,1,0.0,-142.5069491815475,1
632,1,1,-1,1,-1,1,1,1,1,-1,1,-1,1,1,1,1,-1,1,1,-1,1,-1,-1,-1,1,1,-1,-1,1,-1,-1,1,1,-1,1,-1,1,-1,-1,-1,0.0,-142.4978273394164,1
633,-1,-1,1,1,-1,-1,1,-1,1,-1,1,1,1,-1,-1,1,1,-1,1,1,1,1,1,-1,1,-1,1,1,1,1,1,-1,-1,1,-1,-1,-1,1,1,-1,0.0,-142.4814005197276,1
634,-1,1,-1,1,-1,1,-1,1,-1,-1,1,-1,1,1,1,-1,-1,1,-1,-1,1,1,-1,1,-1,1,-1,-1,-1,-1,-1,1,1,-1,1,1,1,-1,-1,1,0.0,-142.44777536461345,1
635,1,1,1,-1,-1,-1,1,-1,-1,1,-1,-1,1,1,-1,-1,-1,-1,1,1,-1,-1,1,1,1,-1,1,1,-1,1,1,-1,1,-1,1,-1,-1,1,1,1,0.025,-149.57790720265058,1
636,-1,1,1,-1,1,1,-1,-1,1,-1,1,-1,-1,-1,-1,1,1,1,1,-1,-1,-1,1,1,1,-1,-1,1,-1,-1,1,-1,1,-1,1,-1,1,-1,-1,1,0.025,-145.07346245501884,1
637,-1,1,-1,1,-1,1,1,1,1,-1,1,-1,1,1,-1,-1,-1,1,1,-1,-1,-1,-1,-1,1,1,1,-1,1,-1,1,1,1,-1,1,-1,1,-1,-1,-1,0.025,-139.51602981907817,1
638,1,-1,1,1,1,-1,-1,1,1,-1,-1,1,1,-1,1,1,1,-1,1,1,-1,1,1,1,-1,-1,1,1,1,1,1,-1,-1,1,-1,1,-1,1,1,-1,0.0,-142.11477585831256,1
639,-1,1,-1,-1,-1,1,-1,1,-1,1,-1,1,-1,1,-1,-1,1,1,-1,-1,-1,-1,1,1,-1,1,-1,1,-1,-1,-1,-1,1,-1,1,-1,1,-1,-1,1,0.0,-142.10989095689138,1
640,-1,1,-1,1,-1,1,-1,1,-1,1,-1,1,-1,1,-1,-1,1,1,-1,-1,-1,-1,1,1,-1,1,-1,1,-1,-1,-1,-1,1,-1,1,-1,1,-1,1,1,0.0,-142.0721190642214,1
641,1,1,-1,1,-1,1,1,1,-1,1,1,-1,-1,-1,1,-1,-1,1,-1,-1,1,-1,-1,1,-1,1,-1,-1,-1,-1,-1,-1,1,-1,1,-1,1,-1,1,-1,0.0,-142.0592404496386,1
642,-1,1,-1,-1,1,1,1,-1,-1,1,-1,-1,1,1,-1,-1,-1,1,-1,1,-1,-1,1,1,1,1,1,1,-1,-1,1,-1,1,-1,1,-1,1,-1,-1,1,0.025,-140.39064282011083,1
643,1,1,-1,1,-1,1,-1,1,1,-1,1,1,1,-1,1,-1,-1,1,1,-1,1,-1,-1,1,-1,1,-1,-1,-1,-1,-1,1,1,-1,1,1,1,-1,-1,-1,0.0,-141.80665663612302,1
644,-1,-1,1,-1,1,-1,1,-1,1,-1,-1,1,1,1,-1,-1,1,-1,1,1,-1,-1,1,-1,1,-1,1,1,1,1,1,-1,-1,1,-1,-1,-1,1,1,1,0.0,-141.75001837160175,1
645,1,-1,1,-1,1,-1,1,-1,1,1,1,-1,1,-1,1,1,-1,-1,1,1,-1,1,1,-1,1,1,1,1,-1,1,1,-1,-1,1,-1,-1,-1,1,1,-1,0.0,-141.70016459856248,1
646,-1,1,-1,1,-1,1,-1,1,1,-1,1,1,1,-1,1,1,1,1,1,-1,1,1,1,1,-1,1,-1,1,-1,-1,-1,1,1,-1,1,1,1,-1,-1,-1,0.025,-160.70041830158516,1
647,1,1,-1,-1,1,1,1,-1,1,1,-1,-1,1,1,-1,-1,-1,-1,1,1,-1,-1,1,1,1,1,1,1,-1,1,-1,-1,1,-1,1,-1,1,1,1,1,0.0,-141.4745114499612,1
648,-1,1,1,-1,1,1,-1,-1,1,-1,1,-1,-1,-1,1,1,1,1,-1,-1,-1,-1,-1,1,-1,-1,-1,-1,1,-1,1,1,1,-1,1,1,1,-1,-1,1,0.0,-141.44795878617768,1
649,1,-1,1,-1,1,-1,1,-1,1,-1,-1,1,1,-1,1,1,1,-1,1,1,1,1,1,-1,1,1,1,-1,1,1,-1,1,-1,1,-1,-1,-1,1,1,1,0.025,-143.0847927505078,1
650,-1,1,-1,1,-1,1,-1,1,1,-1,1,-1,1,-1,1,1,-1,1,1,-1,1,1,1,1,-1,1,1,1,-1,-1,-1,1,1,-1,1,1,1,-1,-1,-1,0.025,-154.7971556254248,1
651,-1,1,1,-1,1,1,1,-1,1,-1,1,-1,-1,-1,-1,1,1,1,1,-1,-1,-1,1,1,1,1,-1,1,-1,-1,1,1,1,-1,1,-1,1,-1,-1,1,0.0,-141.31557065010662,1
652,-1,1,-1,-1,1,-1,-1,-1,-1,-1,1,1,1,-1,1,1,1,-1,-1,1,1,1,1,1,-1,1,-1,1,-1,-1,-1,1,1,1,-1,1,1,-1,1,1,0.0,-141.20804243578817,1
653,-1,1,-1,-1,-1,1,-1,1,-1,-1,1,-1,-1,1,-1,-1,1,1,-1,-1,-1,-1,1,-1,1,1,-1,1,-1,-1,-1,1,1,-1,1,-1,1,-1,-1,1,0.0,-141.19869814779867,1
654,-1,1,-1,1,-1,1,-1,1,-1,1,1,-1,-1,-1,1,-1,1,1,-1,-1,-1,-1,-1,1,-1,1,-1,1,-1,-1,-1,1,1,-1,1,1,1,-1,1,-1,0.0,-141.07071622981002,1
655,1,1,-1,-1,-1,1,1,1,-1,1,1,-1,-1,-1,1,-1,1,1,1,-1,1,-1,-1,-1,-1,1,-1,-1,-1,-1,-1,1,1,-1,1,-1,1,-1,-1,-1,0.025,-148.32670924372002,1
656,-1,1,1,-1,1,-1,-1,-1,1,-1,1,-1,1,-1,-1,1,1,1,1,1,-1,1,1,1,1,-1,1,1,1,1,1,-1,-1,1,-1,1,-1,1,-1,1,0.0,-140.63868329656484,1
657,1,1,-1,1,-1,-1,-1,1,-1,-1,1,1,1,-1,1,1,1,1,-1,-1,1,1,1,-1,-1,1,1,1,-1,-1,-1,1,-1,1,-1,1,1,-1,-1,-1,0.0,-140.6173846480525,1
658,1,-1,-1,1,-1,-1,1,1,-1,1,-1,1,1,-1,1,1,-1,-1,1,1,1,1,-1,-1,1,1,1,1,-1,1,-1,1,-1,1,-1,1,-1,1,1,-1,0.0,-140.4864364935082,1
659,1,1,-1,1,-1,1,1,1,1,1,1,-1,1,-1,1,1,-1,1,1,-1,1,-1,1,1,-1,1,1,-1,-1,-1,-1,1,1,-1,1,1,1,-1,-1,-1,0.0,-140.41482110599782,1
660,1,1,-1,1,-1,1,-1,1,-1,-1,1,1,-1,-1,1,1,1,1,1,-1,1,-1,1,1,-1,1,-1,1,-1,-1,-1,1,1,-1,1,-1,1,-1,-1,-1,0.0,-140.35919857855683,1
661,-1,1,-1,1,-1,1,-1,1,1,-1,1,1,1,-1,1,1,-1,1,1,-1,1,-1,1,1,-1,1,1,1,-1,-1,-1,1,1,-1,1,1,1,-1,-1,-1,0.0,-140.22118806967478,1
662,-1,1,-1,1,-1,1,1,1,1,-1,1,-1,1,-1,-1,-1,-1,1,1,-1,1,-1,-1,-1,1,1,-1,1,-1,-1,-1,1,1,-1,1,1,1,-1,-1,-1,0.0,-140.14397088000783,1
663,-1,1,-1,-1,1,1,-1,1,-1,1,-1,1,-1,1,-1,-1,-1,1,-1,-1,-1,-1,1,1,-1,-1,-1,-1,-1,-1,1,-1,1,-1,1,-1,1,-1,-1,1,0.025,-153.54951160981707,1
664,-1,1,-1,1,1,-1,-1,1,-1,-1,-1,1,1,-1,1,-1,1,-1,-1,1,1,1,1,1,-1,1,-1,1,-1,-1,-1,1,-1,1,-1,1,1,-1,1,1,0.0,-140.11479258464743,1
665,1,-1,1,1,-1,-1,-1,1,1,-1,1,1,1,-1,1,1,1,-1,1,1,1,1,-1,-1,1,-1,1,-1,1,1,-1,1,-1,1,-1,1,-1,1,1,-1,0.0,-140.0578862375969,1
666,1,1,-1,-1,-1,1,-1,1,1,-1,1,1,-1,-1,1,1,1,1,1,-1,1,-1,1,1,-1,1,-1,1,-1,-1,-1,1,1,-1,1,-1,1,-1,-1,-1,0.0,-139.8464349235617,1
667,1,1,1,-1,-1,-1,1,-1,-1,-1,1,-1,1,-1,1,1,1,-1,1,1,1,1,-1,-1,1,1,1,1,-1,1,1,1,-1,1,-1,-1,-1,1,1,-1,0.0,-139.599927853007,1
668,1,-1,1,1,1,-1,1,-1,1,-1,1,-1,1,-1,1,1,-1,-1,1,1,1,1,-1,-1,1,1,1,1,-1,1,1,1,1,1,-1,1,-1,1,1,-1,0.0,-139.5776932093692,1
669,1,1,-1,1,-1,1,-1,1,1,1,-1,-1,1,1,1,-1,-1,1,-1,-1,-1,-1,1,1,-1,1,1,-1,-1,-1,-1,1,1,-1,1,1,1,-1,1,1,0.025,-144.52507785179074,1
670,1,1,-1,1,-1,-1,-1,1,-1,-1,1,1,-1,-1,1,1,1,1,-1,-1,1,1,1,1,-1,-1,-1,1,-1,-1,-1,1,-1,1,-1,1,1,-1,-1,-1,0.025,-145.46272823266008,1
671,1,-1,1,-1,1,-1,-1,-1,1,1,-1,1,1,-1,1,1,1,-1,1,1,-1,1,1,1,1,-1,1,1,-1,1,1,-1,-1,1,-1,1,-1,1,1,-1,0.0,-138.94471756784566,1
672,-1,1,-1,-1,1,1,-1,1,1,-1,1,-1,-1,-1,1,1,1,1,1,-1,1,-1,1,1,-1,1,-1,1,-1,-1,-1,1,-1,-1,1,1,1,-1,-1,-1,0.025,-135.8108740376373,1
673,1,-1,1,-1,-1,-1,1,-1,-1,-1,1,-1,1,-1,1,1,1,-1,1,1,1,1,-1,-1,1,-1,1,-1,1,1,-1,1,-1,1,-1,-1,-1,1,1,-1,0.0,-138.66114951342442,1
674,1,-1,1,-1,1,-1,-1,-1,1,-1,-1,1,1,-1,1,1,1,-1,1,1,-1,1,1,-1,1,-1,1,1,1,1,1,-1,-1,1,-1,-1,-1,1,1,-1,0.025,-144.8799287268686,1
675,-1,1,-1,1,-1,1,1,1,1,1,1,-1,-1,-1,1,-1,-1,1,1,-1,1,-1,-1,1,-1,1,-1,-1,-1,-1,-1,1,1,-1,1,1,1,-1,1,-1,0.025,-157.41928491466572,1
676,1,1,-1,1,-1,1,1,1,1,1,-1,-1,-1,1,-1,-1,-1,1,1,-1,-1,-1,1,1,1,1,1,-1,-1,1,-1,-1,1,-1,1,-1,1,1,-1,-1,0.0,-138.29277465014866,1
677,-1,1,-1,1,-1,1,-1,1,-1,-1,1,1,-1,1,-1,-1,1,1,1,-1,-1,-1,1,-1,1,1,-1,1,-1,-1,-1,1,1,-1,1,-1,1,-1,-1,-1,0.0,-138.2800066279974,1
678,-1,1,-1,-1,1,1,-1,-1,-1,-1,1,1,-1,1,-1,1,1,1,-1,-1,-1,-1,1,1,-1,-1,-1,-1,1,-1,1,-1,1,-1,1,-1,1,-1,-1,1,0.0,-138.1751856121031,1
679,1,1,-1,-1,1,1,1,1,1,1,1,-1,-1,-1,1,1,-1,1,1,-1,1,-1,-1,1,-1,1,-1,-1,-1,-1,-1,1,1,-1,1,1,1,-1,-1,-1,0.0,-138.0589126883625,1
680,-1,1,-1,-1,1,1,-1,1,-1,1,-1,1,1,1,-1,-1,-1,1,-1,-1,-1,-1,1,1,-1,1,1,-1,-1,-1,1,1,1,-1,1,-1,1,-1,-1,1,0.025,-143.23866596854901,1
681,-1,-1,-1,-1,1,-1,-1,-1,-1,1,-1,1,1,-1,1,1,1,-1,-1,1,-1,1,1,1,-1,-1,1,1,1,1,1,-1,-1,1,-1,1,-1,1,1,-1,0.025,-139.21857719077965,1
682,1,-1,1,1,1,-1,1,-1,1,-1,-1,-1,1,-1,1,1,1,-1,1,1,1,1,-1,-1,1,1,1,1,-1,1,-1,1,-1,1,-1,1,-1,1,1,-1,0.0,-137.6075253387776,1
683,-1,1,1,-1,1,1,-1,-1,-1,1,-1,-1,-1,1,-1,-1,-1,1,-1,1,-1,-1,-1,1,1,1,-1,-1,-1,-1,1,-1,1,-1,1,-1,1,-1,1,1,0.0,-137.5261782211465,1
684,-1,1,-1,-1,1,-1,-1,1,-1,1,-1,1,1,-1,1,1,1,-1,-1,1,1,1,1,1,-1,1,1,1,-1,-1,-1,1,-1,1,-1,1,1,-1,1,-1,0.025,-149.17203971225018,1
685,-1,1,-1,-1,1,1,-1,1,-1,1,-1,1,-1,1,-1,-1,1,1,-1,-1,-1,-1,-1,1,-1,-1,-1,-1,1,-1,-1,-1,1,-1,1,-1,1,-1,-1,1,0.0,-137.31490623391218,1
686,-1,1,-1,-1,1,-1,-1,1,-1,-1,1,1,1,-1,1,1,1,-1,-1,1,1,1,1,1,-1,1,1,1,1,-1,-1,1,-1,1,1,1,1,-1,-1,1,0.025,-143.84759600174021,1
687,-1,1,-1,-1,-1,1,1,1,-1,1,-1,-1,-1,1,-1,-1,-1,1,-1,-1,-1,-1,1,1,-1,1,1,-1,-1,-1,1,-1,1,-1,1,-1,1,-1,-1,-1,0.025,-137.60918611703994,1
688,-1,1,1,-1,1,1,-1,-1,1,-1,1,-1,1,-1,-1,1,1,1,1,1,-1,-1,1,1,1,1,-1,1,-1,-1,1,1,1,-1,1,-1,1,-1,-1,1,0.025,-137.2324597792605,1
689,-1,1,-1,-1,1,1,-1,-1,1,-1,1,1,-1,1,-1,1,1,1,1,-1,-1,-1,1,1,-1,-1,1,1,-1,-1,1,-1,1,-1,1,-1,1,-1,-1,1,0.0,-136.30423577967483,1
690,1,1,-1,-1,1,1,-1,-1,-1,1,1,-1,-1,1,-1,-1,-1,1,-1,-1,-1,-1,1,1,-1,-1,-1,1,-1,-1,1,-1,1,-1,1,-1,1,-1,-1,1,0.025,-147.3232089592517,1
691,-1,1,-1,1,1,1,-1,1,1,-1,1,-1,-1,-1,1,1,1,1,1,-1,1,-1,1,1,-1,1,-1,1,-1,-1,-1,1,-1,-1,1,1,1,-1,-1,-1,0.0,-136.00240538724051,1
692,1,1,-1,-1,-1,1,1,1,1,-1,1,1,-1,-1,1,1,1,1,1,-1,1,-1,1,-1,-1,1,-1,1,-1,-1,-1,1,1,-1,1,-1,1,-1,-1,-1,0.0,-135.80015940696003,1
693,-1,1,-1,-1,-1,1,1,-1,-1,-1,1,-1,-1,1,-1,-1,1,1,1,-1,-1,-1,1,-1,1,1,-1,1,-1,-1,1,-1,1,-1,1,-1,1,-1,-1,-1,0.0,-135.76901853976955,1
694,1,1,-1,-1,-1,1,1,1,1,1,-1,-1,1,1,-1,-1,-1,1,1,-1,-1,-1,1,-1,1,1,1,-1,-1,1,-1,1,1,-1,1,-1,1,1,-1,-1,0.025,-145.73493325896033,1
695,1,1,1,-1,1,1,-1,-1,1,1,-1,-1,1,1,-1,-1,-1,1,-1,1,-1,-1,1,1,1,1,1,1,-1,1,1,-1,1,-1,1,-1,-1,-1,-1,1,0.0,-135.68627123275,1
696,-1,1,-1,1,-1,1,-1,1,-1,-1,-1,1,-1,1,-1,-1,1,1,-1,-1,-1,-1,1,1,-1,1,-1,1,-1,-1,-1,1,1,-1,1,-1,1,-1,-1,1,0.025,-141.46589540682712,1
697,-1,-1,1,-1,1,-1,1,-1,1,-1,1,1,-1,1,-1,1,-1,-1,1,1,-1,-1,1,-1,1,-1,1,1,1,1,1,-1,-1,1,-1,-1,-1,1,-1,1,0.025,-140.04610312739865,1
698,-1,1,-1,1,-1,1,1,-1,1,-1,1,-1,-1,1,-1,-1,-1,1,1,-1,-1,-1,1,1,1,-1,1,1,-1,-1,1,-1,1,-1,1,-1,1,-1,-1,1,0.0,-134.95320861675407,1
699,-1,1,-1,-1,1,1,-1,1,1,1,1,-1,-1,-1,1,1,1,1,1,-1,-1,-1,1,1,-1,1,-1,1,-1,-1,-1,1,1,-1,1,1,1,-1,1,-1,0.0,-134.87448566690503,1
700,1,1,1,-1,1,-1,1,-1,-1,1,-1,-1,1,-1,1,1,1,-1,1,1,1,1,1,-1,1,1,1,1,-1,1,1,-1,-1,1,-1,-1,-1,1,1,-1,0.0,-134.801591086494,1
701,1,-1,-1,1,-1,1,1,1,1,-1,1,1,-1,-1,1,1,1,1,1,-1,-1,-1,-1,-1,1,1,-1,-1,1,-1,-1,1,1,-1,1,-1,1,-1,-1,-1,0.0,-134.79824831774746,1
702,-1,1,-1,-1,-1,1,-1,-1,-1,1,-1,1,-1,1,-1,-1,1,1,-1,-1,-1,-1,1,1,-1,-1,-1,1,-1,-1,1,-1,1,-1,1,-1,1,-1,-1,1,0.025,-132.58940892986465,1
703,1,1,-1,-1,-1,1,1,1,-1,1,1,-1,-1,1,-1,-1,-1,1,1,-1,1,-1,1,1,-1,1,1,1,-1,-1,-1,-1,1,-1,1,-1,1,-1,-1,-1,0.0,-134.6136598901765,1
704,-1,1,-1,1,-1,1,-1,1,1,-1,1,1,-1,-1,1,1,1,1,1,-1,-1,-1,1,1,-1,1,-1,1,-1,-1,-1,1,-1,-1,1,1,1,-1,1,-1,0.025,-133.05722897317392,1
705,-1,1,-1,1,-1,1,-1,1,-1,-1,1,-1,1,-1,1,-1,-1,1,-1,-1,1,-1,-1,1,-1,1,-1,1,-1,-1,-1,1,1,-1,1,1,1,-1,-1,1,0.0,-134.42583744008402,1
706,1,-1,1,1,-1,1,1,-1,1,-1,1,-1,-1,-1,1,1,1,1,1,-1,1,-1,-1,-1,1,1,-1,-1,-1,-1,-1,1,1,-1,1,-1,1,-1,-1,-1,0.0,-133.85731221031492,1
707,1,1,-1,1,-1,1,1,1,1,-1,1,1,-1,-1,1,1,1,1,1,-1,1,-1,-1,-1,-1,1,-1,-1,-1,-1,-1,1,1,-1,1,-1,1,-1,-1,-1,0.025,-146.22916942619491,1
708,1,-1,1,-1,-1,-1,1,-1,-1,-1,-1,1,1,1,-1,-1,1,-1,1,1,1,1,-1,-1,1,-1,1,-1,1,1,1,-1,-1,1,-1,-1,-1,1,1,1,0.0,-133.64409088529322,1
709,1,-1,1,1,1,-1,1,-1,1,-1,1,-1,1,-1,1,1,1,-1,1,1,-1,1,-1,-1,1,-1,1,-1,1,1,1,1,-1,1,-1,1,-1,1,1,-1,0.025,-140.95797364193822,1
710,-1,1,-1,-1,-1,1,-1,1,1,-1,-1,1,-1,1,-1,-1,1,1,-1,-1,-1,-1,1,1,-1,-1,-1,-1,-1,-1,1,-1,-1,-1,1,-1,1,-1,-1,1,0.0,-132.45718194198622,1
711,-1,1,1,1,1,1,1,-1,1,-1,1,-1,-1,-1,-1,1,1,1,1,-1,-1,-1,1,-1,1,1,-1,1,-1,-1,1,1,1,-1,1,-1,1,-1,-1,-1,0.0,-131.87536631267812,1
712,1,1,-1,1,-1,1,1,1,1,1,-1,-1,1,-1,1,-1,-1,1,1,-1,-1,-1,-1,1,-1,1,1,-1,-1,-1,-1,1,1,-1,1,1,1,1,1,-1,0.05,-140.34001016994333,1
713,-1,1,-1,1,-1,1,1,1,1,-1,1,-1,1,1,-1,-1,-1,1,1,-1,-1,-1,1,1,-1,1,1,1,-1,-1,-1,-1,1,-1,1,-1,1,-1,-1,-1,0.0,-129.84053928878052,1
714,-1,1,-1,-1,1,1,-1,-1,1,-1,1,-1,-1,1,-1,1,-1,1,1,-1,-1,-1,1,1,1,-1,-1,1,-1,-1,1,-1,1,-1,1,-1,1,-1,-1,1,0.025,-141.86065108055774,1
715,1,-1,1,1,1,-1,1,-1,-1,1,-1,1,-1,-1,1,1,1,-1,-1,1,-1,1,1,-1,1,-1,1,1,-1,1,-1,-1,-1,1,-1,-1,-1,1,1,-1,0.025,-140.3856793626444,1
716,-1,1,1,-1,1,1,1,-1,1,-1,-1,-1,1,1,-1,-1,1,1,1,1,-1,-1,1,1,1,-1,1,-1,1,-1,1,-1,1,-1,1,-1,1,-1,-1,1,0.025,-121.36624491165493,1
717,1,-1,1,-1,1,-1,1,-1,-1,1,1,-1,1,-1,1,1,-1,-1,1,1,1,1,-1,-1,1,-1,1,1,-1,1,1,-1,1,1,-1,-1,-1,1,1,-1,0.0,-125.52969120888935,1
718,-1,1,-1,-1,1,1,-1,-1,1,-1,-1,-1,-1,-1,-1,-1,1,1,-1,-1,-1,-1,1,1,-1,1,1,-1,-1,-1,1,1,1,-1,1,1,1,-1,-1,1,0.0,-125.01968731716417,1
719,-1,1,1,-1,1,1,1,-1,1,-1,1,-1,1,-1,-1,1,1,1,1,-1,1,-1,-1,-1,1,1,-1,-1,-1,-1,1,1,1,-1,1,-1,1,-1,-1,1,0.0,-124.58640144028415,1
720,-1,-1,1,-1,1,-1,-1,-1,1,-1,1,1,1,-1,-1,1,1,-1,-1,1,-1,1,1,1,1,-1,1,1,-1,-1,1,-1,-1,1,-1,1,-1,-1,1,1,0.0,-123.85920514784749,1
721,1,-1,1,-1,1,-1,-1,-1,1,-1,1,1,1,-1,1,1,-1,-1,1,1,1,1,1,-1,1,1,1,1,-1,1,1,1,1,1,-1,1,-1,1,1,1,0.0,-116.21247938817072,1
722,-1,1,-1,1,1,1,-1,1,1,-1,1,1,-1,-1,1,-1,1,1,1,-1,-1,-1,1,1,-1,-1,-1,-1,1,-1,-1,1,-1,-1,1,1,1,-1,1,-1,0.025,-117.35030200204248,1
