,0,1,2,3,4,5,6,7,8,9,10,11,12,13,14,15,16,17,18,19,20,21,22,23,24,25,26,27,28,29,30,31,32,33,34,35,36,37,38,39,chain_break_fraction,energy,num_occurrences
0,-1,1,1,-1,-1,1,-1,-1,1,-1,1,-1,1,1,1,-1,-1,1,-1,1,1,-1,-1,1,-1,-1,1,1,1,1,1,-1,1,1,1,-1,1,-1,1,-1,0.0,-178.4204515485133,4
1,1,-1,-1,1,1,-1,1,1,-1,1,-1,1,-1,-1,-1,1,1,-1,1,-1,-1,1,1,-1,1,1,-1,-1,-1,-1,-1,1,-1,-1,-1,1,-1,1,-1,1,0.0,-178.4204515485133,24
2,1,-1,-1,1,1,-1,1,1,-1,1,-1,1,-1,-1,-1,1,1,-1,1,-1,-1,1,1,-1,1,1,-1,-1,-1,-1,1,1,-1,-1,-1,1,-1,1,-1,1,0.0,-177.2939590992246,12
3,-1,1,1,-1,-1,1,-1,-1,1,-1,1,-1,1,1,1,-1,-1,1,-1,1,1,-1,-1,1,-1,-1,1,1,1,1,-1,-1,1,1,1,-1,1,-1,1,-1,0.0,-177.2939590992246,1
4,-1,1,1,-1,1,1,-1,-1,1,-1,1,-1,1,1,1,-1,-1,1,-1,1,1,-1,-1,1,-1,-1,-1,1,1,1,1,-1,1,1,1,-1,1,-1,1,-1,0.0,-176.7873090448981,2
5,1,-1,-1,1,-1,-1,1,1,-1,1,-1,1,-1,-1,-1,1,1,-1,1,-1,-1,1,1,-1,1,1,1,-1,-1,-1,-1,1,-1,-1,-1,1,-1,1,-1,1,0.0,-176.7873090448981,37
6,-1,1,-1,-1,-1,1,-1,-1,1,-1,1,-1,1,1,1,-1,1,1,-1,1,1,1,-1,-1,1,-1,1,1,1,1,1,-1,1,1,1,-1,-1,-1,1,-1,0.0,-176.5049885923406,8
7,1,-1,1,1,1,-1,1,1,-1,1,-1,1,-1,-1,-1,1,-1,-1,1,-1,-1,-1,1,1,-1,1,-1,-1,-1,-1,-1,1,-1,-1,-1,1,1,1,-1,1,0.0,-176.5049885923406,17
8,1,-1,-1,1,1,-1,1,1,-1,1,-1,1,-1,-1,-1,1,1,-1,1,-1,-1,-1,1,-1,1,1,-1,-1,-1,-1,-1,1,-1,-1,-1,1,-1,1,-1,1,0.0,-176.4335448694187,17
9,1,-1,-1,1,1,-1,1,1,-1,1,-1,1,-1,-1,-1,1,-1,-1,1,-1,-1,1,1,-1,1,1,1,-1,-1,-1,-1,1,-1,-1,-1,1,-1,1,-1,1,0.0,-176.10910534524447,36
10,-1,1,1,-1,-1,1,-1,-1,1,-1,1,-1,1,1,1,-1,1,1,-1,1,1,-1,-1,1,-1,-1,-1,1,1,1,1,-1,1,1,1,-1,1,-1,1,-1,0.0,-176.10910534524447,1
11,1,-1,-1,1,1,-1,1,1,-1,1,-1,1,-1,-1,-1,1,1,-1,1,-1,-1,-1,1,-1,1,1,-1,-1,-1,-1,1,1,-1,-1,-1,1,-1,1,-1,1,0.0,-175.93711441599373,11
12,1,-1,-1,1,1,-1,1,1,-1,1,-1,1,-1,-1,-1,1,-1,-1,1,-1,-1,-1,1,1,-1,1,-1,-1,-1,-1,-1,1,-1,-1,-1,1,-1,1,-1,1,0.0,-175.21213451978917,15
13,-1,1,1,-1,-1,1,-1,-1,1,-1,1,-1,1,1,1,-1,1,1,-1,1,1,1,-1,-1,1,-1,1,1,1,1,1,-1,1,1,1,-1,1,-1,1,-1,0.0,-175.21213451978917,5
14,1,-1,-1,1,1,-1,1,1,-1,1,-1,1,-1,-1,-1,1,1,-1,1,-1,-1,1,1,-1,1,1,1,-1,-1,-1,-1,1,-1,-1,-1,1,-1,1,-1,1,0.0,-175.17391582950722,10
15,-1,1,1,-1,-1,1,-1,-1,1,-1,1,-1,1,1,1,-1,-1,1,-1,1,1,-1,-1,1,-1,-1,-1,1,1,1,1,-1,1,1,1,-1,1,-1,1,-1,0.0,-175.17391582950722,2
16,-1,1,1,-1,-1,1,-1,-1,1,-1,1,-1,1,1,1,-1,1,1,-1,1,1,1,-1,1,-1,-1,-1,1,1,1,1,-1,1,1,1,-1,1,-1,1,-1,0.0,-175.01305055324366,1
17,1,-1,-1,1,1,-1,1,1,-1,1,-1,1,-1,-1,-1,1,-1,-1,1,-1,-1,-1,1,-1,1,1,1,-1,-1,-1,-1,1,-1,-1,-1,1,-1,1,-1,1,0.0,-175.01305055324366,35
18,-1,1,-1,-1,-1,1,-1,-1,1,-1,1,-1,1,1,1,-1,1,1,-1,1,1,1,-1,-1,1,-1,1,1,1,1,1,-1,1,1,1,-1,1,-1,1,-1,0.0,-174.36645261330972,2
19,1,-1,1,1,1,-1,1,1,-1,1,-1,1,-1,-1,-1,1,-1,-1,1,-1,-1,-1,1,1,-1,1,-1,-1,-1,-1,-1,1,-1,-1,-1,1,-1,1,-1,1,0.0,-174.36645261330972,7
20,-1,-1,1,-1,1,-1,1,1,1,1,-1,1,1,-1,1,-1,-1,1,1,-1,-1,-1,1,1,-1,-1,1,-1,-1,1,-1,1,1,1,-1,-1,1,-1,-1,1,0.0,-173.3350877975149,14
21,1,1,-1,1,-1,1,-1,-1,-1,-1,1,-1,-1,1,-1,1,1,-1,-1,1,1,1,-1,-1,1,1,-1,1,1,-1,1,-1,-1,-1,1,1,-1,1,1,-1,0.0,-173.3350877975149,33
22,1,-1,-1,1,1,-1,1,1,-1,1,-1,1,1,-1,-1,1,1,-1,1,-1,-1,1,1,-1,1,1,-1,-1,-1,-1,1,1,-1,-1,-1,1,-1,1,-1,1,0.0,-173.21837961979918,3
23,-1,1,1,-1,-1,1,-1,-1,1,-1,1,-1,-1,1,1,-1,-1,1,-1,1,1,-1,-1,1,-1,-1,1,1,1,1,-1,-1,1,1,1,-1,1,-1,1,-1,0.0,-173.21837961979918,1
24,1,-1,-1,1,1,-1,1,1,-1,1,-1,1,-1,-1,-1,1,-1,-1,1,-1,-1,-1,1,-1,-1,1,-1,-1,-1,-1,1,1,-1,-1,-1,1,-1,1,-1,1,0.0,-173.1197384303597,2
25,1,-1,-1,1,1,-1,1,1,-1,1,-1,1,-1,-1,-1,1,-1,-1,1,-1,-1,-1,1,1,-1,1,1,-1,-1,-1,-1,1,-1,-1,-1,1,-1,1,-1,1,0.0,-173.11554038224904,28
26,1,-1,-1,1,1,-1,1,1,-1,1,-1,1,-1,-1,-1,1,1,-1,1,-1,-1,-1,1,-1,1,1,1,-1,-1,-1,-1,1,-1,-1,-1,1,-1,1,-1,1,0.0,-172.78945791995062,7
27,1,-1,-1,1,1,-1,1,1,-1,1,-1,1,-1,-1,-1,1,-1,-1,1,-1,-1,1,1,-1,1,1,-1,-1,-1,-1,1,1,-1,-1,-1,1,-1,1,-1,1,0.0,-172.75231998296402,1
28,1,-1,-1,1,1,-1,1,1,-1,1,-1,1,-1,-1,-1,1,1,-1,1,-1,-1,-1,1,-1,-1,1,-1,-1,-1,-1,-1,1,-1,-1,-1,1,-1,1,-1,1,0.0,-172.71912063313857,1
29,1,-1,-1,1,1,-1,1,1,-1,1,-1,1,-1,-1,-1,1,-1,-1,1,-1,-1,-1,1,-1,1,1,-1,-1,-1,-1,1,1,-1,-1,-1,1,-1,1,-1,1,0.0,-172.68387841728895,6
30,1,-1,-1,1,1,-1,1,1,-1,1,-1,1,-1,-1,-1,1,-1,-1,1,-1,-1,-1,1,1,-1,1,-1,-1,-1,-1,1,1,-1,-1,-1,1,-1,1,-1,1,0.0,-172.6162868420708,8
31,1,-1,-1,1,1,-1,1,1,-1,1,-1,1,-1,-1,-1,1,1,-1,1,-1,-1,-1,1,-1,-1,1,-1,-1,-1,-1,1,1,-1,-1,-1,1,-1,1,-1,1,0.0,-172.36030480958817,2
32,-1,1,-1,-1,-1,1,-1,-1,1,-1,1,-1,1,1,1,-1,1,1,-1,1,1,1,-1,-1,1,-1,1,1,1,1,1,-1,1,1,1,1,1,-1,1,-1,0.0,-172.3456035603063,1
33,1,-1,1,1,1,-1,1,1,-1,1,-1,1,-1,-1,-1,1,-1,-1,1,-1,-1,-1,1,1,-1,1,-1,-1,-1,-1,1,1,-1,-1,-1,1,1,1,-1,1,0.0,-172.32785249829203,2
34,1,1,-1,-1,-1,1,-1,-1,1,-1,1,-1,1,1,-1,1,1,1,-1,1,1,1,-1,-1,1,-1,1,1,1,1,1,-1,-1,1,1,1,1,-1,1,-1,0.0,-172.187386102821,2
35,1,-1,-1,1,1,-1,1,1,-1,1,-1,1,-1,-1,-1,1,1,-1,1,-1,-1,-1,1,-1,-1,1,-1,-1,-1,-1,-1,1,-1,-1,-1,-1,-1,1,-1,1,0.0,-172.05320553439947,2
36,1,-1,-1,1,1,-1,1,1,-1,1,-1,1,-1,-1,-1,1,1,-1,1,-1,-1,-1,1,1,-1,1,-1,-1,-1,-1,-1,1,-1,-1,-1,1,-1,1,-1,1,0.0,-171.6417214350227,2
37,-1,1,1,-1,-1,1,-1,-1,1,-1,1,-1,1,1,1,-1,-1,1,-1,1,1,1,-1,-1,1,-1,1,1,1,1,1,-1,1,1,1,-1,1,-1,1,-1,0.0,-171.6417214350227,1
38,-1,1,-1,-1,-1,1,-1,-1,1,-1,1,-1,1,1,-1,-1,1,1,-1,1,1,1,-1,-1,1,-1,1,1,1,1,1,-1,1,1,1,-1,-1,-1,1,-1,0.0,-171.5932261535259,2
39,1,-1,1,1,1,-1,1,1,-1,1,-1,1,-1,-1,1,1,-1,-1,1,-1,-1,-1,1,1,-1,1,-1,-1,-1,-1,-1,1,-1,-1,-1,1,1,1,-1,1,0.0,-171.5932261535259,1
40,-1,1,1,-1,-1,1,-1,-1,1,-1,1,-1,1,1,1,-1,1,1,-1,1,1,-1,-1,-1,1,-1,1,1,1,1,1,-1,1,1,1,-1,1,-1,1,-1,0.0,-171.5496373565589,1
41,1,-1,-1,1,1,-1,1,1,-1,1,-1,1,-1,-1,-1,1,-1,-1,1,-1,-1,1,1,1,-1,1,-1,-1,-1,-1,-1,1,-1,-1,-1,1,-1,1,-1,1,0.0,-171.5496373565589,2
42,-1,1,1,-1,-1,1,-1,-1,1,-1,1,-1,-1,1,1,-1,-1,1,-1,1,1,1,-1,1,-1,-1,1,1,1,1,-1,-1,1,1,1,-1,1,-1,1,-1,0.0,-171.44571716051888,1
43,1,-1,-1,1,1,-1,1,1,-1,1,-1,1,1,-1,-1,1,1,-1,1,-1,-1,-1,1,-1,1,1,-1,-1,-1,-1,1,1,-1,-1,-1,1,-1,1,-1,1,0.0,-171.44571716051888,6
44,1,-1,-1,1,-1,-1,1,1,-1,1,-1,1,-1,-1,-1,1,1,-1,1,-1,-1,1,1,-1,1,1,-1,-1,-1,-1,-1,1,-1,-1,-1,1,-1,1,-1,1,0.0,-171.39147168753385,1
45,1,-1,-1,1,-1,-1,1,1,-1,1,-1,1,-1,-1,-1,1,1,-1,1,-1,-1,1,1,-1,1,1,-1,-1,-1,-1,1,1,-1,-1,-1,1,-1,1,-1,1,0.0,-171.14730611594138,1
46,1,-1,-1,1,-1,-1,1,1,-1,1,-1,1,-1,-1,-1,1,-1,-1,1,-1,-1,1,1,-1,1,1,1,-1,-1,-1,-1,1,-1,-1,-1,1,-1,1,-1,1,0.0,-171.14060963124587,3
47,1,-1,-1,1,1,-1,1,1,-1,1,-1,1,-1,-1,-1,1,-1,-1,1,-1,-1,1,1,1,1,1,1,-1,-1,-1,-1,1,-1,-1,-1,1,-1,1,-1,1,0.0,-171.10681533815966,4
48,1,1,-1,-1,-1,1,-1,-1,1,-1,1,-1,1,1,-1,1,1,1,-1,1,1,1,-1,-1,1,-1,-1,1,1,1,1,-1,-1,1,1,1,1,-1,1,-1,0.0,-171.07679280499633,2
49,-1,-1,1,1,1,-1,1,1,-1,1,-1,1,-1,-1,1,-1,-1,-1,1,-1,-1,-1,1,1,-1,1,1,-1,-1,-1,-1,1,1,-1,-1,-1,-1,1,-1,1,0.0,-171.07679280499633,9
50,1,1,1,-1,-1,1,-1,-1,1,-1,1,-1,1,1,-1,1,1,1,-1,1,1,1,-1,-1,1,-1,1,1,1,1,1,-1,1,1,1,-1,1,-1,1,-1,0.0,-171.05645568700578,4
51,-1,-1,-1,1,1,-1,1,1,-1,1,-1,1,-1,-1,1,-1,-1,-1,1,-1,-1,-1,1,1,-1,1,-1,-1,-1,-1,-1,1,-1,-1,-1,1,-1,1,-1,1,0.0,-171.05645568700578,6
52,1,1,1,-1,-1,1,-1,-1,1,-1,1,-1,1,1,-1,1,1,1,-1,1,1,1,-1,-1,1,-1,-1,1,1,1,1,-1,-1,1,1,1,1,-1,1,-1,0.0,-171.0187393223183,2
53,-1,-1,-1,1,1,-1,1,1,-1,1,-1,1,-1,-1,1,-1,-1,-1,1,-1,-1,-1,1,1,-1,1,1,-1,-1,-1,-1,1,1,-1,-1,-1,-1,1,-1,1,0.0,-171.0187393223183,4
54,-1,-1,1,-1,1,-1,1,1,-1,1,-1,1,1,-1,1,-1,-1,1,1,-1,-1,-1,1,1,-1,-1,1,-1,-1,1,-1,1,1,1,-1,-1,1,-1,-1,1,0.0,-170.9354395645371,6
55,1,1,-1,1,-1,1,-1,-1,1,-1,1,-1,-1,1,-1,1,1,-1,-1,1,1,1,-1,-1,1,1,-1,1,1,-1,1,-1,-1,-1,1,1,-1,1,1,-1,0.0,-170.9354395645371,4
56,1,-1,-1,1,1,-1,1,1,-1,1,-1,1,-1,-1,-1,-1,-1,-1,1,-1,-1,-1,1,1,-1,1,-1,-1,-1,-1,-1,1,-1,-1,-1,1,-1,1,-1,1,0.0,-170.89651827324678,7
57,-1,1,1,-1,-1,1,-1,-1,1,-1,1,-1,1,1,1,1,1,1,-1,1,1,1,-1,-1,1,-1,1,1,1,1,1,-1,1,1,1,-1,1,-1,1,-1,0.0,-170.89651827324678,2
58,1,-1,-1,1,1,-1,1,1,-1,1,-1,1,-1,-1,-1,1,1,-1,1,-1,-1,1,1,-1,1,1,-1,-1,-1,-1,-1,1,-1,-1,-1,1,-1,1,-1,1,0.025,-178.4204515485133,1
59,1,1,-1,1,-1,1,-1,-1,-1,-1,1,-1,1,1,-1,1,1,-1,-1,1,1,1,-1,-1,1,1,-1,1,1,-1,1,-1,-1,-1,1,1,-1,1,1,-1,0.0,-170.6997715243329,7
60,-1,-1,1,-1,1,-1,1,1,1,1,-1,1,-1,-1,1,-1,-1,1,1,-1,-1,-1,1,1,-1,-1,1,-1,-1,1,-1,1,1,1,-1,-1,1,-1,-1,1,0.0,-170.6997715243329,3
61,1,1,-1,1,-1,1,-1,-1,1,-1,1,-1,-1,1,-1,1,1,-1,-1,1,1,1,-1,-1,1,1,-1,1,1,-1,1,-1,-1,-1,1,1,-1,1,1,-1,0.025,-170.9354395645371,12
62,-1,-1,1,-1,1,-1,1,1,-1,1,-1,1,1,-1,1,-1,-1,1,1,-1,-1,-1,1,1,-1,-1,1,-1,-1,1,-1,1,1,1,-1,-1,1,-1,-1,1,0.025,-170.9354395645371,2
63,1,-1,-1,1,1,-1,1,1,-1,1,-1,1,-1,-1,-1,1,-1,-1,1,-1,-1,-1,1,-1,-1,1,-1,-1,-1,-1,-1,1,-1,-1,-1,1,-1,1,-1,1,0.0,-170.60058880886157,2
64,1,-1,-1,1,1,-1,1,1,-1,1,-1,1,-1,-1,-1,1,1,-1,1,-1,-1,1,1,-1,-1,1,-1,-1,-1,-1,-1,1,-1,-1,-1,1,-1,1,-1,1,0.0,-170.52989362526432,1
65,1,-1,-1,1,1,-1,1,1,-1,1,-1,1,-1,-1,-1,1,-1,-1,1,-1,-1,-1,1,-1,1,1,-1,-1,-1,-1,-1,1,-1,-1,-1,1,-1,1,-1,1,0.0,-170.30234342566547,2
66,1,-1,-1,1,1,-1,1,1,-1,1,-1,1,-1,-1,-1,1,-1,-1,1,-1,-1,-1,1,1,1,1,1,-1,-1,-1,-1,1,-1,-1,-1,1,-1,1,-1,1,0.0,-170.1956275839592,5
67,1,-1,-1,1,1,-1,1,1,-1,1,-1,1,-1,-1,-1,1,-1,-1,1,-1,-1,1,1,-1,1,1,1,-1,-1,-1,1,1,-1,-1,-1,1,-1,1,-1,1,0.0,-170.02722355451095,2
68,1,-1,1,1,1,-1,1,1,-1,1,-1,1,-1,-1,-1,-1,-1,-1,1,-1,-1,-1,1,1,-1,1,-1,-1,-1,-1,-1,1,1,-1,-1,-1,-1,1,-1,1,0.0,-170.02060163191783,1
69,-1,1,-1,-1,-1,1,-1,-1,1,-1,1,-1,1,1,1,1,1,1,-1,1,1,1,-1,-1,1,-1,1,1,1,1,1,-1,1,1,1,1,1,-1,1,-1,0.0,-169.9970752530645,1
70,1,-1,1,1,1,-1,1,1,-1,1,-1,1,-1,-1,-1,1,-1,-1,1,-1,-1,-1,1,1,-1,1,1,-1,-1,-1,-1,1,-1,-1,-1,1,-1,1,-1,1,0.0,-169.9307706565237,6
71,-1,1,-1,-1,-1,1,-1,-1,1,-1,1,-1,1,1,1,-1,1,1,-1,1,1,1,-1,-1,1,-1,-1,1,1,1,1,-1,1,1,1,-1,1,-1,1,-1,0.0,-169.9307706565237,1
72,1,-1,-1,1,1,-1,1,1,-1,1,-1,1,-1,-1,-1,1,-1,-1,1,-1,-1,1,1,1,-1,1,1,-1,-1,-1,-1,1,-1,-1,-1,1,-1,1,-1,1,0.0,-169.85059444948075,2
73,-1,-1,-1,1,1,-1,1,1,-1,1,-1,1,-1,-1,1,-1,-1,-1,1,-1,-1,-1,1,1,-1,1,-1,-1,-1,-1,-1,1,1,-1,-1,-1,-1,1,-1,1,0.0,-169.79024480089709,1
74,1,1,1,-1,-1,1,-1,-1,1,-1,1,-1,1,1,-1,1,1,1,-1,1,1,1,-1,-1,1,-1,1,1,1,1,1,-1,-1,1,1,1,1,-1,1,-1,0.0,-169.79024480089709,1
75,1,-1,1,1,1,-1,1,1,-1,1,-1,1,-1,-1,1,-1,-1,-1,1,-1,-1,-1,1,1,-1,1,-1,-1,-1,-1,-1,1,1,-1,-1,-1,-1,1,-1,1,0.0,-169.7842543102107,3
76,-1,1,1,-1,-1,1,-1,-1,1,-1,1,-1,1,1,1,-1,-1,1,-1,1,1,-1,-1,1,-1,-1,1,1,1,1,-1,-1,1,1,1,-1,1,-1,1,-1,0.025,-177.2939590992246,1
77,-1,1,-1,-1,-1,1,-1,-1,1,-1,1,-1,1,1,-1,1,1,1,-1,1,1,1,-1,-1,1,-1,-1,1,1,1,1,-1,-1,1,1,1,1,-1,1,-1,0.0,-169.7192426586427,1
78,1,-1,1,1,1,-1,1,1,-1,1,-1,1,-1,-1,1,-1,-1,-1,1,-1,-1,-1,1,1,-1,1,1,-1,-1,-1,-1,1,1,-1,-1,-1,-1,1,-1,1,0.0,-169.7192426586427,11
79,1,-1,-1,1,-1,-1,1,1,-1,1,-1,1,-1,-1,-1,1,1,-1,1,-1,-1,1,1,-1,1,1,1,-1,-1,-1,-1,1,1,-1,-1,1,-1,1,-1,1,0.0,-169.71920534553692,1
80,1,-1,-1,1,1,-1,1,1,-1,1,-1,1,-1,-1,-1,1,-1,-1,1,-1,-1,-1,1,-1,1,1,1,-1,-1,-1,1,1,-1,-1,-1,1,-1,1,-1,1,0.0,-169.56123075837382,2
81,1,-1,1,1,1,-1,1,1,-1,1,-1,1,-1,-1,-1,-1,-1,-1,1,-1,-1,-1,1,1,-1,1,-1,-1,-1,-1,-1,1,-1,-1,-1,1,-1,1,-1,1,0.0,-169.54047272925817,4
82,-1,1,-1,-1,-1,1,-1,-1,1,-1,1,-1,1,1,1,1,1,1,-1,1,1,1,-1,-1,1,-1,1,1,1,1,1,-1,1,1,1,-1,1,-1,1,-1,0.0,-169.54047272925817,1
83,1,-1,-1,1,-1,-1,1,1,-1,1,-1,1,1,-1,-1,1,1,-1,1,-1,-1,1,1,-1,1,1,-1,-1,-1,-1,1,1,-1,-1,-1,1,-1,1,-1,1,0.0,-169.4782894729749,2
84,1,1,1,-1,-1,1,-1,-1,1,-1,1,-1,1,1,-1,1,1,1,-1,1,1,1,-1,-1,1,-1,-1,1,1,1,1,-1,1,1,1,-1,1,-1,1,-1,0.0,-169.4166574679382,4
85,-1,-1,-1,1,1,-1,1,1,-1,1,-1,1,-1,-1,1,-1,-1,-1,1,-1,-1,-1,1,1,-1,1,1,-1,-1,-1,-1,1,-1,-1,-1,1,-1,1,-1,1,0.0,-169.4166574679382,5
86,1,-1,1,1,1,-1,1,1,-1,1,-1,1,-1,-1,-1,1,-1,-1,1,-1,-1,1,1,1,-1,1,-1,-1,-1,-1,-1,1,-1,-1,-1,1,1,1,-1,1,0.0,-169.34487608555548,1
87,1,-1,-1,1,1,-1,1,1,-1,1,-1,1,-1,-1,-1,-1,-1,-1,1,-1,-1,-1,1,1,-1,1,-1,-1,-1,-1,1,1,-1,-1,-1,1,-1,1,-1,1,0.0,-169.30612931412855,7
88,1,-1,1,1,1,-1,1,1,-1,1,-1,1,-1,-1,-1,1,-1,-1,1,-1,-1,-1,1,1,-1,1,1,-1,-1,-1,-1,1,-1,-1,-1,-1,-1,1,-1,1,0.0,-169.27350349496112,5
89,-1,1,-1,-1,-1,1,-1,-1,1,-1,1,-1,1,1,1,-1,1,1,-1,1,1,1,-1,-1,1,-1,-1,1,1,1,1,-1,1,1,1,1,1,-1,1,-1,0.0,-169.27350349496112,1
90,-1,1,1,-1,-1,1,-1,-1,1,-1,1,-1,1,1,1,-1,-1,1,-1,1,1,-1,-1,-1,1,-1,1,1,1,1,1,-1,1,1,1,-1,1,-1,1,-1,0.0,-169.2676273893482,1
91,-1,1,1,-1,-1,1,-1,-1,1,-1,1,-1,1,1,1,-1,-1,1,-1,1,1,-1,-1,1,-1,-1,1,1,1,-1,1,-1,1,1,1,-1,1,-1,1,-1,0.0,-169.21608598872479,1
92,1,-1,-1,1,1,-1,1,1,-1,1,-1,1,-1,-1,-1,1,1,-1,1,-1,-1,-1,1,1,-1,1,-1,-1,-1,-1,-1,1,-1,-1,-1,-1,-1,1,-1,1,0.0,-169.15563892123856,1
93,1,1,-1,-1,-1,1,-1,-1,1,-1,1,-1,1,1,-1,1,1,1,-1,1,1,1,-1,-1,1,-1,1,1,1,1,1,-1,-1,1,1,1,-1,-1,1,-1,0.0,-169.03551298755363,1
94,-1,1,1,-1,-1,1,-1,-1,1,-1,1,-1,1,1,1,-1,1,1,-1,1,1,1,-1,-1,1,-1,1,1,1,-1,1,-1,1,1,1,-1,1,-1,1,-1,0.0,-168.95134189830947,2
95,1,1,-1,-1,-1,1,-1,-1,1,-1,1,-1,-1,1,-1,1,1,1,-1,1,1,1,-1,-1,1,-1,1,1,1,-1,1,-1,-1,1,1,1,-1,1,1,-1,0.0,-168.9505127449403,4
96,-1,-1,1,1,1,-1,1,1,-1,1,-1,1,1,-1,1,-1,-1,-1,1,-1,-1,-1,1,1,-1,1,-1,-1,-1,1,-1,1,1,-1,-1,-1,1,-1,-1,1,0.0,-168.9505127449403,1
97,1,-1,-1,1,1,-1,1,1,-1,1,-1,1,-1,-1,-1,1,-1,-1,1,-1,-1,-1,1,-1,-1,1,1,-1,-1,-1,-1,1,-1,-1,-1,1,-1,1,-1,1,0.0,-168.94882980307307,3
98,1,-1,1,1,1,-1,1,1,-1,1,-1,1,-1,-1,-1,1,-1,-1,1,-1,-1,-1,1,1,-1,1,1,-1,-1,-1,-1,1,-1,-1,-1,1,1,1,-1,1,0.0,-168.88943442109485,4
99,-1,-1,-1,1,1,-1,-1,1,-1,1,-1,1,-1,-1,1,-1,-1,-1,1,-1,-1,-1,1,1,-1,1,1,-1,-1,-1,-1,1,1,-1,-1,-1,-1,1,-1,1,0.0,-168.87924288229232,2
100,1,-1,1,1,1,-1,1,1,-1,1,-1,1,-1,-1,-1,1,-1,-1,1,-1,-1,-1,1,-1,1,1,1,-1,-1,-1,-1,1,-1,-1,-1,1,-1,1,-1,1,0.0,-168.81246067505174,3
101,1,1,-1,-1,-1,1,-1,-1,1,-1,1,-1,1,1,-1,1,1,1,-1,1,1,1,-1,-1,1,-1,1,1,1,1,1,-1,1,1,1,-1,-1,-1,1,-1,0.0,-168.7679184236158,5
102,-1,-1,1,1,1,-1,1,1,-1,1,-1,1,-1,-1,1,-1,-1,-1,1,-1,-1,-1,1,1,-1,1,-1,-1,-1,-1,-1,1,-1,-1,-1,1,1,1,-1,1,0.0,-168.7679184236158,1
103,-1,1,-1,-1,-1,1,-1,-1,1,-1,1,-1,1,1,1,-1,1,1,-1,1,1,1,-1,-1,1,-1,1,1,1,-1,1,-1,1,1,1,-1,-1,-1,1,-1,0.0,-168.68915233921462,1
104,1,-1,1,1,1,-1,1,1,-1,1,-1,1,1,-1,-1,-1,-1,-1,1,-1,-1,-1,1,1,-1,1,-1,-1,-1,-1,-1,1,1,-1,-1,-1,-1,1,-1,1,0.0,-168.66223100308025,3
105,-1,-1,1,1,1,-1,1,1,-1,1,-1,1,-1,-1,1,-1,-1,-1,1,-1,-1,-1,1,1,-1,1,1,-1,-1,-1,-1,1,1,1,-1,-1,-1,1,-1,1,0.0,-168.64987291194512,3
106,1,1,1,-1,-1,1,-1,-1,1,-1,1,-1,1,1,-1,1,1,1,-1,1,1,1,-1,-1,1,-1,1,1,1,-1,1,-1,1,1,1,-1,1,-1,1,-1,0.0,-168.6364796158898,3
107,1,-1,-1,1,1,-1,1,1,-1,1,-1,1,-1,-1,-1,-1,-1,-1,1,-1,-1,-1,1,1,-1,1,1,-1,-1,-1,-1,1,-1,-1,-1,1,-1,1,-1,1,0.0,-168.4659628761711,4
108,-1,1,1,-1,-1,1,-1,-1,1,-1,1,-1,1,1,1,1,1,1,-1,1,1,1,-1,-1,1,-1,-1,1,1,1,1,-1,1,1,1,-1,1,-1,1,-1,0.0,-168.4659628761711,1
109,1,-1,-1,1,1,-1,1,1,-1,1,-1,1,-1,-1,1,-1,-1,-1,1,-1,-1,-1,1,1,-1,1,-1,-1,-1,-1,-1,1,-1,-1,-1,1,-1,1,-1,1,0.0,-168.4561425176811,3
110,-1,-1,1,1,1,-1,1,1,-1,1,-1,1,-1,-1,1,-1,-1,-1,1,-1,-1,-1,1,1,-1,1,-1,-1,-1,-1,-1,1,1,-1,-1,1,1,1,-1,1,0.0,-168.39154632729708,1
111,1,1,1,-1,-1,1,-1,-1,1,-1,1,-1,1,1,-1,1,1,1,-1,1,1,1,-1,-1,1,-1,1,1,1,1,1,-1,-1,1,1,-1,1,-1,1,-1,0.0,-168.3880890279366,1
112,-1,-1,-1,1,1,-1,1,1,-1,1,-1,1,-1,-1,1,-1,-1,-1,1,-1,-1,-1,1,1,-1,1,-1,-1,-1,-1,-1,1,1,-1,-1,1,-1,1,-1,1,0.0,-168.3880890279366,1
113,1,1,-1,1,-1,-1,-1,-1,-1,-1,1,-1,-1,1,-1,1,1,-1,-1,1,1,1,-1,-1,1,1,-1,1,1,-1,1,-1,-1,-1,1,1,-1,1,1,-1,0.0,-168.3654531381168,1
114,-1,-1,1,-1,1,1,1,1,1,1,-1,1,1,-1,1,-1,-1,1,1,-1,-1,-1,1,1,-1,-1,1,-1,-1,1,-1,1,1,1,-1,-1,1,-1,-1,1,0.0,-168.3654531381168,3
115,1,-1,-1,1,1,-1,1,1,-1,1,-1,1,-1,-1,-1,1,-1,-1,1,-1,-1,-1,1,-1,-1,1,-1,-1,-1,-1,1,1,-1,-1,-1,1,-1,1,-1,1,0.025,-173.1197384303597,1
116,-1,1,-1,-1,-1,1,-1,-1,1,-1,1,-1,1,1,-1,1,1,1,-1,1,1,1,-1,-1,1,-1,1,1,1,1,1,-1,1,1,1,-1,-1,-1,1,-1,0.0,-168.26183594677468,1
117,1,-1,1,1,1,-1,1,1,-1,1,-1,1,-1,-1,1,-1,-1,-1,1,-1,-1,-1,1,1,-1,1,-1,-1,-1,-1,-1,1,-1,-1,-1,1,1,1,-1,1,0.0,-168.26183594677468,2
118,-1,-1,-1,1,1,-1,1,1,-1,1,-1,1,-1,-1,1,-1,-1,-1,1,-1,-1,-1,1,1,-1,1,1,-1,-1,-1,-1,1,1,-1,-1,1,-1,1,-1,1,0.0,-168.25300165791697,4
119,1,-1,1,1,1,-1,1,1,-1,1,-1,1,-1,-1,-1,-1,-1,-1,1,-1,-1,-1,1,1,-1,1,-1,-1,-1,-1,-1,1,-1,-1,-1,1,1,1,-1,1,0.0,-168.23477692984952,1
120,1,-1,1,1,1,-1,1,1,-1,1,-1,1,-1,-1,-1,-1,-1,-1,1,-1,-1,-1,1,1,-1,1,1,-1,-1,-1,-1,1,1,-1,-1,-1,-1,1,-1,1,0.0,-168.11925115608506,3
121,-1,1,-1,-1,-1,1,-1,-1,1,-1,1,-1,-1,1,-1,1,1,1,-1,1,1,1,-1,-1,1,-1,1,1,1,1,1,-1,-1,1,1,1,-1,-1,1,-1,0.0,-168.09780900073025,2
122,1,-1,1,1,1,-1,1,1,-1,1,-1,1,1,-1,1,-1,-1,-1,1,-1,-1,-1,1,1,-1,1,-1,-1,-1,-1,-1,1,1,-1,-1,-1,1,1,-1,1,0.0,-168.09780900073025,1
123,1,1,1,-1,-1,1,-1,-1,1,-1,1,-1,1,1,1,1,1,1,-1,1,1,-1,-1,-1,1,-1,1,1,1,1,1,-1,1,1,1,-1,1,-1,1,-1,0.0,-168.0856494517232,2
124,1,-1,-1,1,1,-1,1,1,-1,1,-1,1,-1,-1,-1,1,-1,-1,1,-1,-1,1,1,1,-1,1,-1,-1,-1,-1,-1,1,-1,-1,-1,1,1,1,-1,1,0.0,-167.9313704264113,1
125,1,-1,-1,1,1,-1,1,1,-1,1,-1,1,-1,-1,1,-1,-1,-1,1,-1,-1,-1,1,1,-1,1,1,-1,-1,-1,-1,1,-1,-1,-1,1,-1,1,-1,1,0.0,-167.8619259448701,6
126,1,-1,-1,1,1,-1,1,1,-1,1,-1,1,-1,-1,1,1,-1,-1,1,-1,-1,-1,1,1,-1,1,-1,-1,-1,-1,-1,1,-1,-1,-1,1,-1,1,-1,1,0.0,-167.83293730848362,1
127,1,-1,-1,1,1,-1,1,1,-1,1,-1,1,-1,-1,-1,1,-1,-1,1,-1,-1,-1,1,1,-1,1,1,-1,-1,-1,-1,1,-1,-1,-1,-1,-1,1,-1,1,0.0,-167.70218905313754,1
128,1,-1,1,1,1,-1,1,1,-1,1,-1,1,1,-1,1,-1,-1,-1,1,-1,-1,-1,1,1,-1,1,-1,-1,-1,-1,-1,1,1,-1,-1,-1,-1,-1,-1,1,0.0,-167.62437044460344,1
129,1,-1,-1,1,1,-1,1,1,-1,1,-1,1,-1,-1,1,1,-1,-1,1,-1,-1,-1,1,1,-1,1,1,-1,-1,-1,-1,1,-1,-1,-1,1,-1,1,-1,1,0.0,-167.5726819952082,6
130,1,-1,-1,1,1,-1,1,1,-1,1,-1,1,-1,-1,1,1,1,-1,1,-1,-1,-1,1,-1,-1,1,-1,-1,-1,-1,-1,1,-1,-1,-1,1,-1,1,-1,1,0.0,-167.53609182557545,1
131,1,-1,1,1,1,-1,1,1,-1,1,-1,1,-1,-1,-1,1,-1,-1,1,-1,-1,-1,1,-1,1,1,-1,-1,-1,-1,1,1,-1,-1,-1,1,-1,1,-1,1,0.0,-167.53584961598256,1
132,1,-1,1,1,1,-1,1,1,-1,1,-1,1,-1,-1,1,-1,-1,-1,1,-1,-1,-1,1,1,-1,1,-1,-1,-1,-1,-1,1,-1,-1,-1,1,-1,1,-1,1,0.0,-167.52242513248393,3
133,1,1,1,-1,-1,1,-1,-1,1,-1,1,-1,1,1,1,1,1,1,-1,1,1,1,-1,-1,1,-1,1,1,1,1,1,-1,1,1,1,-1,1,-1,1,-1,0.0,-167.4874118874434,1
134,-1,-1,-1,1,1,-1,1,1,-1,1,-1,1,-1,-1,-1,-1,-1,-1,1,-1,-1,-1,1,1,-1,1,-1,-1,-1,-1,-1,1,-1,-1,-1,1,-1,1,-1,1,0.0,-167.4874118874434,2
135,-1,-1,1,1,1,-1,1,1,-1,1,-1,1,1,-1,1,-1,-1,-1,1,-1,-1,-1,1,1,-1,1,-1,-1,-1,1,-1,1,1,-1,-1,-1,-1,-1,-1,1,0.0,-167.4847455334938,2
136,1,-1,1,1,1,-1,1,1,-1,1,-1,1,-1,-1,-1,1,-1,-1,1,-1,-1,-1,1,1,1,1,1,-1,-1,-1,-1,1,-1,-1,-1,1,-1,1,-1,1,0.0,-167.3672294370166,3
137,-1,-1,1,-1,1,1,1,1,1,1,-1,1,-1,-1,1,-1,-1,1,1,-1,-1,-1,1,1,-1,-1,1,-1,-1,1,-1,1,1,1,-1,-1,1,-1,-1,1,0.0,-167.3270965971719,1
138,1,1,-1,1,-1,-1,-1,-1,-1,-1,1,-1,1,1,-1,1,1,-1,-1,1,1,1,-1,-1,1,1,-1,1,1,-1,1,-1,-1,-1,1,1,-1,1,1,-1,0.0,-167.3270965971719,1
139,-1,-1,-1,1,1,-1,1,1,-1,1,-1,1,-1,-1,1,-1,-1,-1,1,-1,-1,-1,1,-1,-1,1,1,-1,-1,-1,-1,1,1,-1,-1,-1,-1,1,-1,1,0.0,-167.1765388561446,1
140,1,-1,-1,1,1,-1,1,1,-1,1,-1,1,-1,-1,-1,1,-1,-1,1,-1,-1,1,1,-1,-1,1,-1,-1,-1,-1,-1,1,-1,-1,-1,1,-1,1,-1,1,0.0,-167.12295868343165,1
141,1,-1,-1,1,1,1,1,1,-1,1,-1,1,-1,-1,1,-1,-1,-1,1,1,-1,-1,1,-1,-1,1,1,-1,-1,-1,-1,1,1,-1,-1,-1,-1,1,-1,1,0.0,-167.0633120262894,4
142,1,-1,1,1,1,-1,1,1,-1,1,-1,1,1,-1,1,-1,-1,-1,1,-1,-1,-1,1,1,-1,1,-1,-1,-1,1,-1,1,1,-1,-1,-1,1,-1,-1,1,0.0,-166.93446317250192,1
143,-1,-1,-1,1,1,1,-1,1,-1,1,-1,1,-1,-1,1,-1,-1,-1,1,-1,-1,-1,1,1,-1,1,1,-1,-1,-1,-1,1,1,-1,-1,-1,-1,1,-1,1,0.0,-166.91922243368106,3
144,1,-1,1,1,1,-1,1,1,-1,1,-1,1,1,-1,1,-1,-1,-1,1,-1,-1,-1,1,1,-1,1,1,-1,-1,-1,-1,1,1,-1,-1,-1,-1,1,-1,1,0.0,-166.89036027127588,2
145,-1,-1,1,1,1,-1,1,1,-1,1,-1,1,-1,-1,1,-1,-1,-1,1,-1,-1,-1,1,1,-1,1,-1,-1,-1,-1,-1,1,-1,-1,-1,1,-1,1,-1,1,0.0,-166.83423276110102,1
146,1,1,-1,-1,-1,1,-1,-1,1,-1,1,-1,1,1,-1,1,1,1,-1,1,1,1,-1,-1,1,-1,1,1,1,1,1,-1,1,1,1,-1,1,-1,1,-1,0.0,-166.83423276110102,1
147,1,-1,-1,1,1,-1,1,1,-1,1,-1,1,-1,-1,1,-1,-1,-1,1,1,-1,-1,1,-1,-1,1,1,-1,-1,-1,-1,1,1,-1,-1,-1,-1,1,-1,1,0.0,-166.8131143727013,2
148,1,-1,-1,1,1,-1,1,1,-1,1,-1,1,-1,-1,-1,-1,-1,-1,1,-1,-1,1,1,1,-1,1,1,-1,-1,-1,-1,1,-1,-1,-1,1,-1,1,-1,1,0.0,-166.68640249406735,1
149,1,-1,1,1,1,-1,1,1,-1,1,-1,1,1,-1,1,-1,1,-1,1,-1,-1,-1,1,-1,-1,1,-1,-1,-1,-1,-1,1,1,-1,-1,-1,-1,1,-1,1,0.0,-166.66429239866198,1
150,-1,1,-1,-1,-1,1,-1,-1,1,-1,1,-1,-1,1,-1,1,1,1,-1,1,1,1,-1,-1,1,-1,1,1,1,-1,1,-1,-1,1,1,1,1,1,1,-1,0.0,-166.66297080927944,1
151,1,-1,1,1,1,-1,1,1,-1,1,-1,1,1,-1,-1,1,1,-1,1,-1,-1,-1,1,-1,1,1,-1,-1,-1,-1,1,1,-1,-1,-1,1,-1,1,-1,1,0.0,-166.63370801657715,1
152,1,-1,1,1,1,-1,1,1,-1,1,-1,1,-1,-1,-1,-1,-1,-1,1,-1,-1,-1,1,1,-1,1,1,-1,-1,-1,-1,1,-1,-1,-1,-1,-1,1,-1,1,0.0,-166.59101392818377,2
153,1,1,-1,1,-1,1,-1,-1,1,-1,1,-1,-1,1,-1,1,1,-1,-1,1,1,1,-1,-1,1,1,-1,1,1,-1,1,-1,-1,-1,1,1,1,1,1,-1,0.0,-166.59093297823313,2
154,-1,-1,-1,1,1,-1,1,1,-1,1,-1,1,-1,-1,1,-1,-1,-1,1,-1,-1,-1,1,1,-1,1,1,-1,-1,-1,-1,1,1,1,-1,-1,-1,1,-1,1,0.0,-166.57312492834984,3
155,-1,-1,-1,1,1,-1,1,1,-1,1,-1,1,-1,-1,1,-1,-1,-1,1,-1,-1,-1,1,1,-1,1,-1,-1,-1,1,-1,1,-1,-1,-1,1,-1,-1,-1,1,0.0,-166.53321766553614,1
156,1,1,1,-1,-1,1,-1,-1,1,-1,1,-1,1,1,-1,1,1,1,-1,1,1,-1,-1,-1,1,-1,1,1,1,-1,1,-1,-1,1,1,-1,1,1,1,-1,0.0,-166.42862372025846,1
157,1,-1,1,1,1,-1,1,1,-1,1,-1,1,-1,-1,-1,1,-1,-1,1,-1,-1,-1,1,-1,-1,1,-1,-1,-1,-1,-1,1,-1,-1,-1,1,-1,1,-1,1,0.0,-166.38271517113276,1
158,-1,-1,-1,1,1,-1,1,1,-1,1,-1,1,-1,-1,1,-1,-1,-1,1,-1,-1,-1,1,1,-1,1,-1,-1,-1,1,-1,1,1,-1,-1,1,-1,1,-1,1,0.0,-166.3823393564038,1
159,1,-1,-1,1,1,-1,1,1,-1,1,-1,1,-1,-1,1,-1,-1,-1,1,-1,-1,-1,1,1,-1,1,1,-1,-1,-1,-1,1,1,-1,-1,-1,-1,1,-1,1,0.0,-166.37268363525703,1
160,1,-1,-1,1,1,-1,1,1,-1,1,-1,1,-1,-1,-1,1,1,-1,1,-1,-1,1,1,-1,1,1,-1,1,-1,-1,1,1,-1,-1,-1,1,-1,1,-1,1,0.0,-166.32911692777282,1
161,1,1,1,-1,-1,1,-1,-1,1,-1,1,-1,1,1,-1,1,1,1,-1,1,1,1,-1,-1,1,-1,-1,1,1,-1,1,-1,1,1,1,-1,1,-1,1,-1,0.0,-166.2711031860755,1
162,-1,-1,-1,1,1,-1,1,1,-1,1,-1,1,-1,-1,1,-1,-1,-1,1,-1,-1,-1,1,1,-1,1,1,-1,-1,1,-1,1,-1,-1,-1,1,-1,1,-1,1,0.0,-166.2711031860755,1
163,-1,1,1,-1,-1,-1,-1,-1,1,-1,1,-1,1,1,1,-1,1,1,-1,1,1,1,-1,1,-1,-1,-1,1,1,1,1,-1,1,1,1,-1,1,-1,1,-1,0.0,-166.23325482832848,1
164,-1,1,-1,-1,-1,1,-1,-1,1,-1,1,-1,1,1,1,-1,1,1,-1,1,1,1,-1,1,1,-1,1,1,1,1,1,-1,1,1,1,1,1,-1,1,-1,0.0,-166.18203353317443,1
165,1,1,-1,-1,-1,1,-1,-1,1,-1,1,-1,1,1,-1,1,1,1,-1,1,1,1,-1,-1,1,-1,1,1,1,1,1,-1,1,1,1,1,1,-1,1,-1,0.0,-166.16917177755948,1
166,1,-1,-1,1,1,-1,-1,1,-1,1,-1,1,-1,-1,1,-1,-1,-1,1,-1,-1,-1,1,1,-1,1,1,-1,-1,-1,-1,1,1,-1,-1,-1,-1,1,-1,1,0.0,-166.06663973194168,1
167,1,-1,-1,1,-1,-1,1,1,-1,1,-1,1,-1,-1,-1,1,1,-1,1,-1,-1,-1,1,-1,1,1,1,-1,-1,-1,-1,1,-1,-1,-1,1,-1,1,-1,1,0.0,-166.0624847655361,1
168,1,-1,-1,1,-1,-1,1,1,-1,1,-1,1,-1,-1,-1,1,-1,-1,1,-1,-1,1,1,-1,1,1,1,-1,-1,-1,-1,1,1,-1,-1,1,-1,1,-1,1,0.0,-165.98075132977954,1
169,1,1,1,-1,-1,1,-1,-1,1,-1,1,-1,1,1,-1,1,1,1,-1,1,1,-1,-1,-1,1,-1,-1,1,1,-1,1,-1,-1,1,1,-1,1,1,1,-1,0.0,-165.9092404104922,1
170,-1,1,-1,-1,-1,1,-1,-1,1,-1,1,-1,1,1,-1,-1,1,1,-1,1,1,1,-1,-1,1,-1,-1,1,1,1,1,-1,1,1,1,-1,-1,-1,1,-1,0.0,-165.81401080654493,1
171,-1,-1,1,1,1,-1,1,1,-1,1,-1,1,1,-1,1,-1,-1,-1,1,-1,-1,-1,1,1,-1,1,-1,-1,-1,-1,-1,1,1,-1,-1,-1,-1,1,-1,1,0.0,-165.75143804992035,1
172,1,-1,-1,1,1,-1,1,1,-1,1,-1,1,-1,-1,-1,1,1,-1,1,-1,-1,-1,1,-1,1,1,1,-1,-1,-1,-1,1,-1,-1,-1,-1,-1,1,-1,1,0.0,-165.748739678089,1
173,1,-1,-1,1,1,-1,1,1,-1,1,-1,1,-1,-1,-1,-1,-1,-1,1,-1,-1,-1,1,-1,-1,1,-1,-1,-1,-1,1,1,-1,-1,-1,1,-1,1,-1,1,0.0,-165.71166324562927,1
174,1,-1,-1,1,-1,-1,1,1,-1,1,-1,1,-1,-1,-1,1,1,-1,1,-1,-1,1,1,-1,1,1,1,-1,-1,-1,-1,1,-1,-1,-1,1,-1,1,-1,1,0.025,-176.7873090448981,1
175,-1,-1,1,-1,1,-1,1,1,-1,1,-1,1,-1,-1,1,-1,-1,1,1,-1,-1,-1,1,1,-1,-1,1,-1,-1,1,-1,1,1,1,-1,-1,1,-1,-1,1,0.025,-165.90810807096716,1
176,1,1,-1,1,-1,1,-1,-1,1,-1,1,-1,1,1,-1,1,1,-1,-1,1,1,1,-1,-1,1,1,-1,1,1,-1,1,-1,-1,-1,1,1,-1,1,1,-1,0.025,-165.90810807096716,2
177,-1,-1,-1,1,1,1,1,1,-1,1,-1,1,-1,-1,1,-1,-1,-1,1,1,-1,-1,1,-1,-1,1,1,-1,-1,-1,-1,1,1,-1,-1,-1,-1,1,-1,1,0.0,-165.5878465477055,2
178,1,-1,1,1,1,-1,-1,1,-1,1,-1,1,1,-1,1,-1,-1,-1,1,-1,-1,-1,1,1,-1,1,1,-1,-1,-1,-1,1,1,-1,-1,-1,-1,1,-1,1,0.0,-165.53702658653384,3
179,1,-1,-1,1,1,-1,1,1,-1,1,-1,1,-1,-1,1,1,1,-1,1,-1,-1,-1,1,1,-1,1,-1,-1,-1,-1,-1,1,-1,-1,-1,1,-1,1,-1,1,0.0,-165.51094078416878,1
180,-1,1,1,-1,-1,1,-1,-1,1,-1,1,-1,1,1,1,-1,-1,1,-1,1,1,-1,-1,-1,1,-1,1,1,1,1,1,-1,1,1,1,-1,-1,-1,1,-1,0.0,-165.47830636021158,1
181,-1,-1,-1,1,1,-1,1,1,-1,1,-1,1,-1,-1,1,-1,-1,-1,1,-1,-1,-1,1,1,-1,1,1,-1,-1,-1,-1,1,-1,-1,-1,-1,-1,1,-1,1,0.0,-165.35909420828852,1
182,1,-1,-1,1,1,-1,1,1,-1,1,-1,1,-1,-1,1,-1,-1,-1,1,-1,-1,-1,1,1,-1,1,1,-1,-1,-1,-1,1,1,-1,-1,1,-1,1,-1,1,0.0,-165.34588954108557,4
183,-1,1,-1,-1,-1,1,-1,-1,1,-1,1,-1,-1,1,-1,1,-1,1,-1,1,1,1,-1,1,1,-1,1,1,1,1,1,1,-1,1,1,1,1,-1,1,-1,0.0,-165.31311648180696,1
184,1,-1,1,1,1,-1,1,1,-1,1,-1,1,1,-1,1,-1,1,-1,1,-1,-1,-1,1,-1,-1,1,-1,-1,-1,-1,-1,-1,1,-1,-1,-1,-1,1,-1,1,0.0,-165.31311648180696,1
185,1,1,-1,1,-1,1,-1,-1,-1,-1,1,-1,1,1,-1,1,1,-1,-1,1,1,1,-1,-1,1,1,-1,1,1,-1,1,-1,1,-1,1,1,-1,1,1,-1,0.0,-165.30576908956246,3
186,1,1,-1,-1,-1,1,-1,-1,1,-1,1,-1,-1,1,-1,1,1,-1,-1,1,1,1,-1,-1,1,-1,1,1,1,-1,1,-1,-1,1,1,1,-1,1,1,-1,0.0,-165.25221874370246,2
187,1,-1,-1,1,1,-1,1,1,-1,1,-1,1,-1,-1,-1,1,-1,-1,1,-1,-1,-1,1,-1,1,1,1,-1,-1,-1,-1,1,-1,1,-1,1,-1,1,-1,1,0.0,-165.2116103046833,1
188,1,1,-1,1,-1,1,-1,-1,-1,-1,1,-1,-1,1,-1,1,1,-1,-1,1,1,1,-1,-1,1,1,-1,1,1,-1,1,1,-1,-1,1,1,-1,1,1,-1,0.0,-165.14792644460007,1
189,1,-1,-1,1,1,-1,1,1,-1,1,-1,1,-1,-1,1,1,-1,-1,1,-1,-1,-1,1,-1,1,1,1,-1,-1,-1,-1,1,-1,-1,-1,1,-1,1,-1,1,0.0,-165.12903691756293,1
190,1,1,1,-1,-1,1,-1,-1,1,-1,1,-1,1,1,1,-1,1,1,-1,1,1,-1,-1,-1,1,-1,1,1,1,1,1,-1,1,1,1,-1,1,-1,1,-1,0.0,-165.11886024089267,1
191,-1,1,-1,-1,-1,1,-1,-1,1,-1,1,-1,-1,1,1,1,1,1,-1,1,1,1,-1,-1,1,-1,1,1,1,1,1,-1,-1,1,1,1,-1,-1,1,-1,0.0,-165.09957736813976,1
192,1,1,1,-1,-1,1,-1,-1,1,-1,1,-1,1,1,-1,1,1,1,-1,1,1,-1,-1,-1,1,-1,-1,1,1,1,1,-1,1,1,1,-1,1,-1,1,-1,0.0,-165.09659153183583,1
193,-1,-1,-1,1,1,-1,1,1,-1,1,-1,1,-1,-1,-1,-1,-1,-1,1,-1,-1,1,1,1,-1,1,1,-1,-1,-1,-1,1,-1,-1,-1,1,-1,1,-1,1,0.0,-165.00706363885286,1
194,-1,-1,-1,1,1,-1,1,1,-1,1,-1,1,-1,-1,-1,-1,-1,-1,1,-1,-1,-1,1,1,-1,1,-1,-1,-1,-1,-1,1,-1,-1,-1,-1,-1,1,-1,1,0.0,-164.92687381393074,1
195,1,-1,-1,1,-1,-1,1,1,-1,1,-1,1,-1,-1,-1,1,1,-1,1,-1,-1,1,1,-1,1,1,1,-1,-1,-1,-1,1,-1,-1,-1,1,-1,1,-1,1,0.025,-176.7873090448981,1
196,-1,-1,1,1,1,-1,1,1,-1,1,-1,1,1,-1,1,-1,-1,-1,1,-1,-1,-1,1,1,-1,1,-1,-1,-1,1,-1,1,1,1,-1,-1,1,-1,-1,1,0.0,-164.911693539184,1
197,1,-1,-1,1,1,-1,1,1,-1,1,-1,1,-1,-1,-1,1,1,-1,1,-1,-1,-1,1,-1,1,1,1,-1,-1,1,-1,1,-1,-1,-1,1,-1,1,-1,1,0.0,-164.91045520335854,1
198,-1,1,-1,-1,-1,1,-1,-1,1,-1,1,-1,-1,1,-1,1,1,1,-1,1,1,1,-1,-1,1,-1,-1,1,1,1,1,-1,-1,1,1,1,1,1,1,-1,0.0,-164.84310573444608,1
199,1,1,-1,-1,-1,1,-1,-1,1,-1,1,-1,1,1,-1,1,1,1,-1,1,1,1,-1,-1,1,-1,1,1,1,-1,1,-1,-1,1,1,-1,-1,-1,1,-1,0.0,-164.830753024118,1
200,1,1,-1,-1,-1,1,-1,-1,1,-1,1,-1,1,1,-1,1,1,1,-1,1,1,1,-1,-1,1,-1,1,1,1,-1,1,-1,1,1,1,-1,-1,-1,1,-1,0.0,-164.7928987208535,2
201,1,-1,1,1,1,-1,1,1,-1,1,-1,1,1,-1,-1,1,-1,-1,1,-1,-1,-1,1,1,-1,1,-1,-1,-1,-1,1,1,-1,-1,-1,1,1,1,-1,1,0.0,-164.78433334004546,1
202,1,-1,1,1,1,-1,1,1,-1,1,-1,1,-1,-1,-1,-1,-1,-1,1,-1,-1,-1,1,1,-1,1,1,-1,-1,-1,-1,1,-1,-1,-1,1,-1,1,-1,1,0.0,-164.77082951293664,1
203,-1,1,1,-1,-1,1,-1,-1,1,-1,1,-1,1,1,1,1,1,1,-1,1,1,1,-1,-1,1,-1,1,1,1,-1,1,-1,1,1,1,-1,1,-1,1,-1,0.0,-164.75887294679535,1
204,-1,-1,-1,1,1,1,1,1,-1,1,-1,1,-1,-1,1,-1,-1,-1,1,1,-1,-1,1,1,-1,1,1,-1,-1,-1,-1,1,1,-1,-1,-1,-1,1,-1,1,0.0,-164.7457771320362,1
205,-1,-1,1,-1,1,-1,1,1,1,1,-1,1,-1,-1,1,-1,-1,1,1,-1,-1,-1,1,1,-1,-1,1,-1,-1,1,-1,1,1,1,-1,-1,-1,-1,-1,1,0.0,-164.6819672286342,1
206,-1,1,-1,-1,-1,1,-1,-1,1,-1,1,-1,1,1,-1,1,1,1,-1,1,1,1,-1,-1,1,-1,-1,1,1,1,1,-1,1,1,1,-1,1,-1,1,-1,0.0,-164.58912074042706,2
207,1,-1,1,1,1,-1,1,1,-1,1,-1,1,-1,-1,1,-1,-1,-1,1,-1,-1,-1,1,1,-1,1,1,-1,-1,-1,-1,1,-1,-1,-1,1,-1,1,-1,1,0.0,-164.58912074042706,1
208,-1,-1,-1,1,1,-1,1,1,-1,1,-1,1,-1,-1,1,-1,-1,-1,1,1,-1,-1,1,-1,-1,1,1,-1,-1,-1,-1,1,1,-1,-1,-1,-1,1,-1,1,0.0,-164.56626871271158,1
209,1,1,-1,1,-1,1,-1,-1,1,-1,1,-1,-1,1,-1,1,1,-1,-1,1,1,1,-1,-1,1,-1,-1,1,1,-1,1,-1,-1,-1,1,1,1,1,1,-1,0.0,-164.53304652788114,1
210,-1,-1,-1,1,1,-1,-1,1,-1,1,-1,1,-1,-1,1,-1,-1,-1,1,-1,-1,-1,1,1,-1,1,1,-1,-1,-1,-1,1,1,-1,-1,1,-1,1,-1,1,0.0,-164.37934886325786,1
211,1,1,-1,1,-1,1,-1,-1,1,-1,1,-1,1,1,-1,1,1,-1,-1,1,1,1,-1,-1,1,1,-1,1,1,-1,1,-1,1,-1,1,1,-1,1,1,-1,0.0,-164.3572721937313,1
212,1,-1,-1,1,1,-1,1,1,-1,1,-1,1,-1,-1,1,1,-1,-1,1,-1,-1,-1,1,-1,-1,1,1,-1,-1,-1,-1,1,-1,-1,-1,1,-1,1,-1,1,0.0,-164.35372325932315,1
213,1,-1,-1,1,-1,-1,1,1,-1,1,-1,1,1,-1,-1,1,1,-1,1,-1,-1,1,1,-1,1,1,-1,-1,-1,-1,1,1,-1,-1,-1,1,-1,1,-1,-1,0.0,-164.24852120843914,2
214,-1,-1,1,1,1,-1,1,1,-1,1,-1,1,-1,-1,1,-1,-1,-1,1,-1,-1,-1,1,1,-1,1,1,-1,-1,-1,-1,1,-1,1,-1,-1,-1,1,-1,1,0.0,-164.21430397999995,1
215,-1,-1,-1,1,1,-1,1,1,-1,1,-1,1,-1,-1,1,-1,-1,-1,1,1,-1,-1,1,1,-1,1,1,-1,-1,-1,-1,1,1,-1,-1,-1,-1,1,-1,1,0.0,-164.21122628391373,2
216,1,1,-1,1,-1,1,-1,-1,1,-1,1,-1,-1,1,-1,1,1,-1,-1,1,1,1,-1,-1,1,1,-1,1,1,-1,1,-1,-1,1,1,1,-1,1,1,-1,0.0,-164.16398103751615,1
217,-1,-1,1,-1,1,-1,1,1,-1,1,-1,1,1,-1,1,-1,-1,1,1,-1,-1,-1,1,1,-1,-1,1,-1,-1,1,-1,1,1,-1,-1,-1,1,-1,-1,1,0.0,-164.16398103751615,2
218,1,1,1,-1,-1,1,-1,-1,1,-1,1,-1,1,1,1,1,1,1,-1,1,1,-1,-1,-1,1,-1,1,1,1,-1,1,-1,1,1,1,-1,1,1,1,-1,0.0,-164.11398744330788,1
219,1,1,1,-1,-1,1,-1,-1,1,-1,1,-1,1,1,-1,1,1,1,-1,1,1,1,-1,-1,1,-1,-1,1,1,-1,1,-1,1,1,1,-1,1,1,1,-1,0.0,-164.11157227625978,1
220,1,1,-1,1,-1,1,-1,-1,1,-1,1,-1,-1,1,-1,1,1,-1,-1,1,1,1,-1,-1,1,1,-1,1,1,-1,1,-1,1,-1,1,1,-1,1,1,-1,0.0,-164.0283251468815,9
221,-1,-1,1,-1,1,-1,1,1,-1,1,-1,1,1,-1,1,-1,-1,1,1,-1,-1,-1,1,1,-1,-1,1,-1,-1,1,-1,1,-1,1,-1,-1,1,-1,-1,1,0.0,-164.0283251468815,2
222,-1,-1,-1,1,1,-1,1,1,-1,1,-1,1,-1,-1,-1,-1,-1,-1,1,-1,-1,-1,1,1,-1,1,1,-1,-1,-1,-1,1,-1,-1,-1,1,-1,1,-1,1,0.0,-164.01127484411103,1
223,1,-1,-1,1,1,-1,-1,1,-1,1,-1,1,-1,-1,1,-1,-1,-1,1,-1,-1,-1,1,1,-1,1,1,-1,-1,-1,-1,1,-1,-1,-1,1,-1,1,-1,1,0.0,-163.95259663999911,1
224,1,-1,1,1,1,-1,1,1,-1,1,-1,1,-1,-1,1,-1,-1,-1,1,-1,-1,-1,1,1,-1,1,1,-1,-1,-1,-1,1,1,-1,-1,1,-1,1,-1,1,0.0,-163.9363643969224,2
225,1,-1,1,1,1,-1,1,1,-1,1,-1,1,-1,-1,1,-1,-1,-1,1,1,-1,-1,1,-1,-1,1,1,-1,-1,-1,-1,-1,1,-1,-1,-1,-1,1,-1,1,0.0,-163.82472669185023,1
226,-1,-1,-1,1,1,1,1,1,-1,1,-1,1,-1,-1,1,-1,-1,-1,1,-1,-1,-1,1,1,-1,1,1,-1,-1,-1,-1,1,-1,-1,-1,1,-1,1,-1,1,0.0,-163.79190694048532,3
227,1,1,1,-1,-1,-1,-1,-1,1,-1,1,-1,1,1,-1,1,1,1,-1,1,1,1,-1,-1,1,-1,-1,1,1,1,1,-1,1,1,1,-1,1,-1,1,-1,0.0,-163.79190694048532,1
228,1,-1,-1,1,-1,-1,1,1,1,1,-1,1,-1,-1,-1,1,1,-1,1,-1,-1,1,1,-1,1,1,1,-1,-1,-1,-1,1,-1,-1,-1,1,-1,1,-1,1,0.0,-163.75023523360392,1
229,1,-1,-1,1,1,-1,1,1,-1,1,-1,1,-1,-1,1,-1,-1,-1,1,-1,-1,-1,1,-1,-1,1,1,-1,-1,-1,-1,1,1,-1,-1,1,-1,1,-1,1,0.0,-163.65137811618018,1
230,1,1,-1,-1,-1,1,-1,-1,1,-1,1,-1,-1,1,-1,1,1,1,-1,1,1,1,-1,-1,1,-1,1,1,1,-1,1,-1,-1,1,1,-1,-1,1,1,-1,0.0,-163.63337334039215,2
231,1,1,1,-1,-1,1,-1,-1,1,-1,1,-1,1,1,-1,1,1,1,-1,1,1,1,-1,-1,1,-1,1,1,1,-1,1,-1,1,1,1,-1,-1,1,1,-1,0.0,-163.5839102297557,1
232,1,1,-1,-1,-1,1,-1,-1,1,-1,1,-1,1,1,-1,1,1,1,-1,1,1,1,-1,-1,1,-1,1,1,1,1,1,-1,-1,-1,1,1,1,-1,1,-1,0.0,-163.5793485487498,1
233,1,-1,1,1,1,-1,1,1,-1,1,-1,1,-1,-1,1,-1,-1,-1,1,-1,-1,-1,1,1,-1,1,1,-1,-1,-1,-1,1,-1,-1,-1,-1,-1,1,-1,1,0.0,-163.54869807809644,1
234,1,-1,-1,1,1,-1,1,1,-1,1,-1,1,1,-1,-1,1,1,-1,1,-1,-1,-1,1,-1,1,1,-1,-1,-1,-1,-1,1,-1,-1,-1,1,-1,1,-1,1,0.025,-164.27978180311277,2
235,-1,1,-1,-1,-1,1,-1,-1,1,-1,1,-1,-1,1,-1,1,1,1,-1,1,1,1,-1,-1,1,-1,1,1,1,-1,1,-1,-1,1,1,-1,-1,1,1,-1,0.0,-163.35626733818367,1
236,1,-1,-1,1,1,-1,-1,1,-1,1,-1,1,-1,-1,1,-1,-1,-1,1,-1,-1,-1,1,1,-1,1,1,-1,-1,-1,-1,1,1,-1,-1,1,-1,1,-1,1,0.0,-163.30568928313716,1
237,1,1,-1,1,-1,1,-1,-1,1,-1,1,-1,1,1,-1,1,1,-1,-1,1,1,1,-1,-1,1,1,-1,1,1,-1,1,-1,1,-1,1,1,1,1,1,-1,0.0,-163.27008105214836,1
238,-1,1,1,-1,1,-1,1,1,-1,1,-1,1,-1,-1,1,-1,-1,1,1,-1,-1,-1,1,1,-1,-1,1,-1,-1,1,-1,1,-1,1,-1,-1,-1,-1,-1,1,0.0,-163.21662507387978,2
239,1,-1,-1,1,-1,-1,1,1,-1,1,-1,1,-1,-1,-1,1,1,-1,1,-1,-1,1,1,-1,1,1,1,-1,-1,-1,-1,1,1,-1,-1,-1,-1,1,-1,1,0.0,-163.15120789328637,1
240,1,-1,1,1,1,-1,1,1,-1,1,-1,1,-1,-1,1,-1,-1,-1,1,-1,-1,-1,1,-1,-1,1,1,-1,-1,-1,-1,-1,1,-1,-1,-1,-1,1,-1,1,0.0,-163.1409850696321,1
241,1,1,-1,1,-1,1,-1,-1,1,-1,1,-1,-1,1,-1,1,1,-1,-1,1,1,1,-1,-1,1,-1,1,1,1,-1,1,-1,-1,-1,1,1,-1,1,1,-1,0.0,-163.1255886622614,1
242,1,1,-1,1,-1,1,-1,-1,1,-1,1,-1,-1,1,-1,1,1,1,-1,1,1,1,-1,-1,1,-1,1,1,1,-1,1,-1,-1,1,1,1,-1,1,1,-1,0.0,-163.12304981628122,1
243,-1,-1,-1,1,1,1,1,1,-1,1,-1,1,-1,-1,1,-1,-1,-1,1,-1,-1,-1,1,1,-1,1,1,-1,-1,-1,-1,1,1,-1,-1,1,-1,1,-1,1,0.0,-163.004079990783,1
244,1,1,1,-1,-1,1,-1,-1,1,-1,1,-1,1,1,-1,1,1,1,-1,1,1,1,-1,-1,1,-1,1,1,1,-1,1,-1,-1,1,1,-1,-1,1,1,-1,0.0,-163.00225830927306,1
245,1,-1,-1,1,-1,1,-1,-1,1,-1,1,1,1,1,-1,1,1,-1,-1,1,1,1,-1,-1,1,1,-1,1,1,-1,1,-1,1,-1,1,1,1,1,1,-1,0.0,-162.9573758689835,2
246,1,1,-1,-1,-1,1,-1,-1,1,-1,1,-1,1,1,-1,1,1,-1,-1,1,1,1,-1,-1,1,1,-1,1,1,-1,1,-1,-1,-1,1,1,1,1,1,-1,0.0,-162.91541882929263,1
247,-1,-1,-1,1,1,-1,1,1,-1,1,-1,1,-1,-1,-1,-1,-1,-1,1,-1,-1,-1,1,1,-1,1,-1,-1,-1,1,-1,1,-1,-1,-1,1,-1,1,-1,1,0.0,-162.85655099439117,1
248,1,1,-1,-1,-1,1,-1,-1,1,-1,1,-1,1,1,-1,1,1,1,-1,1,1,1,-1,-1,1,-1,-1,1,1,1,1,-1,1,1,1,-1,1,-1,1,-1,0.0,-162.8553467227875,1
249,1,-1,-1,1,1,-1,1,1,-1,1,-1,1,-1,-1,1,1,-1,-1,1,-1,-1,-1,1,1,-1,1,1,-1,-1,1,-1,1,-1,-1,-1,1,-1,1,-1,1,0.0,-162.797195984918,1
250,-1,-1,1,1,1,-1,1,1,-1,1,-1,1,-1,-1,1,-1,-1,-1,1,-1,-1,-1,1,1,-1,1,1,-1,-1,-1,-1,1,1,-1,-1,1,1,1,-1,1,0.0,-162.73749892357182,1
251,1,-1,-1,1,1,-1,1,1,-1,1,-1,1,-1,-1,-1,1,1,-1,1,-1,-1,-1,1,-1,-1,1,1,-1,-1,-1,-1,1,-1,-1,-1,1,-1,1,-1,1,0.0,-162.71256755030373,1
252,1,1,-1,-1,-1,1,-1,-1,1,-1,1,-1,-1,1,-1,1,1,1,-1,1,1,1,-1,-1,1,-1,1,1,1,-1,1,1,-1,1,1,1,-1,1,1,-1,0.0,-162.640756118794,1
253,1,1,-1,-1,-1,1,-1,-1,1,-1,1,-1,1,1,-1,1,1,1,-1,1,1,1,-1,-1,1,-1,1,1,1,1,1,-1,1,1,1,1,-1,-1,1,-1,0.0,-162.5885841598215,2
254,1,1,-1,1,-1,1,-1,-1,-1,-1,1,-1,-1,1,-1,1,1,-1,-1,1,1,1,-1,-1,1,1,-1,1,1,-1,1,-1,1,-1,1,1,-1,1,1,-1,0.0,-162.58480682232477,1
255,1,1,-1,1,-1,1,-1,-1,1,-1,1,-1,-1,1,-1,1,1,-1,-1,1,1,1,-1,-1,1,1,-1,1,1,-1,1,1,-1,-1,1,1,-1,1,1,-1,0.025,-158.9974417051166,2
256,1,1,-1,-1,-1,1,-1,-1,1,-1,1,-1,-1,1,-1,1,1,-1,-1,1,1,1,-1,-1,1,-1,1,1,1,-1,1,-1,-1,-1,1,1,-1,1,1,-1,0.0,-162.42374593199875,1
257,1,-1,1,1,1,-1,1,1,-1,1,-1,1,-1,-1,1,-1,-1,-1,1,-1,-1,-1,1,1,-1,1,1,-1,-1,-1,-1,1,1,-1,-1,-1,1,1,-1,1,0.0,-162.19322248069153,2
258,1,-1,1,1,1,-1,1,1,-1,1,-1,1,1,-1,1,-1,-1,-1,1,-1,-1,-1,1,1,-1,1,1,-1,-1,-1,-1,1,1,-1,-1,-1,1,1,-1,1,0.0,-162.1929410355751,2
259,1,-1,1,1,-1,-1,1,1,-1,1,-1,1,-1,-1,-1,1,-1,-1,1,-1,-1,1,1,-1,1,1,1,-1,-1,-1,-1,1,-1,-1,-1,1,-1,1,-1,1,0.0,-162.19212537130778,1
260,-1,-1,1,1,1,-1,1,1,-1,1,-1,1,1,-1,1,-1,-1,-1,1,-1,-1,-1,1,1,-1,1,1,-1,-1,-1,-1,1,1,1,-1,-1,-1,1,-1,1,0.0,-162.19063937569564,1
261,1,-1,-1,1,1,-1,1,1,-1,1,-1,1,-1,-1,-1,-1,-1,-1,1,-1,-1,-1,1,-1,-1,1,-1,-1,-1,-1,-1,1,-1,-1,-1,1,-1,1,-1,1,0.0,-162.18705490553106,1
262,-1,-1,1,1,1,-1,-1,1,-1,1,-1,1,-1,-1,1,-1,-1,-1,1,-1,-1,-1,1,1,-1,1,1,-1,-1,-1,-1,1,1,1,-1,-1,-1,1,-1,1,0.0,-161.99244961406401,1
263,-1,-1,1,-1,1,-1,-1,1,-1,1,-1,1,1,-1,1,-1,-1,1,1,-1,-1,-1,1,1,-1,-1,1,-1,-1,1,-1,1,1,1,-1,-1,1,-1,-1,1,0.025,-162.26322911826196,1
264,1,-1,1,1,1,-1,1,1,-1,1,-1,1,-1,-1,1,-1,-1,-1,1,-1,-1,-1,1,1,-1,1,1,-1,-1,-1,-1,1,1,-1,-1,1,1,1,-1,1,0.0,-161.924617499224,3
265,1,-1,-1,1,1,-1,1,1,-1,1,-1,1,-1,-1,1,-1,-1,-1,1,-1,-1,1,1,1,-1,1,1,-1,-1,-1,-1,1,1,-1,-1,1,-1,1,-1,1,0.0,-161.918616413564,1
266,1,-1,-1,1,1,1,-1,1,-1,1,-1,1,-1,-1,1,-1,-1,-1,1,-1,-1,-1,1,1,-1,1,1,-1,-1,-1,-1,1,-1,-1,-1,1,-1,1,-1,1,0.0,-161.88864200924183,2
267,1,1,-1,1,-1,1,-1,-1,1,-1,1,-1,-1,1,-1,1,1,-1,-1,1,1,1,-1,-1,1,-1,-1,1,1,-1,1,-1,-1,1,1,1,1,1,1,-1,0.0,-161.81960560508944,1
268,1,1,-1,1,-1,1,-1,-1,1,-1,1,-1,-1,1,-1,1,1,-1,-1,1,1,1,-1,-1,1,1,-1,1,1,-1,1,-1,-1,-1,1,1,1,1,1,-1,0.025,-166.59093297823313,1
269,-1,-1,1,1,1,-1,1,1,-1,1,-1,1,-1,-1,1,-1,-1,-1,1,-1,1,-1,1,1,-1,1,1,-1,-1,-1,-1,1,1,-1,-1,1,1,1,-1,1,0.0,-161.78441164835252,1
270,1,-1,1,1,1,-1,1,1,-1,1,-1,1,-1,-1,-1,1,-1,-1,1,-1,-1,1,1,1,-1,1,-1,-1,-1,-1,1,1,-1,-1,-1,1,-1,1,-1,1,0.0,-161.7786741170019,1
271,1,-1,-1,1,1,-1,1,1,-1,1,-1,1,-1,-1,-1,1,1,-1,1,-1,-1,1,1,-1,1,1,1,-1,-1,-1,-1,1,1,-1,-1,1,-1,1,-1,1,0.0,-161.64513958411658,1
272,-1,1,1,-1,-1,1,-1,-1,1,-1,1,-1,-1,1,1,-1,-1,1,-1,1,1,-1,-1,1,-1,-1,1,1,1,-1,1,-1,1,1,1,-1,1,-1,1,-1,0.0,-161.61653967581077,1
273,-1,1,1,-1,-1,1,-1,-1,1,-1,1,-1,1,1,1,1,1,1,-1,1,1,1,-1,-1,1,-1,-1,1,1,-1,1,-1,1,1,1,-1,1,-1,1,-1,0.0,-161.60273933897292,1
274,-1,-1,1,1,1,-1,1,1,-1,1,-1,1,-1,-1,1,-1,-1,-1,1,-1,-1,-1,1,1,-1,-1,1,-1,-1,-1,-1,1,1,1,-1,-1,-1,1,-1,1,0.0,-161.57958280262756,1
275,1,1,-1,-1,-1,1,-1,-1,1,-1,1,-1,1,1,-1,1,1,1,-1,1,1,1,-1,-1,1,1,-1,1,1,1,1,-1,-1,-1,1,1,1,-1,1,-1,0.0,-161.57958280262756,1
276,1,-1,-1,1,1,-1,1,1,-1,1,-1,1,-1,-1,-1,1,-1,-1,1,-1,-1,-1,1,1,-1,1,1,-1,-1,1,-1,1,-1,-1,-1,1,1,1,-1,1,0.0,-161.56689965889902,1
277,-1,1,1,-1,1,1,1,1,-1,1,-1,1,-1,-1,1,-1,-1,1,1,-1,-1,-1,1,1,-1,-1,1,-1,-1,1,-1,1,-1,1,-1,-1,-1,-1,-1,1,0.0,-161.4726568676543,1
278,-1,1,1,-1,1,1,1,1,1,1,-1,-1,-1,-1,1,-1,-1,1,1,-1,-1,-1,1,1,-1,-1,1,-1,-1,1,-1,1,-1,1,-1,-1,-1,-1,-1,1,0.0,-161.40907160024943,1
279,-1,-1,-1,1,1,-1,1,1,-1,1,-1,1,-1,-1,1,-1,-1,-1,1,-1,-1,-1,1,1,-1,1,1,-1,-1,-1,-1,1,-1,1,-1,1,-1,1,-1,1,0.0,-161.3390561911171,1
280,1,-1,-1,1,1,-1,1,1,-1,1,-1,1,-1,-1,-1,-1,-1,-1,1,-1,-1,-1,1,1,-1,1,1,-1,-1,-1,-1,1,1,-1,-1,1,-1,1,-1,1,0.0,-161.30761911974162,2
281,1,1,-1,-1,-1,1,-1,-1,1,-1,1,-1,1,1,-1,1,1,1,-1,1,1,1,-1,-1,1,1,-1,1,1,1,1,-1,-1,1,1,1,1,-1,1,-1,0.0,-161.15401780478533,1
282,1,1,-1,1,-1,1,-1,-1,1,-1,1,-1,-1,1,-1,1,1,1,-1,1,1,1,-1,-1,1,-1,-1,1,1,-1,1,-1,-1,-1,1,1,1,1,1,-1,0.0,-161.12324999186853,1
283,1,-1,-1,1,-1,-1,1,1,-1,1,-1,1,-1,-1,-1,1,1,-1,1,-1,-1,1,1,-1,1,1,1,-1,-1,-1,-1,1,-1,-1,-1,1,-1,1,-1,1,0.025,-176.7873090448981,1
284,1,-1,1,1,1,-1,-1,1,-1,1,-1,1,1,-1,1,-1,-1,-1,1,-1,-1,-1,1,1,-1,1,1,-1,-1,-1,-1,1,1,-1,-1,-1,-1,1,-1,1,0.025,-165.53702658653384,1
285,1,1,-1,1,-1,1,1,-1,1,-1,1,-1,-1,1,-1,1,1,1,-1,1,1,1,-1,-1,1,1,-1,1,1,-1,1,-1,-1,-1,1,1,-1,1,1,-1,0.0,-161.0390697082889,1
286,-1,-1,-1,1,1,-1,1,1,-1,1,-1,1,-1,-1,1,-1,-1,-1,1,-1,-1,-1,1,1,-1,-1,1,-1,-1,1,-1,1,1,1,-1,-1,-1,-1,-1,1,0.0,-160.89616968384115,1
287,1,-1,1,1,1,-1,1,1,-1,1,-1,1,1,-1,-1,-1,-1,-1,1,-1,-1,-1,1,1,-1,1,1,-1,-1,-1,-1,-1,1,-1,-1,-1,-1,1,-1,1,0.0,-160.8717102757592,1
288,-1,-1,-1,1,1,-1,1,1,-1,1,-1,1,-1,-1,1,-1,-1,-1,1,-1,-1,-1,1,1,-1,1,1,-1,-1,-1,-1,1,1,-1,-1,1,1,1,-1,1,0.0,-160.7634971256839,1
289,1,1,-1,-1,-1,1,-1,-1,1,-1,1,-1,1,1,-1,1,1,1,-1,1,1,1,-1,-1,1,-1,1,1,1,1,1,-1,1,-1,1,1,1,-1,1,-1,0.0,-160.64849046585272,1
290,1,-1,1,1,1,-1,1,1,-1,1,-1,1,-1,-1,-1,-1,-1,-1,1,-1,-1,-1,1,1,-1,1,-1,-1,-1,-1,-1,1,-1,-1,-1,-1,-1,1,-1,1,0.025,-169.9970752530645,1
291,1,-1,-1,1,1,-1,1,1,-1,1,-1,1,-1,-1,1,-1,-1,-1,1,1,1,-1,1,-1,-1,1,1,-1,-1,-1,-1,1,1,-1,-1,1,-1,1,-1,1,0.0,-160.58712620372404,1
292,1,-1,-1,1,1,-1,1,1,-1,1,-1,1,-1,-1,1,-1,-1,-1,1,1,-1,-1,1,-1,-1,1,1,-1,-1,-1,-1,1,1,-1,-1,1,-1,1,-1,1,0.025,-161.76607608865191,1
293,1,-1,1,1,1,-1,1,1,-1,1,-1,1,-1,-1,-1,-1,-1,-1,1,-1,-1,-1,1,-1,-1,1,-1,-1,-1,-1,-1,-1,1,-1,-1,-1,-1,1,-1,1,0.0,-160.49498353368386,1
294,1,1,-1,1,-1,1,-1,-1,1,-1,1,-1,-1,1,-1,1,1,1,-1,1,1,1,-1,-1,1,-1,1,1,1,-1,1,-1,-1,1,1,-1,-1,1,1,-1,0.0,-160.40870795304988,1
295,1,-1,-1,1,1,1,-1,1,-1,1,-1,1,-1,-1,1,-1,-1,-1,-1,1,1,-1,1,-1,-1,1,1,-1,-1,-1,-1,1,1,-1,-1,1,-1,1,-1,1,0.0,-160.39535209999758,1
296,1,1,-1,1,-1,1,-1,-1,1,-1,1,-1,-1,1,-1,1,1,-1,-1,1,1,1,-1,-1,1,1,-1,1,1,-1,1,-1,1,-1,1,1,1,1,1,-1,0.0,-160.1125330630482,1
297,1,-1,-1,1,1,1,1,1,-1,1,-1,1,-1,-1,1,-1,-1,-1,1,1,-1,-1,1,1,-1,1,1,-1,-1,-1,-1,1,1,-1,-1,1,-1,1,-1,1,0.0,-160.06979014488115,1
298,1,-1,-1,1,1,-1,1,1,-1,1,-1,1,-1,-1,-1,-1,1,-1,1,-1,-1,1,1,-1,1,1,-1,-1,-1,-1,1,1,-1,-1,-1,1,-1,1,-1,1,0.0,-160.03744561337544,1
299,-1,-1,-1,1,1,-1,1,-1,-1,1,-1,1,-1,-1,-1,1,-1,-1,1,-1,-1,-1,1,1,1,1,-1,-1,-1,-1,-1,1,-1,-1,-1,1,-1,1,-1,1,0.0,-160.03024202235736,1
300,-1,1,1,-1,1,-1,1,1,-1,1,-1,1,-1,-1,1,-1,-1,1,1,-1,-1,-1,1,1,-1,-1,1,-1,-1,1,-1,1,-1,1,-1,-1,1,-1,-1,1,0.0,-159.974229902764,1
301,-1,-1,-1,1,1,-1,1,1,-1,1,-1,1,-1,-1,1,-1,-1,-1,1,1,-1,-1,1,1,-1,1,-1,-1,-1,-1,-1,1,1,-1,-1,1,-1,1,-1,1,0.0,-159.91113725571603,1
302,1,1,-1,-1,-1,1,-1,-1,1,-1,1,-1,1,1,-1,1,1,1,-1,1,1,1,-1,-1,1,1,-1,1,1,-1,1,-1,-1,-1,1,1,-1,1,1,-1,0.025,-160.07793334724107,1
303,1,-1,1,1,1,-1,-1,1,-1,1,-1,1,1,-1,1,-1,1,-1,1,-1,-1,-1,1,-1,-1,1,-1,-1,-1,-1,-1,1,1,-1,-1,-1,-1,1,-1,1,0.0,-159.77563769911103,1
304,1,1,1,-1,-1,-1,-1,-1,1,-1,1,-1,1,1,-1,1,1,1,-1,1,1,1,-1,-1,1,-1,-1,1,1,-1,1,-1,-1,1,1,-1,1,-1,1,-1,0.0,-159.7461525803174,1
305,-1,-1,1,-1,1,-1,1,1,1,1,-1,1,1,-1,1,-1,-1,1,1,-1,-1,-1,1,1,-1,-1,1,-1,-1,1,-1,1,-1,1,-1,-1,1,-1,-1,1,0.025,-162.58480682232477,1
306,-1,-1,-1,1,1,1,1,1,-1,1,-1,1,-1,-1,1,-1,-1,-1,1,1,1,-1,1,-1,-1,1,1,-1,-1,-1,-1,1,1,-1,-1,1,-1,1,-1,1,0.0,-159.61285286585291,2
307,1,-1,-1,1,1,-1,1,1,-1,1,-1,1,1,-1,-1,-1,1,-1,1,-1,-1,-1,1,-1,-1,1,-1,-1,-1,-1,1,1,1,-1,-1,-1,-1,1,-1,1,0.0,-159.54331661084353,1
308,1,-1,-1,1,-1,-1,1,1,-1,1,-1,1,-1,-1,-1,1,1,-1,1,-1,-1,1,1,-1,1,1,-1,-1,-1,1,-1,1,-1,-1,-1,1,-1,1,-1,1,0.0,-159.50972527468144,1
309,1,-1,-1,1,-1,1,-1,-1,1,-1,1,-1,-1,1,-1,1,1,-1,-1,1,1,1,-1,-1,1,1,-1,1,1,-1,1,-1,-1,-1,1,1,-1,1,1,-1,0.025,-159.74297585325613,2
310,1,-1,1,1,1,-1,1,1,-1,1,-1,1,-1,-1,-1,1,1,-1,1,-1,-1,-1,1,-1,1,1,-1,-1,-1,-1,1,1,-1,-1,-1,1,-1,1,-1,1,0.025,-162.3881768021522,1
311,1,1,-1,-1,-1,1,-1,-1,1,-1,1,-1,-1,1,-1,1,1,-1,-1,1,1,1,-1,-1,1,1,-1,1,1,-1,1,-1,-1,-1,1,1,-1,1,1,-1,0.0,-159.37685384056556,1
312,1,-1,-1,1,1,-1,1,1,-1,1,-1,1,-1,-1,1,-1,-1,-1,1,-1,1,-1,1,-1,-1,1,1,-1,-1,-1,-1,1,1,-1,-1,1,-1,1,-1,1,0.0,-159.34529559660803,1
313,-1,-1,1,-1,1,1,1,1,-1,1,-1,1,1,-1,1,-1,-1,1,1,-1,-1,-1,1,1,-1,-1,1,-1,-1,1,-1,1,1,1,-1,-1,-1,-1,-1,1,0.0,-159.3314278380275,1
314,-1,1,-1,-1,-1,1,-1,-1,1,-1,1,-1,-1,1,1,1,1,1,-1,1,1,1,-1,-1,1,-1,1,1,1,1,1,-1,1,1,1,1,-1,-1,1,-1,0.0,-159.2910579463961,1
315,1,-1,-1,1,1,1,1,1,-1,1,-1,1,-1,-1,1,-1,-1,-1,-1,1,1,-1,1,-1,-1,1,1,-1,-1,-1,-1,1,1,-1,-1,1,-1,1,-1,1,0.0,-159.23929691675193,1
316,1,-1,-1,1,1,-1,1,1,-1,1,-1,-1,-1,-1,-1,1,1,-1,1,-1,-1,1,1,-1,1,1,1,-1,-1,-1,1,1,-1,-1,-1,1,-1,1,-1,1,0.0,-159.22144910627725,2
317,1,-1,-1,1,-1,1,-1,-1,1,-1,1,-1,-1,1,-1,1,1,-1,-1,1,1,1,-1,-1,1,1,-1,1,1,-1,1,-1,1,-1,1,1,1,1,1,-1,0.0,-159.19429292963855,1
318,1,1,-1,1,-1,1,-1,-1,1,-1,1,-1,1,1,-1,1,1,-1,-1,1,1,1,-1,-1,1,1,-1,1,1,-1,1,-1,1,-1,1,-1,-1,1,1,-1,0.0,-159.10812491716354,3
319,-1,-1,1,-1,1,-1,1,1,-1,1,-1,1,-1,-1,1,-1,-1,1,1,-1,-1,-1,1,1,-1,-1,1,-1,-1,1,-1,1,-1,1,-1,1,1,-1,-1,1,0.0,-159.10812491716354,1
320,-1,-1,1,1,1,-1,1,1,-1,1,-1,1,1,-1,1,-1,-1,1,1,-1,-1,-1,1,1,-1,-1,1,-1,-1,1,-1,1,1,1,-1,-1,1,-1,-1,1,0.025,-159.37685384056556,1
321,1,1,1,-1,-1,1,-1,-1,1,-1,1,-1,1,1,-1,1,1,1,-1,1,1,1,-1,-1,1,-1,-1,1,1,-1,1,-1,1,-1,1,-1,1,-1,1,-1,0.0,-159.03285588762742,1
322,1,-1,1,1,1,-1,1,1,-1,1,-1,1,-1,-1,-1,1,-1,-1,1,-1,-1,-1,1,-1,-1,1,1,-1,-1,-1,-1,1,1,-1,-1,-1,-1,1,-1,1,0.0,-158.92464520570326,1
323,1,-1,1,-1,1,-1,1,1,-1,1,-1,1,-1,-1,1,1,-1,-1,1,-1,-1,-1,1,1,-1,1,1,-1,-1,-1,-1,1,-1,-1,-1,1,1,1,-1,1,0.0,-158.91405679758046,1
324,-1,-1,-1,1,1,-1,1,1,-1,1,-1,1,-1,-1,1,-1,-1,-1,1,-1,-1,-1,1,1,-1,-1,1,-1,-1,-1,-1,1,1,1,-1,-1,-1,1,-1,1,0.0,-158.90591891921133,1
325,1,-1,1,1,1,-1,1,1,-1,1,-1,1,-1,-1,-1,1,-1,-1,1,-1,-1,-1,1,1,-1,1,-1,-1,-1,-1,-1,1,-1,-1,-1,1,1,1,-1,1,0.025,-176.5049885923406,1
326,1,-1,1,1,1,-1,1,1,-1,1,-1,1,-1,-1,-1,1,-1,-1,1,-1,-1,-1,1,1,-1,1,-1,-1,-1,-1,-1,1,-1,-1,-1,1,1,1,-1,1,0.05,-176.5049885923406,1
327,1,1,-1,-1,-1,1,-1,-1,1,-1,1,-1,1,1,-1,1,1,1,-1,1,1,1,-1,-1,1,-1,1,1,1,1,1,-1,1,1,1,-1,1,1,1,-1,0.0,-158.7623848666475,1
328,1,-1,-1,1,1,-1,1,1,-1,1,-1,1,-1,-1,1,-1,-1,-1,1,-1,-1,-1,1,1,-1,1,1,-1,-1,-1,-1,1,-1,-1,-1,1,1,1,-1,1,0.0,-158.74943206194243,1
329,1,-1,1,-1,1,-1,1,1,-1,1,-1,1,-1,-1,1,1,-1,-1,1,-1,-1,-1,1,1,-1,1,-1,-1,-1,-1,-1,1,-1,-1,-1,1,1,1,-1,1,0.025,-159.76643105831667,1
330,1,1,-1,1,-1,1,-1,-1,1,-1,1,-1,1,1,-1,1,1,-1,-1,1,1,1,-1,-1,1,1,-1,1,1,-1,1,-1,1,1,1,-1,-1,1,1,-1,0.0,-158.6053518887736,1
331,-1,-1,-1,1,1,1,1,1,-1,1,-1,1,-1,-1,1,-1,-1,-1,1,1,-1,-1,1,-1,-1,1,1,-1,-1,-1,-1,1,1,-1,-1,1,-1,1,-1,1,0.025,-159.8451395530049,1
332,1,-1,-1,1,1,1,1,1,-1,1,-1,1,-1,-1,1,-1,-1,-1,1,1,-1,-1,1,1,-1,1,1,-1,-1,-1,-1,1,-1,-1,-1,1,-1,1,-1,1,0.0,-158.56073658304848,1
333,-1,-1,1,-1,1,-1,-1,1,-1,1,-1,1,1,-1,1,-1,-1,-1,1,-1,-1,-1,1,1,-1,1,1,-1,-1,-1,-1,1,1,1,-1,-1,1,-1,-1,1,0.0,-158.49643289725458,1
334,1,-1,-1,1,1,-1,1,1,-1,1,-1,1,-1,-1,1,-1,-1,-1,1,1,1,-1,1,-1,-1,1,1,-1,-1,-1,-1,-1,1,-1,-1,-1,-1,1,-1,1,0.0,-158.43352826046362,1
335,-1,1,-1,-1,-1,1,-1,-1,1,-1,1,-1,-1,1,-1,1,1,1,-1,1,1,1,-1,-1,1,-1,1,1,1,1,1,-1,-1,1,1,1,1,1,1,-1,0.025,-167.62437044460344,1
336,1,1,-1,1,-1,1,-1,-1,1,-1,1,-1,-1,1,-1,1,1,1,-1,1,1,1,-1,-1,1,-1,1,1,1,-1,1,-1,1,1,1,-1,-1,1,1,-1,0.0,-158.3824461549282,1
337,1,-1,-1,1,1,-1,1,1,-1,1,-1,1,-1,-1,1,-1,-1,-1,1,-1,1,-1,1,1,-1,1,1,-1,-1,-1,-1,1,1,-1,-1,1,-1,1,-1,1,0.0,-158.3729553038391,2
338,1,1,1,-1,-1,1,-1,-1,1,-1,1,-1,1,1,-1,1,1,1,-1,1,1,1,-1,-1,1,1,-1,1,1,-1,1,-1,-1,1,1,-1,1,1,1,-1,0.0,-158.21073486028152,1
339,1,-1,-1,1,1,-1,-1,1,-1,1,-1,1,-1,-1,1,-1,-1,-1,1,-1,1,-1,1,-1,-1,1,1,-1,-1,-1,-1,1,1,-1,-1,1,-1,1,-1,1,0.0,-158.1696898368894,1
340,-1,-1,-1,1,1,-1,1,1,-1,1,-1,1,-1,-1,1,-1,-1,-1,1,1,-1,-1,1,-1,-1,1,-1,-1,-1,-1,-1,1,1,-1,-1,1,-1,1,-1,1,0.0,-158.00117713771715,1
341,1,1,1,-1,-1,1,-1,-1,1,-1,1,-1,1,1,-1,1,1,1,-1,1,1,1,-1,-1,1,1,-1,1,1,-1,1,-1,-1,1,1,-1,1,-1,1,-1,0.0,-157.8554800717523,1
342,-1,1,1,-1,1,1,1,1,-1,1,-1,1,-1,-1,1,-1,-1,1,1,-1,-1,-1,1,1,-1,-1,1,-1,-1,1,-1,1,-1,1,-1,-1,1,-1,-1,1,0.0,-157.75329563514816,1
343,1,1,1,-1,-1,-1,-1,-1,-1,-1,1,-1,1,1,-1,1,1,-1,1,-1,1,1,-1,-1,1,1,-1,1,1,-1,1,-1,-1,1,1,1,1,-1,1,-1,0.0,-157.72386393552,1
344,-1,1,1,-1,-1,1,-1,-1,1,-1,1,-1,1,1,-1,1,1,1,-1,-1,-1,1,-1,1,1,-1,1,1,1,1,1,-1,-1,1,1,-1,1,-1,1,-1,0.0,-157.5158254163652,1
345,1,-1,-1,1,1,1,1,1,-1,1,-1,1,-1,-1,-1,1,-1,-1,1,-1,-1,-1,1,-1,1,1,1,-1,-1,1,-1,1,-1,-1,-1,1,-1,1,-1,1,0.0,-157.5056327640317,1
346,1,-1,1,1,1,-1,1,1,-1,1,-1,1,1,-1,1,-1,1,-1,1,-1,-1,-1,1,1,-1,1,-1,-1,-1,1,-1,1,1,-1,-1,-1,-1,1,-1,1,0.0,-157.50266350296914,1
347,1,1,-1,-1,-1,1,-1,-1,1,-1,1,-1,1,1,-1,1,1,-1,-1,1,1,1,-1,-1,1,-1,1,1,1,1,1,-1,1,1,1,1,1,-1,1,-1,0.0,-157.48597025624485,1
348,1,1,-1,-1,-1,1,1,-1,1,-1,1,-1,1,1,-1,1,1,1,-1,1,1,1,-1,-1,1,-1,1,1,1,1,1,-1,-1,1,1,1,-1,-1,1,-1,0.0,-157.2944902625124,1
349,1,1,1,-1,-1,1,-1,-1,1,-1,1,-1,1,1,1,1,1,1,-1,1,1,-1,-1,-1,1,-1,-1,1,1,-1,1,-1,-1,1,1,1,1,1,1,-1,0.0,-157.27748624129305,1
350,1,1,-1,1,-1,1,-1,-1,1,-1,1,-1,1,1,-1,1,1,-1,-1,1,1,1,-1,-1,1,1,-1,1,1,-1,1,-1,1,1,1,1,1,1,1,-1,0.0,-157.25349761187732,1
351,1,-1,1,-1,1,1,-1,1,-1,1,-1,1,1,-1,1,-1,-1,-1,1,-1,-1,-1,1,1,-1,1,1,-1,-1,-1,-1,1,1,-1,-1,-1,-1,1,-1,1,0.0,-157.19757892344074,1
352,1,-1,-1,1,-1,-1,-1,1,1,1,1,1,1,-1,1,-1,1,-1,-1,1,1,-1,1,-1,-1,1,1,-1,-1,-1,-1,-1,1,-1,1,-1,1,1,-1,1,0.0,-157.14359327171888,1
353,1,-1,1,-1,1,-1,1,1,-1,1,-1,1,-1,-1,1,-1,-1,-1,1,-1,-1,-1,1,1,-1,1,-1,-1,-1,-1,-1,1,-1,-1,-1,1,1,1,-1,1,0.0,-156.925730539095,1
354,1,-1,1,1,-1,-1,1,1,-1,1,-1,1,1,-1,-1,1,1,-1,1,-1,-1,1,1,-1,1,1,-1,-1,-1,-1,1,1,1,-1,-1,1,1,1,-1,1,0.0,-156.8855550989356,1
355,1,1,-1,-1,-1,1,-1,-1,1,-1,1,-1,1,1,-1,1,1,-1,-1,1,1,1,-1,-1,1,-1,-1,1,1,1,1,-1,-1,-1,1,1,1,1,1,-1,0.0,-156.79697303198552,1
356,1,1,-1,1,-1,1,-1,-1,-1,-1,1,1,1,1,-1,-1,1,-1,-1,1,1,1,-1,-1,1,1,-1,1,1,-1,1,-1,1,-1,1,1,-1,1,1,-1,0.0,-156.77371945250016,1
357,-1,-1,1,1,1,-1,1,1,-1,1,-1,1,1,-1,1,-1,-1,-1,1,-1,-1,1,1,1,-1,1,1,-1,-1,-1,-1,1,1,1,-1,-1,-1,-1,-1,1,0.0,-156.77084523772214,1
358,1,-1,1,1,1,-1,1,1,-1,1,-1,1,1,-1,1,-1,-1,-1,1,-1,-1,-1,1,1,-1,1,1,-1,-1,-1,-1,1,1,-1,-1,1,-1,1,-1,1,0.025,-154.89634920220198,1
359,-1,-1,-1,1,1,-1,1,1,-1,1,-1,1,-1,-1,1,1,1,-1,1,-1,-1,1,1,-1,1,1,1,-1,-1,-1,-1,1,-1,-1,-1,1,-1,1,-1,1,0.0,-156.63506009849402,1
360,1,-1,1,1,1,-1,1,1,-1,1,-1,1,-1,-1,1,-1,-1,-1,1,-1,1,-1,1,1,-1,1,1,-1,-1,-1,-1,1,1,-1,-1,1,-1,1,-1,1,0.0,-156.60646690972277,1
361,1,-1,-1,1,-1,-1,1,-1,1,-1,1,-1,-1,1,-1,1,1,-1,-1,1,1,1,-1,-1,1,1,-1,1,1,-1,1,-1,-1,-1,1,1,-1,1,1,-1,0.025,-156.30994890836672,1
362,-1,-1,-1,1,1,-1,-1,1,-1,1,-1,1,-1,-1,1,-1,-1,-1,1,1,-1,-1,1,-1,-1,1,1,-1,-1,-1,-1,-1,1,-1,-1,-1,-1,1,-1,1,0.0,-155.96933443106985,1
363,1,1,-1,1,-1,-1,-1,-1,1,-1,1,-1,-1,1,-1,1,1,-1,-1,1,1,1,-1,-1,1,1,-1,1,1,-1,1,-1,1,-1,1,1,-1,1,1,-1,0.0,-155.9160250849666,1
364,-1,-1,-1,1,1,1,1,1,-1,1,-1,1,-1,-1,1,-1,-1,-1,1,1,-1,-1,1,1,-1,-1,1,-1,-1,-1,-1,1,1,-1,-1,1,-1,1,-1,1,0.0,-155.90197705449862,1
365,1,-1,1,-1,1,-1,1,1,-1,1,-1,1,-1,-1,1,-1,-1,-1,1,-1,-1,-1,1,1,-1,1,1,-1,-1,-1,-1,1,-1,-1,-1,1,-1,1,-1,1,0.0,-155.76831275820263,1
366,1,-1,-1,1,1,-1,-1,1,-1,1,-1,1,-1,-1,1,-1,-1,-1,1,1,1,-1,1,-1,-1,1,1,-1,-1,-1,-1,-1,1,-1,-1,-1,-1,1,-1,1,0.0,-155.69875972705154,2
367,-1,-1,1,1,1,-1,-1,1,-1,1,-1,1,1,-1,1,-1,-1,-1,1,-1,-1,-1,1,1,-1,1,1,-1,-1,-1,-1,1,1,1,-1,-1,1,-1,-1,1,0.0,-155.55344665701196,1
368,1,1,-1,1,-1,1,-1,-1,1,-1,1,-1,1,1,-1,-1,1,-1,-1,1,1,1,-1,-1,1,-1,1,1,1,-1,1,-1,1,1,1,-1,-1,1,1,-1,0.0,-155.19150383845454,1
369,1,-1,1,1,1,-1,-1,1,-1,1,-1,1,1,-1,1,-1,-1,-1,1,-1,1,-1,1,1,-1,1,1,-1,-1,-1,-1,1,1,-1,-1,-1,1,1,-1,1,0.0,-155.16607646443072,1
370,1,-1,-1,1,-1,-1,-1,-1,1,-1,1,-1,1,1,-1,1,1,-1,-1,1,1,1,-1,-1,1,1,-1,1,1,-1,1,-1,1,-1,1,-1,-1,1,1,-1,0.0,-155.08145796468992,1
371,1,1,-1,1,-1,1,-1,-1,1,-1,1,-1,1,1,-1,1,1,1,-1,1,1,1,-1,-1,1,1,-1,1,1,-1,1,-1,1,-1,1,1,-1,1,1,-1,0.0,-154.89136522300797,1
372,-1,-1,1,-1,1,-1,1,1,-1,1,-1,1,-1,-1,1,-1,-1,-1,1,-1,-1,-1,1,1,-1,-1,1,-1,-1,1,-1,1,-1,1,-1,1,1,-1,-1,1,0.0,-154.8047323684287,1
373,1,-1,1,1,-1,-1,1,1,-1,1,-1,1,1,-1,-1,1,1,-1,1,-1,-1,1,1,-1,1,1,-1,-1,-1,-1,-1,1,1,-1,-1,-1,1,1,-1,1,0.0,-154.79628517117865,1
374,1,1,-1,1,-1,1,-1,-1,1,-1,1,-1,1,1,-1,1,1,-1,-1,1,1,1,-1,-1,1,1,1,1,1,-1,1,-1,1,1,1,1,-1,1,1,-1,0.0,-154.68819683898627,1
375,-1,-1,-1,1,1,1,1,1,-1,1,-1,1,-1,-1,1,-1,-1,-1,1,1,-1,-1,1,-1,-1,1,1,-1,-1,-1,-1,1,1,-1,-1,1,-1,1,-1,1,0.05,-159.8451395530049,1
376,1,1,1,-1,-1,1,-1,-1,1,-1,1,-1,1,1,-1,1,1,-1,-1,1,1,1,-1,-1,1,1,-1,1,1,-1,1,-1,-1,1,1,1,1,-1,1,-1,0.0,-154.41550900012646,1
377,-1,-1,-1,1,-1,1,1,1,1,1,-1,1,-1,-1,1,-1,-1,1,-1,1,1,-1,1,1,-1,-1,1,-1,-1,1,-1,1,1,-1,-1,1,1,1,-1,1,0.0,-154.33198450570023,1
378,-1,-1,-1,1,1,1,-1,1,-1,1,-1,1,-1,-1,1,-1,-1,-1,1,-1,-1,-1,1,1,-1,-1,1,-1,-1,1,-1,1,1,-1,-1,1,-1,1,-1,1,0.0,-154.32840139778148,1
379,1,-1,-1,1,1,-1,1,-1,-1,-1,-1,-1,-1,1,-1,1,-1,-1,1,-1,-1,1,1,-1,1,1,-1,1,1,-1,1,1,-1,-1,-1,1,-1,-1,1,-1,0.0,-154.2330324958508,2
380,1,-1,1,1,1,-1,1,1,-1,1,-1,1,-1,-1,1,-1,-1,-1,1,-1,1,-1,1,-1,-1,1,1,-1,-1,-1,-1,1,1,-1,-1,1,-1,1,-1,1,0.0,-154.20661547124234,1
381,1,-1,-1,1,-1,-1,1,1,-1,1,-1,1,-1,-1,-1,1,-1,-1,1,-1,-1,1,1,-1,1,1,1,-1,-1,-1,-1,1,1,-1,-1,1,-1,1,-1,1,0.025,-165.98075132977954,1
382,1,-1,-1,1,1,-1,1,1,-1,1,-1,1,-1,-1,-1,1,-1,-1,1,-1,-1,-1,1,-1,1,1,1,-1,-1,-1,1,1,-1,-1,-1,1,-1,1,-1,1,0.025,-169.56123075837382,1
383,1,1,-1,-1,-1,1,-1,-1,1,-1,1,-1,1,1,-1,1,1,-1,-1,1,1,1,-1,-1,1,1,-1,1,1,1,1,-1,-1,1,1,1,1,-1,1,-1,0.0,-154.0525066546657,1
384,1,-1,-1,1,-1,1,-1,-1,1,-1,1,-1,1,1,-1,1,1,-1,-1,1,1,1,-1,-1,1,1,-1,1,1,-1,1,-1,1,-1,1,-1,1,1,1,-1,0.0,-153.98723926359,1
385,1,-1,1,1,1,-1,1,1,-1,1,-1,1,-1,-1,-1,1,-1,-1,1,-1,-1,1,1,1,1,1,1,-1,-1,-1,-1,1,-1,-1,-1,1,-1,1,-1,1,0.025,-163.865572274082,1
386,1,-1,1,1,-1,-1,1,1,-1,1,-1,1,1,-1,-1,-1,1,-1,1,-1,-1,1,1,-1,-1,1,-1,-1,-1,-1,-1,1,1,-1,-1,-1,-1,1,-1,1,0.0,-153.5964931802356,1
387,1,1,1,-1,-1,1,1,-1,1,-1,1,-1,1,1,-1,1,1,1,-1,1,1,1,-1,-1,1,1,-1,1,1,1,1,-1,-1,-1,1,1,1,-1,1,-1,0.0,-153.5266597957543,1
388,-1,1,1,-1,1,1,1,1,-1,1,-1,1,-1,-1,1,-1,-1,1,1,-1,-1,-1,1,1,-1,-1,1,-1,-1,1,-1,1,-1,1,-1,1,-1,-1,-1,1,0.0,-153.28654591694314,1
389,1,1,1,-1,-1,1,1,-1,1,-1,1,-1,1,1,-1,1,1,1,-1,1,1,1,-1,-1,1,-1,-1,1,1,1,1,-1,1,1,1,1,1,1,1,-1,0.0,-153.1560520048241,1
390,1,-1,1,1,1,-1,1,1,-1,1,-1,1,1,-1,1,-1,-1,-1,1,-1,-1,-1,1,1,-1,1,-1,-1,-1,-1,-1,-1,1,-1,-1,1,1,1,-1,1,0.0,-153.13831834476252,1
391,1,-1,-1,1,1,1,1,1,-1,1,-1,1,-1,-1,1,-1,-1,-1,1,1,-1,-1,1,-1,-1,1,1,-1,-1,-1,-1,1,-1,-1,-1,-1,-1,1,-1,1,0.0,-153.10859257263797,1
392,-1,-1,1,-1,1,-1,-1,1,-1,1,-1,1,1,-1,1,-1,-1,-1,1,-1,-1,-1,1,1,-1,1,1,-1,-1,-1,-1,-1,1,1,-1,-1,1,1,-1,1,0.0,-152.97255122852067,1
393,-1,1,1,-1,1,1,-1,1,-1,1,-1,-1,-1,-1,1,-1,-1,1,1,-1,-1,-1,1,1,-1,-1,1,-1,-1,1,-1,1,-1,1,-1,-1,-1,-1,-1,1,0.0,-152.48200641929768,1
394,-1,-1,-1,1,1,-1,1,1,-1,1,-1,1,-1,-1,1,1,-1,-1,1,-1,-1,-1,1,1,-1,1,-1,-1,-1,-1,-1,1,-1,1,-1,1,-1,1,-1,1,0.0,-151.94302226519937,1
395,1,-1,-1,1,1,-1,1,1,-1,1,-1,1,-1,-1,1,-1,-1,-1,1,1,-1,-1,1,1,-1,1,1,-1,-1,1,-1,1,1,-1,-1,1,-1,1,-1,1,0.0,-151.58848919972587,1
396,-1,1,1,-1,-1,1,1,-1,1,-1,1,-1,-1,1,-1,1,-1,1,-1,1,-1,1,-1,1,1,-1,-1,1,1,1,1,1,-1,1,1,1,1,-1,1,-1,0.0,-151.54350680842379,1
397,1,-1,-1,1,-1,-1,1,-1,-1,-1,-1,1,1,1,-1,1,1,-1,1,-1,-1,1,1,-1,1,1,-1,1,1,-1,1,1,-1,-1,-1,1,1,1,1,-1,0.0,-151.5315917270823,1
398,1,1,-1,1,-1,-1,-1,-1,1,-1,1,-1,1,1,-1,1,1,-1,-1,1,1,1,-1,-1,1,1,1,1,1,-1,1,-1,1,1,1,-1,-1,1,1,-1,0.0,-151.38780052644583,2
399,1,-1,-1,1,1,-1,1,-1,-1,-1,-1,-1,-1,1,-1,1,1,-1,1,-1,-1,1,1,-1,1,1,-1,1,1,-1,1,1,-1,-1,-1,1,-1,1,1,-1,0.025,-155.9686216040873,1
400,1,-1,1,1,1,-1,1,1,-1,1,-1,1,-1,-1,1,-1,-1,-1,1,1,-1,-1,1,1,-1,1,1,-1,-1,-1,-1,1,1,-1,-1,-1,-1,1,-1,1,0.025,-160.1175104963558,1
401,1,-1,-1,1,-1,1,-1,-1,1,-1,1,-1,1,1,-1,1,1,-1,-1,1,1,1,-1,-1,1,1,-1,1,1,-1,1,-1,1,-1,1,-1,1,1,1,-1,0.025,-153.98723926359,1
402,1,-1,1,1,1,-1,-1,1,-1,1,-1,1,1,-1,1,-1,1,-1,1,-1,-1,-1,1,-1,-1,1,1,-1,-1,-1,-1,-1,1,-1,-1,-1,1,1,-1,1,0.0,-150.66676783983272,1
403,-1,-1,-1,-1,1,1,1,1,-1,1,-1,1,-1,-1,1,-1,-1,-1,1,-1,-1,-1,1,1,-1,-1,1,-1,-1,1,-1,1,-1,-1,-1,1,-1,1,-1,1,0.0,-150.6360075636515,1
404,1,-1,1,-1,1,-1,1,1,-1,1,-1,1,-1,-1,-1,-1,-1,-1,1,-1,-1,-1,1,1,-1,1,1,-1,-1,-1,-1,1,-1,-1,-1,1,1,1,-1,1,0.0,-150.51946815760505,1
405,-1,1,-1,-1,1,1,1,-1,1,-1,1,-1,-1,1,-1,1,-1,1,1,-1,-1,1,-1,1,1,-1,-1,1,1,1,1,1,-1,1,1,1,-1,-1,1,-1,0.0,-150.20843259054314,1
406,1,-1,-1,1,-1,-1,1,-1,1,-1,1,-1,-1,1,-1,1,1,-1,-1,1,1,1,-1,-1,1,1,-1,1,1,-1,1,-1,1,-1,1,1,-1,1,1,-1,0.025,-153.1025138486423,1
407,1,1,1,-1,-1,-1,-1,-1,-1,-1,1,-1,1,1,-1,1,1,-1,1,-1,1,1,-1,1,1,1,-1,1,1,-1,1,-1,-1,1,1,1,1,-1,1,-1,0.0,-150.02120087834516,1
408,1,1,1,-1,-1,1,-1,1,1,1,1,1,1,-1,1,-1,1,1,-1,1,1,-1,-1,-1,-1,-1,1,-1,-1,1,-1,-1,1,1,1,-1,1,1,-1,1,0.0,-150.01676481490279,1
409,-1,1,1,-1,-1,1,-1,1,1,-1,1,-1,1,-1,1,-1,1,1,-1,1,1,1,-1,1,-1,-1,1,1,1,1,-1,-1,1,1,1,-1,1,-1,1,1,0.0,-149.75933498759198,1
410,-1,1,1,-1,1,-1,1,1,-1,1,-1,1,1,-1,1,-1,-1,1,1,-1,-1,-1,1,1,-1,-1,-1,-1,-1,1,-1,1,1,1,-1,-1,-1,-1,-1,1,0.0,-149.7287669082416,1
411,-1,-1,-1,1,1,1,1,1,-1,1,-1,1,-1,-1,1,-1,-1,-1,1,-1,-1,-1,1,1,-1,-1,1,-1,-1,1,-1,1,-1,-1,-1,1,1,1,-1,1,0.025,-153.42876054045385,1
412,1,-1,-1,1,1,-1,1,-1,-1,-1,-1,-1,-1,1,-1,1,-1,-1,1,-1,-1,1,1,-1,1,1,-1,1,1,-1,1,1,-1,1,-1,1,-1,1,1,-1,0.0,-149.64598323850365,1
413,1,1,1,-1,-1,1,-1,-1,1,-1,1,-1,1,1,1,1,1,1,-1,1,1,1,-1,-1,1,-1,1,1,1,1,1,-1,1,1,1,-1,1,-1,1,-1,0.025,-167.4874118874434,1
414,1,-1,1,1,-1,-1,1,-1,-1,-1,-1,1,1,1,-1,1,-1,-1,1,-1,-1,1,1,-1,1,1,-1,1,1,-1,1,1,-1,1,-1,1,1,-1,1,-1,0.0,-149.24669362701593,1
415,1,-1,-1,1,1,-1,-1,1,1,1,1,1,1,-1,1,-1,1,-1,-1,1,1,-1,1,-1,-1,1,1,-1,-1,-1,-1,-1,1,-1,1,-1,1,1,-1,1,0.0,-148.91257906671797,1
416,1,-1,-1,1,-1,-1,1,-1,-1,-1,1,1,1,1,-1,1,1,-1,1,-1,-1,1,1,-1,1,1,-1,1,1,-1,1,1,-1,-1,-1,1,-1,-1,-1,-1,0.0,-148.88110262727295,1
417,1,-1,-1,1,-1,-1,1,1,-1,1,-1,1,-1,-1,-1,1,1,-1,1,-1,-1,1,1,-1,1,1,1,-1,-1,-1,1,1,-1,-1,-1,1,-1,1,-1,1,0.025,-168.70978868681232,1
418,-1,1,-1,-1,-1,1,-1,-1,1,-1,1,-1,-1,1,1,1,1,1,-1,1,1,1,-1,-1,1,-1,1,1,1,-1,-1,-1,1,1,1,1,1,-1,1,-1,0.0,-148.71365513206734,1
419,1,1,1,1,-1,-1,-1,-1,-1,-1,1,-1,1,1,-1,1,1,-1,1,-1,1,1,-1,-1,1,1,-1,1,1,-1,1,-1,1,1,1,-1,-1,-1,1,-1,0.0,-148.3901400968032,1
420,1,-1,1,1,1,-1,1,1,-1,1,-1,1,1,-1,1,1,-1,-1,1,-1,-1,-1,1,-1,1,1,1,-1,-1,-1,-1,1,1,1,-1,-1,-1,1,-1,1,0.0,-148.2409498118103,1
421,1,-1,-1,1,-1,-1,1,1,-1,-1,-1,1,1,-1,-1,1,1,-1,1,-1,-1,1,1,-1,1,1,-1,-1,-1,1,-1,1,1,-1,-1,1,1,1,-1,1,0.0,-148.20172137242798,1
422,1,-1,1,1,-1,-1,1,-1,-1,-1,-1,-1,1,1,-1,1,1,-1,1,-1,-1,1,1,-1,1,1,-1,1,1,-1,1,1,-1,-1,-1,-1,-1,-1,1,-1,0.0,-147.99717143045288,1
423,-1,1,1,-1,1,1,-1,1,1,1,1,-1,-1,-1,1,-1,-1,1,-1,1,1,-1,-1,1,-1,-1,1,1,-1,-1,-1,-1,1,1,1,-1,-1,1,1,1,0.0,-147.86616782395515,1
424,1,-1,-1,1,-1,1,1,-1,-1,-1,-1,-1,-1,1,-1,1,1,-1,-1,1,1,1,1,-1,1,1,-1,1,1,-1,1,1,-1,-1,-1,1,-1,1,1,-1,0.0,-147.36174865357086,1
425,1,1,-1,-1,-1,1,-1,-1,1,-1,1,-1,1,1,-1,1,1,1,-1,1,-1,1,-1,-1,1,-1,-1,1,1,1,1,1,-1,-1,1,1,-1,-1,1,-1,0.025,-152.36038712096655,1
426,1,1,1,-1,-1,1,1,-1,1,-1,1,-1,1,1,-1,1,1,1,-1,1,1,1,-1,-1,1,1,-1,1,1,-1,1,-1,1,1,1,-1,1,1,1,-1,0.0,-146.70775389080268,1
427,-1,-1,-1,1,1,1,1,1,-1,1,-1,1,-1,-1,1,-1,-1,-1,-1,1,1,-1,1,-1,-1,1,-1,-1,-1,-1,-1,1,1,-1,-1,1,1,1,-1,1,0.0,-146.42328728405343,1
428,1,-1,-1,1,-1,-1,-1,-1,1,-1,1,1,1,1,-1,1,1,-1,-1,1,1,1,1,-1,1,1,-1,1,1,-1,1,-1,1,-1,1,-1,1,-1,1,-1,0.0,-145.9959540143186,1
429,1,1,1,-1,-1,-1,-1,-1,1,-1,1,-1,1,1,-1,1,1,1,1,-1,-1,1,1,-1,1,1,-1,1,1,-1,1,-1,-1,1,1,-1,-1,-1,1,-1,0.0,-145.36493498587336,1
430,-1,1,-1,1,-1,1,-1,-1,1,-1,1,-1,1,1,-1,1,1,-1,-1,1,1,1,-1,-1,1,-1,-1,1,1,-1,1,-1,1,1,1,-1,-1,1,1,-1,0.0,-144.97602126743908,1
431,-1,1,1,-1,1,1,1,-1,-1,1,-1,-1,-1,1,-1,1,-1,1,1,-1,-1,-1,-1,1,1,-1,-1,1,1,1,1,1,-1,1,1,1,-1,-1,1,-1,0.0,-144.93848911596416,1
432,1,-1,1,1,1,-1,1,1,-1,1,-1,1,1,-1,-1,-1,-1,-1,1,-1,-1,1,1,-1,-1,1,1,-1,-1,-1,-1,1,1,-1,-1,-1,-1,1,-1,1,0.025,-150.34719269609076,1
433,1,-1,-1,1,1,-1,1,-1,-1,-1,-1,-1,-1,1,-1,1,-1,-1,1,-1,-1,1,1,-1,1,1,-1,1,-1,-1,1,1,-1,-1,-1,1,-1,1,1,-1,0.025,-154.15963448317095,1
434,1,-1,-1,1,-1,-1,1,-1,-1,-1,-1,1,1,1,-1,1,1,-1,1,-1,1,1,1,-1,1,1,-1,1,1,-1,1,1,1,-1,1,1,1,-1,1,-1,0.0,-144.0532594581228,1
435,1,1,-1,-1,-1,-1,-1,-1,1,-1,1,-1,1,1,-1,1,1,1,-1,1,1,1,-1,-1,1,-1,1,1,1,1,1,-1,-1,1,1,-1,-1,1,1,-1,0.025,-145.84307606152268,1
436,1,-1,1,1,1,-1,1,1,-1,1,-1,1,1,-1,1,-1,-1,-1,1,-1,1,-1,1,1,-1,1,1,-1,-1,-1,-1,1,1,1,-1,-1,-1,-1,-1,1,0.0,-143.06914683577256,1
437,-1,-1,-1,1,1,1,-1,1,-1,1,-1,1,-1,-1,1,-1,-1,-1,1,1,-1,-1,1,1,-1,1,1,-1,-1,-1,-1,1,-1,-1,-1,1,1,1,-1,1,0.025,-146.91957724404008,1
438,1,-1,-1,1,1,-1,1,-1,-1,-1,-1,-1,-1,1,-1,1,-1,-1,1,-1,-1,1,1,-1,1,1,-1,1,1,-1,1,1,-1,1,-1,1,-1,-1,1,-1,0.025,-150.00804750904,1
439,-1,-1,-1,-1,1,-1,1,1,-1,1,-1,1,-1,-1,1,-1,-1,-1,1,-1,-1,-1,1,1,-1,-1,1,-1,-1,1,-1,1,1,1,-1,1,1,-1,-1,1,0.0,-142.00810159248365,1
440,1,-1,1,1,-1,-1,1,-1,-1,-1,-1,-1,1,1,-1,1,-1,-1,1,-1,-1,1,1,-1,1,1,-1,1,1,-1,1,1,-1,1,-1,1,1,-1,1,-1,0.0,-141.98583812824342,1
441,1,-1,1,-1,1,1,-1,1,-1,1,-1,1,1,-1,1,-1,-1,-1,1,1,-1,-1,1,1,-1,1,1,-1,-1,-1,-1,1,1,-1,-1,1,1,1,-1,1,0.025,-137.12898671132203,1
442,1,1,1,-1,-1,-1,1,-1,-1,-1,-1,-1,1,1,-1,1,1,-1,1,-1,1,1,1,-1,1,1,-1,1,1,-1,1,1,-1,1,1,1,1,-1,1,-1,0.0,-140.62696345359035,1
443,1,-1,-1,1,1,-1,-1,1,-1,1,-1,1,1,-1,1,-1,1,-1,1,-1,-1,-1,1,-1,-1,1,1,-1,-1,-1,-1,1,1,-1,-1,-1,-1,1,-1,1,0.025,-159.4414197756377,1
444,1,-1,-1,1,-1,-1,-1,-1,-1,-1,-1,1,1,1,-1,1,1,-1,1,-1,-1,1,1,-1,1,1,-1,1,1,-1,1,1,1,-1,1,-1,-1,1,-1,-1,0.0,-139.99926348398054,1
445,1,1,1,-1,-1,-1,1,-1,1,-1,1,-1,1,1,-1,1,1,1,1,-1,1,1,1,-1,1,-1,-1,1,1,-1,1,-1,-1,1,1,-1,1,-1,1,-1,0.025,-144.61407528901992,1
446,-1,1,-1,-1,-1,1,1,-1,1,-1,1,-1,1,1,-1,1,1,1,-1,1,1,-1,-1,-1,1,-1,1,1,1,-1,1,-1,1,1,1,-1,-1,-1,1,-1,0.0,-138.05361199794066,1
447,1,-1,1,1,1,-1,1,1,-1,1,-1,1,-1,-1,1,1,-1,1,1,-1,-1,-1,1,1,-1,-1,1,-1,-1,-1,-1,1,-1,-1,-1,-1,1,1,-1,1,0.0,-133.90787425138524,1
