,0,1,2,3,4,5,6,7,8,9,10,11,12,13,14,15,16,17,18,19,20,21,22,23,24,25,26,27,28,29,30,31,32,33,34,35,36,37,38,39,chain_break_fraction,energy,num_occurrences
0,1,-1,-1,1,1,-1,-1,-1,1,1,-1,1,1,-1,1,-1,1,1,1,1,1,1,1,1,1,1,1,1,-1,1,1,-1,1,-1,1,1,1,1,1,1,0.0,-178.0,3
1,-1,1,1,-1,-1,1,1,1,-1,-1,1,-1,-1,1,-1,1,-1,-1,-1,-1,-1,-1,-1,-1,-1,-1,-1,-1,1,-1,-1,1,-1,1,-1,-1,-1,-1,-1,-1,0.0,-178.0,60
2,-1,1,1,-1,-1,-1,1,1,-1,-1,1,-1,-1,1,-1,1,-1,-1,-1,-1,-1,-1,-1,-1,1,-1,-1,-1,-1,1,-1,1,-1,1,1,-1,-1,-1,1,-1,0.0,-178.0,80
3,1,-1,-1,1,1,-1,-1,-1,1,1,-1,1,1,-1,1,-1,1,1,1,1,1,1,1,1,-1,1,1,1,1,1,1,-1,1,-1,1,1,1,1,1,1,0.0,-178.0,1
4,-1,1,1,-1,-1,1,1,1,-1,-1,1,-1,-1,1,-1,1,-1,-1,-1,-1,-1,-1,-1,-1,1,-1,-1,-1,-1,-1,-1,1,-1,1,-1,-1,-1,-1,-1,-1,0.0,-178.0,106
5,1,1,-1,1,1,-1,-1,-1,1,1,-1,1,1,-1,1,-1,1,1,1,1,1,1,1,1,-1,1,1,1,1,-1,1,-1,1,-1,1,-1,1,1,1,1,0.0,-176.0,1
6,-1,-1,1,-1,-1,1,1,1,-1,-1,1,-1,-1,1,-1,1,-1,-1,-1,-1,-1,-1,-1,-1,1,-1,-1,-1,-1,1,-1,1,-1,1,-1,1,-1,-1,-1,-1,0.0,-176.0,5
7,-1,1,1,-1,-1,1,1,1,-1,-1,1,-1,-1,1,-1,1,-1,-1,-1,-1,-1,-1,-1,-1,-1,-1,-1,-1,-1,-1,-1,1,-1,1,-1,-1,-1,-1,-1,-1,0.0,-176.0,30
8,-1,-1,1,-1,-1,-1,1,1,-1,-1,1,-1,-1,1,-1,1,-1,-1,-1,-1,-1,-1,-1,-1,1,-1,-1,-1,-1,1,-1,1,-1,1,1,-1,-1,-1,1,-1,0.0,-176.0,4
9,-1,1,1,-1,-1,-1,1,1,-1,-1,1,-1,-1,1,-1,1,-1,-1,-1,-1,-1,-1,-1,-1,1,-1,-1,-1,-1,1,-1,1,-1,1,1,-1,-1,-1,-1,-1,0.0,-176.0,55
10,1,-1,-1,1,1,-1,-1,-1,1,1,-1,1,1,-1,1,-1,1,1,1,1,1,1,1,1,1,1,1,1,1,1,1,-1,1,-1,1,1,1,1,1,1,0.0,-176.0,1
11,-1,1,1,-1,-1,1,1,1,1,-1,1,-1,-1,1,-1,1,-1,-1,-1,-1,-1,-1,-1,-1,-1,-1,-1,-1,1,-1,-1,1,-1,1,-1,-1,-1,-1,-1,-1,0.0,-176.0,16
12,-1,1,1,-1,-1,-1,1,1,-1,-1,1,-1,-1,1,-1,1,-1,-1,-1,-1,-1,-1,-1,-1,1,-1,-1,-1,-1,-1,-1,1,-1,1,-1,-1,-1,-1,-1,-1,0.0,-176.0,67
13,-1,-1,1,-1,-1,1,1,1,-1,-1,1,-1,-1,1,-1,1,-1,-1,-1,-1,-1,-1,-1,-1,1,1,-1,-1,-1,1,-1,1,-1,1,-1,-1,-1,-1,-1,-1,0.0,-176.0,2
14,1,-1,-1,1,1,-1,-1,-1,1,1,-1,1,1,-1,1,-1,1,1,1,1,1,1,1,1,-1,1,1,1,-1,1,1,-1,1,-1,1,1,1,1,1,1,0.0,-176.0,2
15,1,1,-1,1,1,-1,-1,-1,1,1,-1,1,1,-1,1,-1,1,1,1,1,1,1,1,1,-1,-1,1,1,1,-1,1,-1,1,-1,1,1,1,1,1,1,0.0,-176.0,2
16,-1,1,1,-1,-1,1,1,1,-1,-1,1,-1,-1,1,-1,1,-1,-1,-1,-1,-1,-1,-1,-1,1,-1,-1,-1,1,-1,-1,1,-1,1,-1,-1,-1,-1,-1,-1,0.0,-176.0,79
17,-1,-1,1,-1,-1,1,1,1,-1,-1,1,-1,-1,1,-1,1,-1,-1,-1,-1,-1,-1,-1,-1,1,-1,-1,-1,-1,-1,-1,1,-1,1,-1,-1,-1,-1,-1,-1,0.0,-176.0,15
18,-1,-1,1,-1,-1,1,1,-1,-1,-1,1,-1,-1,1,1,1,-1,-1,-1,-1,1,-1,-1,-1,1,-1,-1,-1,-1,-1,-1,1,-1,1,-1,1,-1,-1,1,-1,0.0,-174.0,19
19,-1,1,1,-1,-1,-1,1,1,-1,-1,1,-1,-1,1,-1,1,-1,-1,-1,-1,-1,-1,-1,-1,1,-1,-1,-1,-1,1,-1,1,-1,1,-1,-1,-1,-1,-1,-1,0.0,-174.0,19
20,1,1,-1,1,1,-1,-1,-1,1,1,-1,1,1,-1,1,-1,1,1,1,1,1,1,1,1,-1,-1,1,1,1,-1,1,-1,1,-1,1,-1,1,1,1,1,0.0,-174.0,4
21,-1,-1,1,-1,-1,1,1,1,-1,-1,1,-1,-1,1,-1,1,-1,-1,-1,-1,-1,-1,-1,-1,1,-1,-1,-1,-1,1,-1,1,-1,1,-1,-1,-1,-1,-1,-1,0.0,-174.0,1
22,-1,1,1,-1,-1,1,1,1,-1,-1,1,-1,-1,1,-1,1,-1,-1,-1,-1,-1,-1,-1,-1,-1,-1,-1,-1,-1,-1,-1,1,-1,1,-1,1,-1,-1,-1,-1,0.0,-174.0,11
23,1,-1,-1,1,1,-1,-1,-1,1,1,-1,1,1,-1,1,-1,1,1,1,1,1,1,1,1,1,1,1,1,1,1,1,-1,1,-1,1,-1,1,1,1,1,0.0,-174.0,2
24,1,-1,-1,1,1,1,-1,-1,1,1,-1,1,1,-1,1,-1,1,1,1,1,1,1,1,1,-1,1,1,1,1,-1,1,-1,1,-1,1,1,1,1,1,1,0.0,-174.0,1
25,-1,-1,1,-1,-1,1,1,1,-1,-1,1,-1,-1,1,-1,1,-1,-1,-1,-1,-1,-1,-1,-1,1,-1,-1,-1,-1,-1,-1,1,-1,1,-1,1,-1,-1,-1,-1,0.0,-174.0,3
26,-1,1,1,-1,-1,-1,1,1,-1,-1,1,-1,-1,1,-1,1,-1,-1,-1,-1,-1,-1,-1,-1,1,-1,-1,-1,-1,-1,-1,1,-1,1,1,-1,-1,-1,-1,-1,0.0,-174.0,17
27,-1,1,1,-1,-1,1,1,1,-1,-1,1,-1,-1,1,-1,1,-1,-1,-1,-1,-1,-1,-1,-1,1,-1,-1,-1,1,-1,-1,1,-1,1,1,-1,-1,-1,-1,-1,0.0,-174.0,8
28,-1,-1,1,-1,-1,-1,1,1,-1,-1,1,-1,-1,1,-1,1,-1,-1,-1,-1,-1,-1,-1,-1,1,-1,-1,-1,-1,1,-1,1,-1,1,-1,-1,-1,-1,1,-1,0.0,-174.0,3
29,-1,1,1,-1,-1,1,1,1,1,-1,1,-1,-1,1,1,1,-1,-1,-1,-1,-1,-1,-1,-1,-1,-1,-1,-1,1,-1,-1,1,-1,1,-1,-1,-1,-1,-1,-1,0.0,-174.0,1
30,-1,1,1,-1,-1,1,1,1,-1,-1,1,-1,-1,1,1,1,-1,-1,-1,-1,-1,-1,-1,-1,1,-1,-1,-1,1,-1,-1,1,-1,1,-1,-1,-1,-1,-1,-1,0.0,-174.0,24
31,-1,-1,1,-1,-1,1,1,1,-1,-1,1,-1,-1,1,-1,1,-1,-1,-1,-1,-1,-1,-1,-1,1,1,-1,-1,-1,-1,-1,1,-1,1,-1,-1,-1,-1,-1,-1,0.0,-174.0,1
32,-1,1,1,-1,-1,1,1,1,1,-1,1,-1,-1,1,-1,1,-1,-1,-1,-1,-1,-1,-1,-1,-1,-1,-1,-1,1,-1,-1,1,-1,1,1,-1,-1,-1,-1,-1,0.0,-174.0,3
33,-1,-1,1,-1,-1,1,1,-1,-1,-1,1,-1,-1,1,1,1,-1,-1,-1,-1,1,-1,-1,-1,1,-1,-1,-1,-1,-1,-1,1,-1,1,-1,1,-1,-1,-1,-1,0.0,-172.0,1
34,-1,1,1,-1,-1,1,1,1,1,-1,1,-1,-1,1,1,1,-1,-1,1,-1,-1,-1,-1,-1,-1,-1,-1,-1,1,-1,-1,1,-1,1,-1,-1,-1,-1,-1,-1,0.0,-172.0,11
35,-1,1,1,-1,-1,1,1,1,-1,-1,1,-1,-1,1,-1,1,-1,-1,-1,-1,-1,-1,-1,-1,1,-1,-1,-1,-1,1,-1,1,-1,1,-1,-1,-1,-1,-1,-1,0.0,-172.0,3
36,-1,-1,1,-1,-1,-1,1,1,-1,-1,1,-1,-1,1,-1,1,-1,-1,-1,-1,-1,-1,-1,-1,1,-1,-1,-1,-1,1,-1,1,-1,1,-1,-1,-1,-1,-1,-1,0.0,-172.0,1
37,-1,1,1,-1,-1,1,1,1,-1,-1,1,-1,-1,1,-1,1,-1,-1,-1,-1,-1,-1,-1,-1,-1,-1,-1,-1,1,-1,-1,1,-1,1,-1,1,-1,-1,-1,-1,0.0,-172.0,8
38,1,-1,-1,1,1,-1,-1,-1,1,1,-1,1,1,-1,1,-1,1,1,1,1,1,1,1,1,1,1,1,1,-1,1,1,-1,1,-1,1,-1,1,1,1,1,0.0,-172.0,1
39,-1,1,1,-1,-1,1,1,1,-1,-1,1,-1,-1,1,-1,1,-1,-1,-1,-1,-1,-1,-1,-1,1,-1,-1,-1,-1,-1,-1,1,-1,1,-1,1,-1,-1,-1,-1,0.0,-172.0,7
40,-1,1,1,-1,-1,1,1,1,-1,-1,1,-1,-1,1,-1,1,-1,-1,-1,-1,-1,-1,-1,-1,1,-1,-1,-1,-1,-1,-1,1,-1,1,1,-1,-1,-1,-1,-1,0.0,-172.0,4
41,1,-1,-1,1,1,-1,-1,-1,-1,1,-1,1,1,-1,1,-1,1,1,-1,1,1,1,1,1,1,1,1,1,-1,1,1,-1,1,-1,-1,1,1,1,1,1,0.0,-172.0,1
42,-1,-1,1,-1,-1,1,1,1,-1,-1,1,-1,-1,1,-1,1,-1,-1,-1,-1,1,-1,-1,-1,1,-1,-1,-1,-1,-1,-1,1,-1,1,-1,1,-1,-1,-1,-1,0.0,-172.0,1
43,-1,1,1,-1,-1,1,1,1,1,-1,1,-1,-1,1,-1,1,-1,-1,1,-1,-1,-1,-1,-1,-1,-1,-1,-1,1,-1,-1,1,-1,1,1,-1,-1,-1,-1,-1,0.0,-172.0,9
44,-1,1,-1,-1,-1,-1,1,1,-1,-1,1,-1,-1,1,-1,1,-1,-1,-1,-1,-1,-1,-1,-1,1,-1,-1,-1,-1,1,-1,1,-1,1,1,-1,-1,-1,1,-1,0.0,-172.0,16
45,-1,1,1,-1,-1,-1,1,1,-1,-1,1,-1,-1,1,-1,1,-1,-1,-1,-1,-1,-1,-1,-1,1,-1,-1,-1,1,-1,-1,1,-1,1,1,-1,-1,-1,-1,-1,0.0,-172.0,10
46,-1,1,1,-1,-1,1,1,1,-1,-1,1,-1,-1,1,1,1,-1,-1,-1,-1,-1,-1,-1,-1,-1,-1,-1,-1,1,-1,-1,1,-1,1,-1,-1,-1,-1,-1,-1,0.0,-172.0,4
47,1,1,-1,1,1,-1,-1,-1,1,1,-1,1,1,-1,1,-1,1,1,1,1,1,1,1,1,1,1,1,1,1,1,1,-1,1,-1,1,-1,1,1,1,1,0.0,-172.0,1
48,-1,1,1,-1,-1,1,1,1,-1,-1,1,-1,-1,1,-1,1,-1,-1,-1,-1,-1,-1,-1,-1,-1,-1,-1,-1,1,-1,-1,1,-1,1,1,-1,-1,-1,-1,-1,0.0,-172.0,3
49,-1,-1,1,-1,-1,1,1,1,-1,-1,1,-1,-1,1,-1,1,-1,-1,-1,-1,-1,-1,-1,-1,-1,-1,-1,-1,-1,-1,-1,1,-1,1,-1,1,-1,-1,-1,-1,0.0,-172.0,1
50,-1,1,-1,-1,-1,1,1,1,-1,-1,1,-1,-1,1,-1,1,-1,-1,-1,-1,-1,-1,-1,-1,-1,-1,-1,-1,1,-1,-1,1,-1,1,-1,-1,-1,-1,-1,-1,0.0,-172.0,5
51,-1,1,1,-1,-1,-1,1,1,-1,-1,1,-1,-1,1,-1,1,-1,-1,-1,-1,-1,-1,-1,-1,1,-1,-1,-1,-1,-1,-1,1,-1,1,1,-1,-1,-1,1,-1,0.0,-172.0,10
52,-1,1,1,-1,-1,1,1,1,1,-1,1,-1,-1,1,-1,1,-1,-1,-1,-1,-1,-1,-1,-1,1,-1,-1,-1,1,-1,-1,1,-1,1,1,-1,-1,-1,-1,-1,0.0,-172.0,2
53,1,1,-1,1,1,-1,-1,-1,1,1,-1,1,1,-1,1,-1,1,1,1,1,-1,1,1,1,-1,-1,1,1,1,1,1,-1,1,-1,1,1,1,1,1,1,0.0,-172.0,1
54,-1,1,1,-1,-1,1,1,1,-1,-1,1,-1,-1,1,1,1,-1,-1,-1,-1,-1,-1,-1,-1,1,-1,-1,-1,-1,-1,-1,1,-1,1,-1,-1,-1,-1,-1,-1,0.0,-172.0,1
55,-1,1,1,-1,-1,-1,1,1,-1,-1,1,-1,-1,1,-1,1,-1,-1,-1,-1,-1,-1,-1,-1,1,-1,-1,-1,-1,1,-1,1,-1,1,-1,-1,-1,-1,1,-1,0.0,-172.0,3
56,-1,1,1,-1,-1,1,1,1,-1,-1,1,-1,-1,1,-1,1,-1,-1,-1,-1,-1,-1,-1,-1,1,1,-1,-1,-1,-1,-1,1,-1,1,-1,-1,-1,-1,-1,-1,0.0,-172.0,2
57,-1,1,1,-1,-1,1,1,1,1,-1,1,-1,-1,1,1,1,-1,-1,-1,-1,-1,-1,-1,-1,1,-1,-1,-1,1,-1,-1,1,-1,1,-1,-1,-1,-1,-1,-1,0.0,-172.0,7
58,-1,-1,1,-1,-1,1,1,1,-1,-1,1,-1,-1,1,-1,1,-1,-1,-1,-1,-1,-1,-1,-1,1,-1,-1,-1,-1,1,-1,1,-1,1,-1,-1,-1,-1,1,-1,0.0,-172.0,1
59,-1,1,1,-1,-1,1,1,1,-1,-1,1,-1,-1,1,-1,1,-1,-1,-1,-1,-1,-1,-1,-1,1,-1,-1,-1,1,-1,-1,1,-1,1,-1,-1,-1,-1,-1,-1,0.025,-176.0,1
60,1,1,-1,1,1,-1,-1,-1,1,1,-1,1,1,-1,1,-1,1,1,1,1,-1,1,1,1,-1,1,1,1,1,-1,1,-1,1,-1,1,-1,1,1,1,1,0.0,-170.0,1
61,-1,-1,1,-1,-1,-1,1,1,-1,-1,1,-1,-1,1,-1,1,-1,-1,-1,-1,-1,-1,-1,-1,1,-1,-1,-1,-1,1,-1,1,-1,1,-1,1,-1,-1,-1,-1,0.0,-170.0,1
62,-1,-1,1,-1,-1,1,1,1,-1,-1,1,-1,-1,1,-1,1,-1,-1,-1,-1,1,-1,-1,-1,1,-1,-1,-1,-1,1,-1,1,-1,1,-1,1,-1,-1,-1,-1,0.0,-170.0,1
63,-1,1,1,-1,-1,1,1,1,1,-1,1,-1,-1,1,-1,1,-1,-1,1,-1,-1,-1,-1,-1,-1,-1,-1,-1,1,-1,-1,1,-1,1,-1,-1,-1,-1,-1,-1,0.0,-170.0,2
64,-1,1,1,-1,-1,1,1,1,1,-1,1,-1,1,1,-1,1,-1,-1,1,-1,-1,-1,-1,-1,-1,-1,-1,-1,1,-1,-1,1,-1,1,1,-1,-1,-1,-1,-1,0.0,-170.0,3
65,-1,1,1,-1,-1,-1,1,1,-1,-1,1,-1,-1,1,-1,1,-1,-1,-1,-1,-1,-1,-1,-1,1,-1,-1,-1,1,1,-1,1,-1,1,1,-1,-1,-1,-1,-1,0.0,-170.0,1
66,-1,1,1,-1,-1,1,1,1,-1,-1,1,-1,-1,1,-1,1,-1,-1,-1,-1,-1,-1,-1,-1,1,-1,-1,-1,-1,1,-1,1,-1,1,-1,1,-1,-1,-1,-1,0.0,-170.0,1
67,-1,1,1,-1,-1,1,1,1,1,-1,1,-1,-1,1,1,1,-1,-1,1,-1,-1,-1,-1,-1,-1,-1,-1,-1,1,-1,-1,1,-1,1,1,-1,-1,-1,-1,-1,0.0,-170.0,3
68,-1,1,1,-1,1,1,1,1,1,-1,1,-1,1,1,-1,1,1,-1,1,-1,-1,-1,-1,-1,-1,1,-1,-1,1,-1,1,1,-1,1,-1,-1,-1,1,-1,-1,0.0,-170.0,9
69,1,-1,-1,1,-1,-1,-1,-1,-1,1,-1,1,-1,-1,1,-1,-1,1,-1,1,1,1,1,1,1,-1,1,1,-1,1,-1,-1,1,-1,1,1,1,-1,1,1,0.0,-170.0,1
70,-1,1,1,-1,-1,1,1,1,-1,-1,1,-1,-1,1,-1,1,-1,-1,1,-1,-1,-1,-1,-1,-1,-1,-1,-1,-1,-1,-1,1,-1,1,-1,-1,-1,-1,-1,-1,0.0,-170.0,2
71,-1,-1,1,-1,-1,1,1,1,-1,-1,1,-1,-1,1,-1,1,-1,-1,-1,-1,-1,-1,-1,-1,1,-1,-1,-1,-1,1,-1,1,-1,1,1,-1,-1,-1,1,-1,0.0,-170.0,1
72,-1,1,1,-1,-1,-1,1,1,-1,-1,1,-1,-1,1,-1,1,-1,-1,-1,-1,-1,-1,-1,-1,1,-1,-1,-1,1,-1,-1,1,-1,1,-1,-1,-1,-1,-1,-1,0.0,-170.0,7
73,-1,1,1,-1,-1,1,1,1,-1,-1,1,-1,-1,1,1,1,-1,-1,-1,-1,-1,-1,-1,-1,-1,-1,-1,-1,1,-1,-1,1,-1,1,-1,1,-1,-1,-1,-1,0.0,-170.0,1
74,1,1,-1,1,1,1,-1,-1,1,1,-1,1,1,-1,1,-1,1,1,1,1,1,1,1,1,-1,1,1,1,1,-1,1,-1,1,-1,1,-1,1,1,-1,-1,0.0,-170.0,1
75,-1,-1,1,-1,-1,1,1,1,-1,-1,1,-1,-1,1,-1,1,-1,-1,-1,-1,-1,-1,-1,-1,1,-1,-1,-1,-1,1,-1,1,-1,1,-1,1,-1,-1,1,-1,0.0,-170.0,2
76,-1,-1,1,-1,-1,1,1,1,-1,-1,1,-1,-1,1,-1,1,-1,-1,-1,-1,-1,-1,-1,-1,1,-1,-1,-1,1,-1,-1,1,-1,1,-1,-1,-1,-1,-1,-1,0.0,-170.0,1
77,-1,1,1,-1,-1,-1,1,1,-1,-1,1,-1,-1,1,-1,1,1,-1,-1,-1,-1,-1,-1,-1,1,-1,-1,-1,-1,-1,-1,1,-1,1,-1,-1,-1,-1,-1,-1,0.0,-170.0,8
78,-1,1,1,-1,-1,-1,1,1,-1,-1,1,-1,-1,1,-1,1,-1,-1,-1,-1,-1,-1,-1,-1,1,-1,-1,-1,-1,-1,-1,1,-1,1,-1,-1,-1,-1,1,-1,0.0,-170.0,1
79,-1,1,-1,-1,-1,-1,1,1,-1,-1,1,-1,-1,1,-1,1,-1,-1,-1,-1,-1,-1,-1,-1,1,-1,-1,-1,-1,1,-1,1,-1,1,-1,-1,-1,-1,1,-1,0.0,-170.0,6
80,-1,1,1,-1,-1,1,1,1,-1,-1,1,-1,-1,1,1,1,-1,-1,-1,-1,-1,-1,-1,-1,1,-1,-1,-1,-1,-1,-1,1,-1,1,-1,1,-1,-1,-1,-1,0.0,-170.0,3
81,-1,1,1,-1,-1,1,1,1,-1,-1,1,-1,-1,1,-1,1,1,-1,-1,-1,-1,-1,-1,-1,1,-1,-1,-1,1,-1,-1,1,-1,1,-1,-1,-1,-1,-1,-1,0.0,-170.0,1
82,-1,-1,1,-1,-1,1,1,1,-1,-1,1,-1,-1,1,-1,1,-1,-1,-1,-1,-1,-1,-1,-1,1,1,-1,-1,-1,1,-1,1,-1,1,-1,-1,-1,-1,1,-1,0.0,-170.0,1
83,-1,1,1,-1,-1,-1,1,1,-1,-1,1,-1,-1,1,-1,1,-1,-1,-1,-1,-1,-1,-1,-1,1,-1,-1,-1,-1,1,-1,1,-1,1,1,-1,-1,-1,-1,-1,0.025,-176.0,1
84,-1,1,1,-1,-1,-1,1,1,-1,-1,1,-1,-1,1,-1,1,-1,-1,-1,-1,-1,-1,-1,-1,1,-1,-1,-1,-1,1,-1,1,-1,1,1,-1,-1,-1,-1,-1,0.025,-176.0,1
85,-1,1,1,-1,-1,1,1,1,1,-1,1,-1,-1,1,-1,1,-1,-1,-1,-1,-1,-1,-1,-1,-1,-1,-1,-1,1,-1,-1,1,-1,1,-1,-1,-1,-1,-1,-1,0.025,-176.0,1
86,-1,1,1,-1,-1,-1,1,1,-1,-1,1,-1,-1,1,-1,1,-1,-1,-1,-1,-1,-1,-1,-1,1,-1,-1,-1,-1,-1,-1,1,-1,1,1,-1,-1,-1,1,-1,0.025,-172.0,1
87,-1,1,1,-1,-1,1,1,1,1,-1,1,-1,1,1,-1,1,-1,-1,1,-1,-1,-1,-1,-1,-1,-1,-1,-1,1,-1,1,1,-1,1,1,-1,-1,-1,-1,-1,0.0,-168.0,3
88,1,1,-1,1,-1,-1,-1,-1,-1,1,-1,1,1,-1,1,-1,1,1,1,1,1,1,1,1,1,1,1,-1,-1,1,-1,1,1,-1,1,-1,1,-1,1,-1,0.0,-168.0,12
89,1,1,-1,1,1,-1,-1,-1,1,1,-1,1,1,-1,1,-1,1,1,1,1,1,1,1,1,-1,1,1,-1,1,-1,1,-1,1,-1,1,-1,1,1,1,-1,0.0,-168.0,1
90,-1,1,1,-1,-1,1,1,1,-1,-1,1,-1,-1,1,-1,1,-1,-1,-1,-1,-1,-1,-1,-1,-1,-1,-1,-1,-1,1,-1,1,-1,1,-1,1,-1,-1,-1,-1,0.0,-168.0,1
91,-1,1,1,-1,-1,1,1,1,-1,-1,1,-1,-1,1,-1,1,-1,-1,1,-1,-1,-1,-1,-1,-1,-1,-1,-1,1,-1,-1,1,-1,1,-1,-1,-1,-1,-1,-1,0.0,-168.0,1
92,-1,1,1,-1,-1,1,1,1,1,-1,1,-1,-1,1,-1,1,-1,-1,1,-1,-1,-1,-1,-1,-1,-1,-1,-1,-1,-1,-1,1,-1,1,-1,-1,-1,-1,-1,-1,0.0,-168.0,2
93,-1,-1,-1,-1,-1,-1,1,1,-1,-1,1,-1,-1,1,-1,1,-1,-1,-1,-1,-1,-1,-1,-1,1,-1,-1,-1,-1,1,-1,1,-1,1,-1,-1,-1,-1,1,-1,0.0,-168.0,1
94,-1,1,-1,-1,-1,-1,1,1,-1,-1,1,-1,-1,1,-1,1,-1,-1,-1,-1,-1,-1,-1,-1,1,-1,-1,-1,-1,1,-1,1,-1,1,-1,-1,-1,-1,-1,-1,0.0,-168.0,3
95,-1,1,1,-1,-1,-1,1,1,-1,-1,1,-1,-1,1,-1,1,-1,-1,-1,-1,-1,-1,-1,-1,1,-1,-1,-1,1,1,-1,1,-1,1,1,-1,-1,-1,1,-1,0.0,-168.0,2
96,-1,-1,1,-1,-1,1,1,-1,-1,-1,1,-1,-1,1,-1,1,-1,-1,-1,-1,-1,-1,-1,-1,1,-1,-1,-1,-1,-1,-1,1,-1,1,-1,1,-1,-1,-1,-1,0.0,-168.0,2
97,-1,1,1,-1,-1,-1,1,1,-1,-1,1,-1,-1,1,-1,1,-1,-1,-1,-1,-1,-1,-1,-1,1,-1,-1,-1,-1,1,-1,1,-1,1,-1,1,-1,-1,-1,-1,0.0,-168.0,1
98,-1,1,1,-1,-1,1,1,1,1,-1,1,-1,-1,1,-1,1,-1,-1,-1,-1,-1,-1,-1,-1,-1,-1,-1,-1,1,-1,-1,1,-1,1,1,-1,-1,1,-1,-1,0.0,-168.0,2
99,1,1,1,-1,-1,-1,1,1,-1,-1,1,-1,-1,1,-1,1,-1,-1,-1,-1,-1,-1,-1,-1,1,-1,-1,-1,-1,1,-1,1,-1,1,1,-1,-1,-1,1,-1,0.0,-168.0,2
100,-1,1,1,-1,-1,1,1,1,-1,-1,1,-1,-1,1,-1,1,-1,-1,1,-1,-1,-1,-1,-1,1,-1,-1,-1,-1,-1,-1,1,-1,1,-1,-1,-1,-1,-1,-1,0.0,-168.0,1
101,-1,1,1,-1,-1,1,1,1,-1,-1,1,-1,-1,1,-1,1,1,-1,-1,-1,-1,-1,-1,-1,1,-1,-1,-1,-1,-1,-1,1,-1,1,-1,-1,-1,-1,-1,-1,0.0,-168.0,1
102,-1,1,1,-1,-1,-1,1,1,-1,-1,1,-1,-1,1,-1,1,1,-1,-1,-1,-1,-1,-1,-1,1,-1,-1,-1,-1,-1,-1,1,-1,1,-1,-1,-1,-1,1,-1,0.0,-168.0,1
103,-1,1,1,-1,-1,1,1,1,-1,-1,1,-1,-1,1,1,1,-1,-1,-1,-1,-1,-1,-1,-1,-1,-1,-1,-1,-1,-1,-1,1,-1,1,-1,1,-1,-1,-1,-1,0.0,-168.0,2
104,-1,1,1,-1,1,1,1,1,-1,-1,1,-1,1,1,-1,1,1,-1,1,-1,-1,-1,-1,-1,-1,1,-1,-1,1,-1,1,1,-1,1,-1,-1,-1,1,-1,-1,0.0,-168.0,2
105,-1,1,1,-1,-1,1,1,1,-1,-1,1,-1,-1,1,1,1,-1,-1,-1,-1,-1,-1,-1,-1,1,-1,-1,-1,1,-1,-1,1,-1,1,-1,1,-1,-1,-1,-1,0.0,-168.0,1
106,-1,1,1,-1,-1,1,1,1,1,-1,-1,-1,-1,1,1,1,-1,-1,-1,-1,-1,-1,-1,-1,1,-1,-1,-1,1,-1,-1,1,-1,1,1,-1,-1,-1,-1,-1,0.0,-168.0,1
107,-1,1,1,-1,-1,1,1,1,1,-1,1,-1,1,1,-1,1,-1,-1,-1,-1,-1,-1,-1,-1,-1,-1,-1,-1,1,-1,-1,1,-1,1,1,-1,-1,-1,-1,-1,0.0,-168.0,1
108,-1,1,-1,-1,-1,-1,1,1,-1,-1,1,-1,-1,1,-1,1,-1,1,-1,-1,-1,-1,-1,-1,1,-1,-1,-1,-1,1,-1,1,-1,1,-1,-1,-1,-1,1,-1,0.0,-168.0,1
109,-1,1,1,-1,-1,-1,1,1,-1,-1,1,-1,-1,1,-1,1,-1,-1,-1,-1,-1,-1,-1,-1,1,-1,-1,-1,-1,-1,-1,1,-1,1,1,-1,-1,-1,-1,-1,0.025,-174.0,1
110,-1,1,1,-1,-1,1,1,-1,-1,-1,1,-1,-1,1,1,1,-1,-1,-1,-1,1,-1,-1,-1,1,-1,-1,-1,-1,-1,-1,1,-1,1,-1,1,-1,-1,-1,-1,0.0,-166.0,1
111,-1,1,1,-1,1,1,-1,1,1,-1,1,-1,1,1,1,1,1,-1,1,-1,-1,-1,-1,-1,-1,-1,1,1,1,-1,1,1,-1,1,-1,1,-1,1,-1,-1,0.0,-166.0,3
112,-1,-1,1,-1,-1,-1,1,-1,-1,-1,1,-1,-1,1,-1,1,-1,-1,-1,-1,-1,-1,-1,-1,1,-1,-1,-1,-1,1,-1,1,-1,1,1,-1,-1,-1,1,-1,0.0,-166.0,1
113,1,-1,1,-1,-1,1,1,1,-1,-1,1,-1,-1,1,-1,1,-1,-1,-1,-1,1,-1,1,-1,1,1,-1,-1,-1,1,-1,1,-1,1,1,-1,-1,-1,1,-1,0.0,-166.0,1
114,1,1,-1,1,1,-1,-1,-1,1,1,-1,1,1,-1,1,-1,1,1,1,1,1,1,1,1,-1,1,1,-1,1,-1,1,1,1,-1,1,-1,1,1,1,-1,0.0,-166.0,3
115,1,1,-1,1,-1,-1,-1,-1,-1,1,-1,1,-1,-1,1,-1,1,1,1,1,1,1,1,1,1,1,1,-1,-1,1,-1,1,1,-1,1,-1,1,-1,1,-1,0.0,-166.0,1
116,-1,1,1,-1,-1,1,1,1,1,-1,1,-1,1,1,-1,1,-1,-1,1,-1,-1,-1,-1,-1,-1,-1,-1,-1,1,-1,1,1,-1,1,1,-1,-1,1,-1,-1,0.0,-166.0,2
117,-1,1,-1,-1,-1,1,1,1,1,-1,1,-1,-1,1,-1,1,-1,-1,1,-1,-1,-1,-1,-1,-1,-1,-1,-1,1,-1,1,1,-1,1,-1,-1,-1,-1,-1,-1,0.0,-166.0,3
118,-1,1,1,-1,-1,1,1,-1,-1,-1,1,-1,-1,1,1,1,-1,-1,-1,-1,-1,-1,-1,-1,1,-1,-1,-1,1,-1,-1,1,-1,1,-1,1,-1,-1,-1,-1,0.0,-166.0,1
119,-1,1,1,-1,-1,1,1,1,1,-1,1,-1,-1,1,1,1,-1,-1,1,-1,-1,-1,-1,-1,-1,-1,-1,-1,-1,-1,-1,1,-1,1,-1,-1,-1,-1,-1,-1,0.0,-166.0,1
120,-1,1,1,-1,-1,1,1,1,-1,-1,1,-1,-1,1,-1,1,-1,-1,-1,-1,-1,-1,-1,-1,1,-1,-1,-1,1,-1,-1,1,-1,1,-1,1,-1,-1,-1,-1,0.0,-166.0,1
121,-1,1,-1,-1,-1,1,1,1,-1,-1,1,-1,-1,1,-1,1,-1,-1,-1,-1,-1,-1,-1,-1,-1,-1,-1,-1,-1,-1,-1,1,-1,1,-1,-1,-1,-1,-1,-1,0.0,-166.0,1
122,-1,1,1,-1,-1,1,1,1,1,-1,1,-1,-1,1,-1,1,-1,-1,1,-1,-1,-1,-1,-1,-1,-1,-1,-1,-1,-1,-1,1,-1,1,1,-1,-1,-1,-1,-1,0.0,-166.0,1
123,-1,1,1,-1,-1,-1,1,1,1,-1,1,-1,-1,1,-1,1,-1,-1,-1,-1,-1,-1,-1,-1,1,-1,-1,-1,1,-1,-1,1,-1,1,1,-1,-1,-1,-1,-1,0.0,-166.0,2
124,-1,1,-1,-1,-1,1,1,1,-1,-1,1,-1,-1,1,-1,1,-1,-1,1,-1,-1,-1,-1,-1,-1,-1,-1,-1,1,-1,-1,1,-1,1,-1,-1,-1,-1,-1,-1,0.0,-166.0,2
125,-1,1,1,-1,-1,-1,1,1,-1,-1,1,-1,-1,1,-1,1,-1,-1,-1,-1,-1,-1,-1,-1,1,-1,-1,-1,-1,-1,-1,1,-1,1,-1,1,-1,-1,-1,-1,0.0,-166.0,1
126,-1,-1,1,-1,-1,1,1,1,-1,-1,1,-1,-1,1,-1,1,-1,-1,-1,-1,-1,-1,-1,-1,1,-1,-1,-1,-1,-1,-1,-1,-1,1,-1,-1,-1,-1,-1,-1,0.0,-166.0,1
127,-1,-1,1,-1,1,1,-1,-1,1,-1,1,-1,1,1,1,1,-1,-1,1,-1,-1,-1,-1,-1,-1,-1,1,1,1,-1,1,-1,-1,1,-1,1,-1,1,-1,-1,0.0,-166.0,1
128,-1,1,-1,-1,-1,1,1,1,1,-1,1,-1,-1,1,-1,1,-1,-1,-1,-1,-1,-1,-1,-1,-1,-1,-1,-1,1,-1,-1,1,-1,1,-1,-1,-1,-1,-1,-1,0.0,-166.0,1
129,-1,1,-1,-1,-1,1,1,1,-1,-1,1,-1,-1,1,-1,1,-1,-1,-1,-1,-1,-1,-1,-1,1,-1,-1,-1,1,-1,-1,1,-1,1,-1,-1,-1,-1,-1,-1,0.0,-166.0,1
130,-1,1,1,-1,-1,-1,1,1,-1,-1,1,-1,-1,1,-1,1,1,-1,-1,-1,-1,-1,-1,-1,1,-1,-1,-1,1,-1,-1,1,-1,1,1,-1,-1,-1,-1,-1,0.0,-166.0,2
131,-1,1,1,-1,-1,-1,1,1,-1,-1,1,-1,-1,1,-1,1,-1,-1,-1,-1,-1,-1,-1,-1,1,-1,-1,-1,-1,-1,-1,1,-1,1,-1,-1,-1,-1,-1,-1,0.025,-176.0,1
132,-1,1,1,-1,-1,1,1,1,-1,-1,1,-1,-1,1,-1,1,-1,-1,-1,-1,-1,-1,-1,-1,1,-1,-1,-1,-1,-1,-1,1,-1,1,-1,-1,-1,-1,-1,-1,0.025,-178.0,1
133,1,1,-1,1,-1,-1,-1,-1,1,1,-1,1,1,-1,1,-1,1,1,1,1,1,1,1,1,1,1,1,-1,1,-1,1,1,1,-1,1,-1,1,-1,1,-1,0.0,-164.0,4
134,-1,1,-1,-1,-1,1,1,1,1,-1,1,-1,-1,1,-1,1,-1,-1,1,-1,-1,-1,-1,-1,-1,-1,-1,1,1,-1,1,1,-1,1,-1,-1,-1,-1,-1,-1,0.0,-164.0,1
135,-1,1,1,-1,1,1,-1,-1,1,-1,1,-1,1,1,1,1,-1,-1,1,-1,-1,-1,-1,-1,-1,-1,1,1,1,-1,1,1,-1,1,-1,1,-1,-1,-1,-1,0.0,-164.0,1
136,1,1,-1,1,1,-1,-1,-1,1,1,-1,1,1,-1,1,-1,1,1,1,1,1,1,1,1,1,1,1,-1,1,-1,1,1,1,-1,1,-1,1,1,1,-1,0.0,-164.0,1
137,1,-1,1,-1,-1,1,1,1,-1,-1,1,-1,1,1,-1,1,1,-1,-1,-1,1,-1,1,-1,1,1,-1,-1,-1,-1,-1,1,-1,1,1,-1,-1,-1,1,-1,0.0,-164.0,1
138,-1,1,1,-1,-1,-1,1,1,-1,-1,1,-1,-1,1,-1,1,-1,-1,-1,-1,-1,-1,-1,-1,-1,-1,-1,-1,-1,1,-1,1,-1,1,-1,-1,-1,-1,-1,-1,0.0,-164.0,1
139,-1,1,1,-1,-1,1,1,1,-1,-1,1,-1,-1,1,1,1,-1,-1,1,-1,-1,-1,-1,-1,1,-1,-1,-1,1,-1,-1,1,-1,1,-1,-1,-1,-1,-1,-1,0.0,-164.0,2
140,-1,-1,1,-1,-1,1,1,1,-1,-1,1,-1,-1,1,-1,1,-1,-1,-1,-1,-1,-1,-1,-1,1,-1,-1,-1,1,-1,-1,1,-1,1,-1,1,-1,-1,-1,-1,0.0,-164.0,1
141,1,1,-1,1,-1,-1,-1,-1,-1,1,-1,1,-1,-1,1,-1,1,1,-1,1,1,1,1,1,1,1,1,-1,-1,1,-1,1,1,-1,1,-1,1,-1,1,-1,0.0,-164.0,1
142,1,1,-1,1,-1,-1,1,-1,-1,1,-1,1,-1,-1,1,-1,1,1,1,1,1,1,1,1,1,1,-1,-1,-1,1,-1,1,1,-1,1,-1,1,-1,1,1,0.0,-164.0,3
143,-1,1,-1,-1,-1,-1,1,1,-1,-1,1,-1,-1,1,-1,1,-1,-1,-1,-1,-1,-1,-1,-1,1,-1,-1,-1,1,-1,-1,1,-1,1,-1,-1,-1,-1,-1,-1,0.0,-164.0,1
144,-1,1,-1,-1,-1,1,1,1,1,-1,1,-1,-1,1,-1,1,-1,-1,1,-1,-1,-1,-1,-1,-1,-1,-1,-1,1,-1,-1,1,-1,1,-1,-1,-1,-1,-1,-1,0.0,-164.0,1
145,-1,1,-1,-1,-1,-1,1,1,-1,-1,1,-1,-1,1,-1,1,-1,-1,-1,-1,-1,-1,-1,-1,-1,-1,-1,-1,-1,-1,-1,1,-1,1,-1,-1,-1,-1,-1,-1,0.0,-164.0,1
146,-1,1,-1,-1,-1,1,1,1,-1,-1,1,-1,-1,1,-1,1,-1,-1,1,-1,-1,-1,-1,-1,-1,-1,-1,-1,-1,-1,-1,1,-1,1,-1,-1,-1,-1,-1,-1,0.0,-164.0,1
147,-1,1,-1,-1,1,1,1,1,1,-1,1,-1,1,1,-1,1,1,-1,1,-1,-1,-1,-1,-1,-1,1,-1,-1,1,-1,1,1,-1,1,-1,-1,-1,1,-1,-1,0.0,-164.0,2
148,-1,1,-1,1,1,-1,-1,-1,1,1,-1,-1,1,1,1,-1,1,1,1,1,-1,-1,-1,1,-1,-1,1,1,1,-1,1,1,-1,-1,-1,-1,1,1,1,1,0.0,-164.0,1
149,-1,1,1,-1,-1,1,1,1,-1,-1,1,-1,-1,1,1,1,-1,-1,-1,-1,-1,-1,-1,-1,1,-1,-1,-1,1,-1,-1,1,-1,1,-1,-1,-1,-1,1,-1,0.0,-164.0,1
150,-1,1,1,-1,-1,1,1,1,1,-1,1,-1,-1,1,-1,1,-1,-1,-1,-1,-1,-1,-1,-1,-1,-1,-1,-1,1,-1,1,1,-1,1,-1,-1,-1,1,-1,-1,0.0,-164.0,1
151,-1,1,1,-1,1,1,-1,-1,1,-1,1,-1,1,1,1,1,-1,-1,1,-1,-1,-1,-1,-1,-1,-1,1,1,1,-1,1,-1,-1,1,-1,1,-1,1,-1,-1,0.0,-164.0,2
152,-1,1,1,-1,-1,1,1,1,-1,-1,-1,-1,-1,1,-1,1,-1,-1,-1,-1,-1,-1,-1,-1,1,-1,-1,-1,1,-1,-1,1,-1,1,1,-1,-1,-1,-1,-1,0.0,-164.0,1
153,-1,-1,1,-1,1,1,-1,-1,1,-1,1,-1,1,1,1,-1,-1,-1,1,-1,-1,-1,-1,-1,-1,-1,1,1,1,-1,1,-1,1,1,-1,1,-1,1,-1,-1,0.025,-162.0,1
154,-1,1,-1,-1,-1,1,1,1,1,-1,1,-1,-1,1,-1,1,-1,-1,1,-1,-1,-1,-1,-1,-1,-1,-1,-1,1,-1,1,1,-1,1,-1,-1,-1,-1,-1,-1,0.025,-166.0,1
155,1,1,-1,-1,-1,-1,1,1,-1,-1,1,-1,-1,1,-1,1,-1,-1,-1,-1,-1,-1,-1,-1,1,-1,-1,-1,-1,1,-1,1,-1,1,1,-1,-1,-1,1,-1,0.025,-166.0,1
156,1,1,-1,1,-1,-1,-1,-1,-1,1,-1,1,1,-1,1,-1,1,1,1,1,1,1,1,1,1,1,1,-1,1,1,-1,1,1,-1,1,-1,1,-1,1,-1,0.0,-162.0,2
157,-1,1,-1,-1,-1,1,1,1,1,-1,1,-1,-1,1,1,1,-1,-1,1,-1,-1,-1,-1,-1,-1,-1,-1,-1,1,-1,-1,1,-1,1,-1,-1,-1,-1,-1,-1,0.0,-162.0,1
158,-1,1,-1,-1,-1,1,1,1,1,-1,1,-1,-1,1,1,1,-1,-1,1,-1,-1,-1,-1,-1,-1,-1,-1,1,1,-1,1,1,-1,1,-1,-1,-1,-1,-1,-1,0.0,-162.0,1
159,1,1,-1,1,-1,-1,-1,-1,1,1,-1,1,1,-1,1,-1,1,1,1,1,1,1,1,1,1,1,1,-1,1,-1,1,1,1,-1,1,-1,1,1,1,-1,0.0,-162.0,1
160,-1,-1,1,-1,-1,1,1,-1,-1,-1,1,-1,1,1,1,1,-1,-1,-1,-1,1,-1,-1,-1,1,-1,-1,-1,-1,-1,-1,1,-1,1,-1,1,-1,-1,-1,-1,0.0,-162.0,1
161,-1,-1,1,-1,1,1,1,1,-1,-1,1,-1,1,1,-1,1,1,-1,1,-1,-1,-1,-1,-1,-1,1,-1,-1,1,-1,1,1,-1,1,-1,-1,-1,1,-1,-1,0.0,-162.0,1
162,-1,1,1,-1,1,1,1,1,1,-1,1,-1,1,1,-1,1,1,-1,1,-1,-1,-1,-1,-1,-1,-1,1,-1,1,-1,1,1,-1,1,-1,-1,-1,1,-1,-1,0.0,-162.0,4
163,1,-1,-1,1,1,1,-1,-1,1,1,-1,1,1,-1,1,-1,1,1,1,1,1,1,1,1,-1,1,1,-1,1,-1,1,-1,1,-1,-1,1,1,1,1,1,0.0,-162.0,1
164,-1,-1,1,-1,1,1,1,1,1,-1,1,-1,1,1,-1,1,-1,-1,-1,-1,-1,-1,-1,-1,-1,-1,1,1,1,-1,1,-1,-1,1,-1,1,-1,1,-1,-1,0.0,-162.0,2
165,-1,1,1,-1,-1,1,1,1,1,-1,1,-1,-1,1,1,1,-1,-1,-1,-1,-1,-1,-1,-1,1,-1,-1,-1,-1,-1,-1,1,-1,1,1,-1,-1,-1,1,-1,0.0,-162.0,1
166,1,1,-1,1,1,1,-1,-1,1,1,-1,1,1,-1,1,-1,1,-1,1,1,1,1,1,1,-1,1,1,-1,1,-1,1,-1,1,-1,1,-1,1,1,-1,-1,0.0,-162.0,1
167,-1,1,-1,-1,-1,1,1,1,1,-1,1,-1,-1,1,-1,1,-1,-1,1,-1,-1,-1,-1,-1,-1,-1,-1,-1,1,-1,-1,1,-1,1,-1,-1,-1,-1,-1,-1,0.025,-164.0,1
168,-1,1,1,-1,-1,1,1,1,-1,-1,1,-1,-1,1,-1,1,-1,-1,-1,-1,-1,-1,-1,-1,1,-1,-1,-1,-1,-1,-1,1,-1,1,-1,-1,-1,-1,-1,-1,0.025,-178.0,1
169,-1,1,1,-1,-1,1,1,1,-1,-1,1,-1,-1,1,1,1,-1,-1,-1,-1,-1,-1,-1,-1,-1,-1,-1,-1,1,-1,-1,1,-1,1,-1,-1,-1,-1,-1,-1,0.025,-172.0,1
170,1,1,-1,1,-1,-1,-1,-1,1,1,-1,1,1,-1,1,-1,1,1,1,1,1,1,1,1,1,1,1,-1,1,1,-1,1,1,-1,1,-1,1,-1,1,-1,0.0,-160.0,1
171,1,1,-1,1,1,-1,-1,-1,1,1,-1,1,1,-1,1,-1,-1,1,1,1,-1,1,1,1,-1,-1,1,1,1,1,1,-1,1,-1,1,1,1,-1,1,1,0.0,-160.0,1
172,-1,1,1,-1,1,1,1,1,1,-1,1,-1,1,1,-1,1,1,-1,1,-1,-1,-1,-1,-1,-1,-1,1,1,1,-1,1,1,-1,1,-1,-1,-1,1,-1,-1,0.0,-160.0,1
173,-1,1,1,-1,-1,-1,1,1,-1,-1,1,-1,-1,1,1,1,-1,-1,-1,-1,-1,-1,-1,-1,1,-1,-1,-1,-1,1,-1,1,-1,1,-1,-1,-1,-1,-1,-1,0.0,-160.0,1
174,-1,1,1,-1,1,1,-1,-1,1,-1,1,-1,1,1,1,1,-1,-1,1,-1,-1,-1,-1,-1,-1,-1,1,-1,1,-1,1,1,1,1,-1,1,-1,-1,-1,-1,0.0,-160.0,1
175,-1,1,-1,-1,-1,1,1,1,1,-1,1,-1,-1,1,-1,1,-1,-1,-1,-1,-1,-1,-1,-1,-1,-1,-1,-1,1,-1,-1,1,-1,1,-1,-1,-1,1,-1,-1,0.0,-160.0,1
176,-1,1,1,-1,-1,-1,1,1,-1,-1,1,-1,-1,1,-1,1,1,-1,-1,-1,-1,-1,-1,-1,1,-1,-1,-1,-1,-1,-1,1,-1,1,1,-1,-1,-1,1,-1,0.025,-166.0,1
177,1,1,-1,1,-1,-1,-1,-1,1,1,-1,1,1,-1,1,-1,1,1,1,1,1,1,1,1,1,1,1,-1,1,-1,-1,1,1,-1,1,-1,1,-1,1,-1,0.0,-158.0,1
178,-1,1,1,-1,1,1,1,-1,1,-1,1,-1,1,1,1,1,-1,-1,1,-1,-1,-1,-1,-1,-1,-1,-1,-1,1,-1,1,1,-1,1,-1,1,-1,-1,-1,-1,0.0,-158.0,1
179,-1,1,1,-1,-1,-1,1,1,-1,-1,1,-1,-1,1,-1,1,-1,-1,-1,-1,-1,-1,-1,-1,1,-1,-1,-1,1,-1,1,1,-1,1,1,-1,-1,-1,-1,-1,0.0,-158.0,1
180,1,1,-1,1,-1,-1,-1,-1,1,1,-1,1,1,1,1,-1,1,1,1,1,1,1,1,1,1,1,1,-1,1,-1,1,1,1,-1,1,-1,1,-1,1,-1,0.0,-158.0,1
181,-1,1,-1,-1,1,1,-1,1,1,-1,-1,-1,1,1,1,-1,1,-1,1,-1,-1,-1,-1,1,-1,-1,1,1,1,-1,1,1,-1,1,-1,-1,1,1,-1,-1,0.0,-158.0,1
182,-1,1,1,-1,1,1,1,1,1,-1,1,-1,1,1,-1,1,-1,-1,1,-1,-1,-1,-1,-1,-1,-1,-1,-1,1,-1,1,1,-1,1,-1,-1,-1,1,-1,-1,0.0,-158.0,1
183,-1,1,-1,-1,-1,1,1,1,-1,-1,1,-1,-1,1,-1,1,-1,-1,-1,-1,-1,-1,-1,-1,1,-1,-1,-1,-1,1,-1,1,-1,1,1,-1,-1,-1,1,-1,0.0,-158.0,1
184,1,1,-1,1,-1,-1,-1,1,-1,1,-1,1,-1,-1,1,1,1,1,-1,1,1,1,1,1,1,1,-1,-1,-1,1,-1,1,1,-1,1,-1,1,-1,1,-1,0.0,-158.0,1
185,1,1,-1,1,1,-1,-1,-1,-1,1,-1,1,1,-1,1,-1,1,1,1,1,1,1,1,1,1,1,1,1,-1,1,-1,-1,1,-1,1,1,1,-1,1,1,0.0,-158.0,1
186,-1,1,1,-1,-1,-1,1,1,1,-1,1,-1,-1,1,-1,1,-1,-1,-1,-1,-1,-1,-1,-1,-1,-1,-1,-1,-1,-1,-1,1,-1,1,1,-1,-1,-1,-1,-1,0.0,-158.0,1
187,-1,-1,1,-1,-1,-1,1,1,-1,-1,1,-1,-1,1,-1,1,-1,-1,-1,-1,-1,-1,-1,-1,1,-1,-1,-1,-1,-1,-1,1,-1,1,-1,1,-1,-1,1,-1,0.0,-158.0,1
188,-1,-1,1,-1,-1,1,1,-1,-1,-1,1,-1,-1,1,-1,1,-1,-1,-1,-1,-1,-1,-1,-1,1,-1,-1,-1,-1,1,-1,1,-1,1,-1,1,-1,-1,1,1,0.0,-158.0,1
189,-1,1,-1,-1,-1,-1,1,1,-1,-1,1,-1,-1,1,-1,1,-1,-1,-1,-1,-1,-1,-1,-1,-1,-1,-1,-1,-1,1,-1,1,-1,1,1,-1,-1,-1,1,-1,0.0,-158.0,1
190,-1,1,1,-1,-1,-1,1,1,-1,-1,1,-1,-1,1,-1,1,-1,-1,-1,-1,-1,-1,-1,-1,-1,-1,-1,-1,-1,1,-1,1,-1,1,-1,-1,-1,-1,1,-1,0.0,-158.0,1
191,-1,1,1,-1,-1,1,1,1,-1,-1,-1,-1,-1,1,1,1,-1,-1,-1,-1,-1,-1,-1,-1,-1,-1,-1,-1,1,-1,-1,1,-1,1,-1,-1,-1,-1,-1,-1,0.0,-158.0,1
192,-1,-1,1,-1,-1,1,1,1,1,-1,1,-1,-1,1,-1,1,-1,-1,-1,-1,-1,-1,-1,-1,1,-1,-1,-1,1,-1,-1,1,-1,1,1,-1,-1,-1,-1,-1,0.025,-158.0,1
193,-1,-1,1,-1,-1,-1,1,1,-1,-1,1,-1,-1,1,-1,1,-1,-1,-1,-1,-1,-1,-1,-1,1,-1,-1,-1,-1,1,-1,1,-1,1,-1,-1,-1,-1,1,-1,0.025,-174.0,1
194,1,1,-1,1,-1,-1,-1,-1,1,1,-1,1,1,-1,1,-1,1,1,1,1,1,1,1,1,1,1,1,-1,1,-1,-1,1,1,-1,1,-1,1,-1,1,1,0.0,-156.0,1
195,1,1,-1,-1,1,-1,1,1,1,-1,-1,-1,1,1,-1,-1,1,-1,1,-1,-1,1,1,1,1,-1,1,1,1,-1,1,-1,-1,-1,1,-1,1,1,-1,1,0.0,-156.0,1
196,-1,1,1,-1,1,1,-1,1,1,-1,1,-1,1,1,1,1,-1,-1,1,-1,-1,-1,-1,-1,-1,-1,-1,1,1,-1,1,1,-1,1,-1,1,-1,-1,-1,-1,0.0,-156.0,1
197,1,1,-1,1,-1,-1,-1,-1,-1,1,-1,1,1,-1,1,-1,1,1,1,1,1,1,1,1,1,1,1,-1,-1,-1,1,1,1,-1,1,-1,1,-1,1,-1,0.0,-156.0,1
198,-1,1,1,-1,1,1,-1,-1,1,-1,1,-1,-1,1,1,1,-1,-1,1,-1,-1,-1,-1,-1,-1,-1,-1,1,1,-1,1,1,-1,1,-1,1,-1,-1,-1,-1,0.0,-156.0,2
199,-1,-1,1,-1,1,1,1,-1,1,-1,1,-1,1,1,1,-1,-1,-1,1,-1,-1,-1,-1,-1,-1,-1,1,1,1,-1,1,-1,1,1,-1,1,-1,1,-1,-1,0.0,-156.0,1
200,-1,1,-1,-1,-1,1,1,1,1,-1,1,-1,-1,1,-1,1,-1,-1,1,-1,-1,-1,-1,-1,-1,-1,-1,-1,1,-1,1,1,-1,1,-1,-1,-1,-1,1,-1,0.0,-156.0,1
201,-1,1,-1,1,1,-1,-1,-1,1,1,-1,-1,1,1,1,-1,1,-1,1,1,-1,1,-1,1,-1,-1,1,1,1,-1,1,1,-1,-1,-1,-1,1,1,-1,-1,0.025,-152.0,1
202,-1,1,-1,-1,1,-1,1,1,1,-1,-1,-1,1,1,-1,-1,1,-1,1,-1,-1,-1,1,1,-1,-1,1,1,1,-1,1,-1,-1,-1,1,-1,1,1,-1,1,0.0,-154.0,1
203,-1,-1,1,-1,1,1,1,1,1,-1,1,-1,1,1,-1,-1,1,-1,1,-1,-1,-1,1,-1,1,1,-1,1,1,-1,1,1,-1,1,-1,-1,-1,1,-1,1,0.0,-154.0,1
204,1,1,-1,1,-1,-1,-1,-1,1,1,-1,1,1,-1,1,-1,1,1,1,1,1,1,1,1,1,-1,1,-1,1,-1,1,1,1,-1,1,-1,1,-1,1,-1,0.0,-154.0,1
205,-1,1,1,-1,1,1,-1,-1,1,-1,1,-1,1,1,1,1,-1,-1,1,-1,-1,-1,-1,-1,-1,-1,-1,-1,1,-1,-1,1,-1,1,-1,1,-1,-1,-1,-1,0.0,-154.0,1
206,1,-1,-1,1,-1,-1,-1,-1,-1,1,-1,1,1,-1,-1,-1,1,1,1,1,1,1,1,1,1,1,-1,-1,-1,1,-1,1,1,-1,1,-1,1,-1,1,-1,0.0,-154.0,1
207,-1,1,1,-1,-1,1,1,1,-1,-1,1,-1,-1,1,-1,1,-1,-1,-1,-1,-1,-1,-1,-1,1,-1,-1,-1,-1,1,-1,1,-1,1,1,-1,-1,-1,1,-1,0.025,-168.0,1
208,-1,1,1,-1,1,1,1,-1,-1,-1,1,-1,-1,1,1,1,-1,-1,1,-1,-1,-1,-1,-1,-1,-1,-1,-1,1,-1,-1,1,-1,1,-1,-1,-1,-1,-1,-1,0.05,-158.0,1
209,1,1,-1,-1,1,-1,1,1,1,-1,-1,-1,1,1,-1,-1,1,-1,1,-1,-1,-1,1,1,-1,-1,1,1,1,-1,1,-1,-1,-1,1,-1,1,1,-1,1,0.0,-152.0,1
210,-1,1,1,-1,1,1,-1,-1,1,-1,1,-1,1,1,1,1,-1,-1,1,1,-1,-1,-1,-1,-1,-1,1,-1,1,-1,1,1,-1,1,-1,1,-1,-1,-1,-1,0.0,-152.0,1
211,-1,1,1,-1,-1,-1,1,1,-1,-1,1,-1,-1,1,-1,1,-1,-1,-1,-1,-1,-1,-1,-1,1,-1,-1,-1,1,-1,-1,1,-1,1,-1,-1,-1,-1,-1,-1,0.025,-170.0,1
212,-1,-1,1,-1,1,1,1,1,1,-1,1,-1,-1,1,-1,1,1,-1,1,-1,-1,-1,-1,-1,-1,-1,1,1,1,-1,1,-1,-1,1,-1,1,-1,1,-1,1,0.0,-150.0,1
213,1,1,-1,1,-1,-1,1,-1,-1,1,-1,1,1,-1,-1,-1,1,1,-1,1,1,1,1,1,1,1,-1,-1,-1,1,-1,1,1,-1,1,-1,1,-1,1,1,0.0,-150.0,1
214,-1,1,1,-1,-1,-1,1,-1,-1,-1,1,-1,-1,1,-1,1,-1,-1,1,-1,-1,-1,-1,-1,1,-1,-1,-1,1,-1,1,1,-1,1,-1,-1,-1,-1,-1,-1,0.0,-148.0,1
215,-1,1,1,-1,1,1,1,1,1,-1,1,-1,1,1,-1,-1,1,-1,1,-1,-1,-1,1,-1,-1,1,1,-1,1,-1,1,-1,-1,1,1,-1,-1,1,-1,-1,0.0,-148.0,1
216,1,-1,1,-1,-1,1,1,1,-1,-1,1,-1,1,1,-1,1,1,-1,-1,-1,1,-1,1,-1,1,-1,-1,-1,-1,-1,-1,1,-1,1,-1,-1,-1,-1,1,-1,0.0,-148.0,1
217,1,1,-1,1,-1,-1,-1,-1,-1,1,1,1,1,-1,-1,-1,1,1,-1,1,1,1,1,1,1,1,1,-1,-1,1,-1,-1,1,-1,1,-1,1,-1,1,-1,0.0,-144.0,1
