,0,1,2,3,4,5,6,7,8,9,10,11,12,13,14,15,16,17,18,19,20,21,22,23,24,25,26,27,28,29,30,31,32,33,34,35,36,37,38,39,chain_break_fraction,energy,num_occurrences
0,1,-1,1,1,1,1,1,1,-1,1,1,1,1,1,1,-1,1,-1,-1,1,1,-1,1,-1,1,-1,1,-1,-1,1,1,1,1,1,1,1,-1,-1,-1,-1,0.0,-186.13366232697328,122
1,-1,1,-1,-1,-1,-1,-1,-1,1,-1,-1,-1,-1,-1,-1,1,-1,1,1,-1,-1,1,-1,1,-1,1,-1,1,1,-1,-1,-1,-1,-1,-1,-1,1,1,1,1,0.0,-186.13366232697328,18
2,-1,1,-1,-1,-1,-1,-1,-1,1,-1,-1,-1,-1,1,-1,1,-1,1,1,-1,-1,1,-1,1,-1,1,-1,1,1,-1,-1,-1,-1,-1,-1,-1,1,1,1,1,0.0,-184.26096179326325,3
3,1,-1,1,1,1,1,1,1,-1,1,1,1,1,-1,1,-1,1,-1,-1,1,1,-1,1,-1,1,-1,1,-1,-1,1,1,1,1,1,1,1,-1,-1,-1,-1,0.0,-184.26096179326325,66
4,1,-1,1,1,1,1,1,1,-1,1,1,1,1,1,1,-1,1,-1,1,1,1,-1,1,-1,1,-1,1,-1,-1,1,1,1,1,1,1,1,-1,-1,-1,-1,0.0,-183.80853372961045,106
5,-1,1,-1,-1,-1,-1,-1,-1,1,-1,-1,-1,-1,-1,-1,1,-1,1,-1,-1,-1,1,-1,1,-1,1,-1,1,1,-1,-1,-1,-1,-1,-1,-1,1,1,1,1,0.0,-183.80853372961045,10
6,-1,1,-1,-1,-1,-1,-1,-1,1,-1,-1,-1,-1,-1,-1,1,-1,1,-1,-1,-1,1,-1,1,-1,1,-1,1,1,-1,-1,-1,-1,-1,-1,-1,1,1,1,-1,0.0,-183.2445577633948,16
7,1,-1,1,1,1,1,1,1,-1,1,1,1,1,1,1,-1,1,-1,1,1,1,-1,1,-1,1,-1,1,-1,-1,1,1,1,1,1,1,1,-1,-1,-1,1,0.0,-183.2445577633948,41
8,1,-1,1,1,1,1,1,1,-1,1,1,1,1,1,1,-1,1,-1,-1,1,1,-1,1,-1,1,-1,-1,-1,-1,1,1,1,1,1,1,1,-1,-1,-1,-1,0.0,-182.65446535983344,31
9,-1,1,-1,-1,-1,-1,-1,-1,1,-1,-1,-1,-1,-1,-1,1,-1,1,1,-1,-1,1,-1,1,-1,1,1,1,1,-1,-1,-1,-1,-1,-1,-1,1,1,1,1,0.0,-182.65446535983344,3
10,-1,-1,-1,-1,-1,-1,-1,-1,1,-1,-1,-1,-1,-1,-1,1,-1,1,1,-1,-1,1,-1,1,-1,1,-1,1,1,-1,-1,-1,-1,-1,-1,-1,1,1,1,1,0.0,-182.33191596894324,1
11,1,1,1,1,1,1,1,1,-1,1,1,1,1,1,1,-1,1,-1,-1,1,1,-1,1,-1,1,-1,1,-1,-1,1,1,1,1,1,1,1,-1,-1,-1,-1,0.0,-182.33191596894324,9
12,-1,1,-1,-1,-1,-1,-1,-1,1,-1,-1,-1,-1,-1,-1,1,-1,1,-1,-1,-1,1,-1,1,-1,1,-1,1,-1,-1,-1,-1,-1,-1,-1,-1,1,1,1,1,0.0,-181.66021402674005,6
13,1,-1,1,1,1,1,1,1,-1,1,1,1,1,1,1,-1,1,-1,1,1,1,-1,1,-1,1,-1,1,-1,1,1,1,1,1,1,1,1,-1,-1,-1,-1,0.0,-181.66021402674005,54
14,-1,1,-1,-1,-1,-1,-1,-1,1,-1,-1,-1,-1,1,-1,1,-1,1,-1,-1,-1,1,-1,1,-1,1,-1,1,1,-1,-1,-1,-1,-1,-1,-1,1,1,1,1,0.0,-181.47319603603862,1
15,1,-1,1,1,1,1,1,1,-1,1,1,1,1,-1,1,-1,1,-1,1,1,1,-1,1,-1,1,-1,1,-1,-1,1,1,1,1,1,1,1,-1,-1,-1,-1,0.0,-181.47319603603862,50
16,-1,1,-1,-1,-1,-1,-1,-1,1,-1,-1,-1,1,1,-1,1,-1,1,-1,-1,-1,1,-1,1,-1,1,-1,1,1,-1,-1,-1,-1,-1,-1,-1,1,1,1,1,0.0,-181.1426650525609,1
17,1,-1,1,1,1,1,1,1,-1,1,1,1,-1,-1,1,-1,1,-1,1,1,1,-1,1,-1,1,-1,1,-1,-1,1,1,1,1,1,1,1,-1,-1,-1,-1,0.0,-181.1426650525609,54
18,1,-1,1,1,1,1,-1,1,-1,1,1,1,1,1,1,-1,1,-1,-1,1,1,-1,1,-1,1,-1,1,-1,-1,1,1,1,1,1,1,1,-1,-1,-1,-1,0.0,-181.03689538734207,9
19,-1,1,-1,-1,-1,-1,1,-1,1,-1,-1,-1,-1,-1,-1,1,-1,1,1,-1,-1,1,-1,1,-1,1,-1,1,1,-1,-1,-1,-1,-1,-1,-1,1,1,1,1,0.0,-181.03689538734207,1
20,1,-1,1,1,1,1,1,1,-1,1,1,1,-1,-1,1,-1,1,-1,-1,1,1,-1,1,-1,1,-1,1,-1,-1,1,1,1,1,1,1,1,-1,-1,-1,-1,0.0,-180.84430070240384,9
21,-1,1,-1,-1,-1,-1,-1,-1,1,-1,-1,-1,1,1,-1,1,-1,1,1,-1,-1,1,-1,1,-1,1,-1,1,1,-1,-1,-1,-1,-1,-1,-1,1,1,1,1,0.0,-180.84430070240384,3
22,1,-1,1,1,1,1,1,1,-1,1,1,1,1,1,1,-1,1,-1,-1,1,1,-1,1,-1,1,-1,1,-1,-1,1,1,1,1,1,1,1,-1,-1,-1,1,0.0,-180.70162140678,6
23,-1,1,-1,-1,-1,-1,-1,-1,1,-1,-1,-1,-1,-1,-1,1,-1,1,1,-1,-1,1,-1,1,-1,1,-1,1,1,-1,-1,-1,-1,-1,-1,-1,1,1,1,-1,0.0,-180.70162140678,1
24,1,-1,1,1,1,1,-1,1,-1,1,1,1,1,1,1,-1,1,-1,1,1,1,-1,1,-1,1,-1,1,-1,-1,1,1,1,1,1,1,1,-1,-1,-1,-1,0.0,-180.5759435463385,11
25,-1,1,-1,-1,-1,-1,1,-1,1,-1,-1,-1,-1,-1,-1,1,-1,1,-1,-1,-1,1,-1,1,-1,1,-1,1,1,-1,-1,-1,-1,-1,-1,-1,1,1,1,1,0.0,-180.5759435463385,1
26,-1,1,-1,-1,-1,-1,-1,-1,1,-1,-1,-1,1,-1,-1,1,-1,1,-1,-1,-1,1,-1,1,-1,1,-1,1,1,-1,-1,-1,-1,-1,-1,-1,1,1,1,1,0.0,-180.5177861055152,2
27,1,-1,1,1,1,1,1,1,-1,1,1,1,-1,1,1,-1,1,-1,1,1,1,-1,1,-1,1,-1,1,-1,-1,1,1,1,1,1,1,1,-1,-1,-1,-1,0.0,-180.5177861055152,11
28,1,1,1,1,1,1,-1,1,-1,1,1,1,1,1,1,-1,1,-1,-1,1,1,-1,1,-1,1,-1,1,-1,-1,1,1,1,1,1,1,1,-1,-1,-1,-1,0.0,-180.3705075286178,8
29,-1,-1,-1,-1,-1,-1,1,-1,1,-1,-1,-1,-1,-1,-1,1,-1,1,1,-1,-1,1,-1,1,-1,1,-1,1,1,-1,-1,-1,-1,-1,-1,-1,1,1,1,1,0.0,-180.3705075286178,1
30,-1,1,-1,-1,-1,-1,-1,-1,1,-1,-1,-1,1,-1,-1,1,-1,1,1,-1,-1,1,-1,1,-1,1,-1,1,1,-1,-1,-1,-1,-1,-1,-1,1,1,1,1,0.0,-179.75678459549616,1
31,1,-1,1,1,1,1,1,1,-1,1,1,1,-1,1,1,-1,1,-1,-1,1,1,-1,1,-1,1,-1,1,-1,-1,1,1,1,1,1,1,1,-1,-1,-1,-1,0.0,-179.75678459549616,1
32,1,-1,1,1,1,1,1,1,-1,1,1,1,1,-1,1,-1,1,-1,-1,1,1,-1,1,-1,1,-1,-1,-1,-1,1,1,1,1,1,1,1,-1,-1,-1,-1,0.0,-179.61449293382498,13
33,1,-1,1,1,1,1,1,1,-1,1,1,1,1,1,1,-1,1,-1,1,1,1,-1,1,-1,1,-1,1,-1,1,1,1,1,1,1,1,1,-1,-1,-1,1,0.0,-179.46317055039842,7
34,-1,1,-1,-1,-1,-1,-1,-1,1,-1,-1,-1,-1,-1,-1,1,-1,1,-1,-1,-1,1,-1,1,-1,1,-1,1,-1,-1,-1,-1,-1,-1,-1,-1,1,1,1,-1,0.0,-179.46317055039842,6
35,1,-1,1,1,1,1,1,1,-1,1,1,1,1,1,1,-1,1,-1,-1,1,1,-1,1,-1,1,-1,1,-1,1,1,1,1,1,1,1,1,-1,-1,-1,-1,0.0,-179.387785075791,10
36,-1,1,-1,-1,-1,-1,-1,-1,1,-1,-1,-1,-1,-1,-1,1,-1,1,1,-1,-1,1,-1,1,-1,1,-1,1,-1,-1,-1,-1,-1,-1,-1,-1,1,1,1,1,0.0,-179.387785075791,2
37,-1,1,-1,-1,-1,-1,-1,-1,1,-1,-1,-1,-1,-1,-1,1,-1,1,-1,-1,-1,1,-1,1,-1,-1,-1,1,1,-1,-1,-1,-1,-1,-1,-1,1,1,1,-1,0.0,-179.19464673495875,1
38,1,-1,1,1,1,1,1,1,-1,1,1,1,1,1,1,-1,1,-1,1,1,1,-1,1,-1,1,1,1,-1,-1,1,1,1,1,1,1,1,-1,-1,-1,1,0.0,-179.19464673495875,2
39,-1,1,-1,-1,-1,-1,1,-1,1,-1,-1,-1,-1,-1,-1,1,-1,1,-1,-1,-1,1,-1,1,-1,1,-1,1,-1,-1,-1,-1,-1,-1,-1,-1,1,1,1,1,0.0,-179.1226289150889,1
40,1,-1,1,1,1,1,-1,1,-1,1,1,1,1,1,1,-1,1,-1,1,1,1,-1,1,-1,1,-1,1,-1,1,1,1,1,1,1,1,1,-1,-1,-1,-1,0.0,-179.12262891508914,18
41,1,1,1,1,1,1,1,1,-1,1,1,1,1,1,1,-1,1,-1,1,1,1,-1,1,-1,1,-1,1,-1,-1,1,1,1,1,1,1,1,-1,-1,-1,-1,0.0,-179.11663469816511,7
42,1,-1,1,1,1,1,1,1,-1,1,1,1,-1,1,1,-1,1,-1,1,1,1,-1,1,-1,1,-1,1,-1,1,1,1,1,1,1,1,1,-1,-1,-1,-1,0.0,-179.0370928082287,7
43,-1,1,-1,-1,-1,-1,-1,-1,1,-1,-1,-1,1,-1,-1,1,-1,1,-1,-1,-1,1,-1,1,-1,1,-1,1,-1,-1,-1,-1,-1,-1,-1,-1,1,1,1,1,0.0,-179.0370928082287,4
44,1,1,1,1,1,1,-1,1,-1,1,1,1,1,1,1,-1,1,-1,1,1,1,-1,1,-1,1,-1,1,-1,-1,1,1,1,1,1,1,1,-1,-1,-1,-1,0.0,-179.0194030141988,9
45,-1,-1,-1,-1,-1,-1,1,-1,1,-1,-1,-1,-1,-1,-1,1,-1,1,-1,-1,-1,1,-1,1,-1,1,-1,1,1,-1,-1,-1,-1,-1,-1,-1,1,1,1,1,0.0,-179.0194030141988,1
46,1,-1,1,1,1,1,1,1,-1,1,1,1,1,1,1,-1,1,-1,1,1,1,-1,1,-1,1,-1,1,-1,-1,1,1,1,1,1,1,1,-1,-1,-1,1,0.025,-183.2445577633948,8
47,-1,1,-1,-1,-1,-1,-1,-1,1,-1,-1,-1,-1,-1,-1,1,-1,1,-1,-1,-1,1,-1,1,-1,1,-1,1,1,-1,1,-1,-1,-1,-1,-1,1,1,1,-1,0.025,-173.11833311999328,2
48,1,-1,1,1,1,1,1,1,-1,1,1,1,1,1,1,-1,1,-1,1,1,1,-1,1,-1,1,-1,1,-1,-1,1,1,1,1,1,1,1,-1,-1,-1,-1,0.025,-183.80853372961045,3
49,-1,1,-1,-1,-1,-1,-1,-1,1,-1,-1,-1,-1,-1,-1,1,-1,1,-1,-1,-1,1,-1,1,-1,1,-1,1,1,-1,-1,-1,-1,-1,-1,-1,1,1,1,1,0.025,-183.80853372961045,5
50,1,1,1,1,1,1,1,1,-1,1,1,1,-1,1,1,-1,1,-1,1,1,1,-1,1,-1,1,-1,1,-1,-1,1,1,1,1,1,1,1,-1,-1,-1,-1,0.0,-177.8189895489566,4
51,1,-1,1,1,1,1,1,1,-1,1,-1,1,1,-1,1,-1,1,-1,-1,1,1,-1,1,-1,1,-1,1,-1,-1,1,1,1,1,1,1,1,-1,-1,-1,-1,0.0,-177.7912993546259,5
52,1,-1,1,1,1,1,1,1,-1,1,1,1,1,-1,1,-1,1,-1,-1,1,1,-1,1,-1,1,-1,-1,-1,-1,1,1,1,-1,1,1,1,-1,-1,-1,-1,0.0,-177.7556503839986,2
53,1,-1,1,1,1,1,1,1,-1,1,1,1,-1,1,1,-1,1,-1,1,1,1,-1,1,-1,1,-1,1,-1,-1,1,1,1,1,1,1,1,-1,-1,-1,1,0.0,-177.40917077784346,3
54,-1,1,-1,-1,-1,-1,-1,-1,1,-1,-1,-1,1,-1,-1,1,-1,1,-1,-1,-1,1,-1,1,-1,1,-1,1,1,-1,-1,-1,-1,-1,-1,-1,1,1,1,-1,0.0,-177.40917077784366,1
55,1,-1,1,1,1,1,1,1,-1,1,1,1,1,1,1,-1,1,-1,-1,1,1,-1,1,-1,1,-1,1,-1,-1,1,1,1,1,1,1,1,-1,-1,-1,-1,0.025,-186.1336623269733,1
56,1,-1,1,1,1,1,1,1,-1,1,-1,1,1,1,1,-1,1,-1,1,1,1,-1,1,-1,1,-1,1,-1,1,1,1,1,1,1,1,1,-1,-1,-1,1,0.0,-177.16261146798783,3
57,1,-1,1,1,1,1,1,1,-1,1,1,1,1,1,1,-1,1,-1,-1,1,1,-1,1,-1,1,-1,1,-1,-1,1,1,1,1,1,1,1,-1,-1,-1,1,0.025,-180.70162140678,1
58,-1,1,-1,-1,-1,-1,-1,-1,1,-1,-1,-1,-1,1,-1,1,-1,1,1,-1,-1,1,-1,1,-1,1,-1,1,1,-1,-1,-1,1,-1,-1,-1,1,1,1,1,0.0,-176.7089691116012,1
59,1,-1,1,1,1,1,1,1,-1,1,1,1,1,-1,1,-1,1,-1,-1,1,1,-1,1,-1,1,-1,1,-1,-1,1,1,1,-1,1,1,1,-1,-1,-1,-1,0.0,-176.7089691116012,3
60,1,-1,1,1,1,1,1,1,-1,1,1,1,1,1,1,-1,1,-1,1,1,1,-1,1,-1,1,-1,1,-1,1,1,1,1,1,1,1,1,-1,-1,-1,-1,0.025,-181.66021402673988,4
61,-1,1,-1,-1,-1,-1,-1,-1,1,-1,-1,-1,-1,-1,-1,1,-1,1,-1,-1,-1,1,-1,1,-1,1,-1,1,1,-1,1,-1,-1,1,-1,-1,1,1,1,-1,0.025,-170.68684657452823,2
62,1,-1,1,1,1,1,1,1,-1,1,1,1,1,1,1,-1,1,-1,1,1,1,-1,1,-1,1,-1,1,-1,-1,1,1,1,1,-1,1,1,-1,-1,-1,1,0.025,-174.41783603392216,7
63,-1,1,-1,-1,-1,-1,-1,-1,1,-1,-1,-1,-1,-1,-1,1,-1,1,1,-1,-1,1,-1,1,-1,1,-1,1,1,-1,1,-1,-1,-1,-1,-1,1,1,1,-1,0.025,-170.41458005528858,1
64,-1,-1,-1,-1,-1,-1,-1,-1,1,-1,-1,-1,-1,-1,-1,1,-1,1,-1,-1,-1,1,-1,1,-1,1,-1,1,1,-1,-1,-1,-1,-1,-1,-1,1,1,1,-1,0.0,-176.27984606486874,1
65,-1,1,-1,-1,-1,-1,-1,-1,1,-1,-1,-1,1,1,-1,1,-1,1,1,-1,-1,1,-1,1,-1,1,1,1,1,-1,-1,-1,-1,-1,-1,-1,1,1,1,1,0.0,-176.2729989033739,1
66,1,-1,1,1,1,1,1,1,-1,1,1,1,-1,-1,1,-1,1,-1,-1,1,1,-1,1,-1,1,-1,-1,-1,-1,1,1,1,1,1,1,1,-1,-1,-1,-1,0.0,-176.2729989033739,2
67,-1,1,-1,-1,-1,-1,-1,-1,1,-1,-1,-1,-1,-1,-1,1,-1,1,1,-1,-1,1,-1,1,-1,1,1,1,-1,-1,-1,-1,-1,-1,-1,-1,1,1,1,1,0.0,-176.064408896097,1
68,1,-1,1,1,1,1,1,1,-1,1,1,1,1,1,1,-1,1,-1,-1,1,1,-1,1,-1,1,-1,-1,-1,1,1,1,1,1,1,1,1,-1,-1,-1,-1,0.0,-176.06440889609706,4
69,1,-1,1,1,1,1,1,1,-1,1,1,1,1,1,1,-1,1,-1,-1,1,1,-1,1,-1,1,-1,1,-1,-1,1,1,1,1,1,1,1,-1,-1,-1,-1,0.025,-186.1336623269733,1
70,-1,1,-1,-1,-1,-1,-1,-1,1,-1,-1,-1,-1,-1,-1,1,-1,1,1,-1,-1,1,-1,1,-1,1,-1,1,1,-1,-1,-1,-1,-1,-1,-1,1,1,1,1,0.025,-186.13366232697328,1
71,-1,1,-1,-1,-1,-1,-1,-1,1,-1,-1,-1,-1,-1,-1,1,-1,1,-1,-1,-1,1,-1,1,-1,1,-1,1,1,-1,-1,-1,-1,-1,-1,-1,1,1,-1,1,0.0,-176.01249994064176,1
72,1,-1,1,1,1,1,1,1,-1,1,1,1,1,1,1,-1,1,-1,1,1,1,-1,1,-1,1,-1,1,-1,-1,1,1,1,1,1,1,1,-1,-1,1,-1,0.0,-176.01249994064176,1
73,1,-1,1,1,1,1,1,1,-1,1,1,1,1,1,1,-1,1,-1,-1,1,1,-1,1,-1,1,-1,-1,-1,-1,1,1,1,-1,1,1,1,-1,-1,-1,-1,0.0,-175.98315409782413,2
74,1,-1,1,1,1,1,-1,1,-1,1,1,1,1,1,1,-1,1,-1,-1,1,1,-1,1,-1,1,-1,-1,-1,-1,1,1,1,1,1,1,1,-1,-1,-1,-1,0.0,-175.92763485195678,2
75,1,-1,1,1,1,1,1,1,-1,1,1,1,-1,1,1,-1,1,-1,1,1,1,-1,1,-1,1,-1,1,-1,-1,1,1,1,1,1,1,1,-1,-1,-1,-1,0.025,-180.517786105515,1
76,1,-1,1,1,1,1,1,1,-1,1,-1,1,-1,-1,1,-1,1,-1,-1,1,1,-1,1,-1,1,-1,1,-1,-1,1,1,1,1,1,1,1,-1,-1,-1,-1,0.0,-175.6987666588231,1
77,1,-1,1,1,1,1,1,1,-1,1,1,1,1,-1,1,-1,1,-1,1,1,1,-1,1,-1,1,-1,1,-1,-1,1,1,1,1,1,1,1,-1,-1,-1,-1,0.025,-181.47319603603862,2
78,-1,1,-1,-1,-1,-1,-1,-1,1,-1,-1,-1,1,-1,-1,1,-1,1,-1,-1,-1,1,-1,1,-1,-1,-1,1,1,-1,-1,-1,-1,-1,-1,-1,1,1,1,-1,0.0,-175.68558506309378,2
79,1,-1,1,1,1,1,1,1,-1,1,1,1,-1,1,1,-1,1,-1,1,1,1,-1,1,-1,1,1,1,-1,-1,1,1,1,1,1,1,1,-1,-1,-1,1,0.0,-175.68558506309378,1
80,-1,1,-1,-1,-1,-1,-1,-1,1,-1,-1,-1,-1,1,-1,1,-1,1,1,-1,-1,-1,-1,1,-1,1,-1,1,1,-1,-1,-1,-1,-1,-1,-1,1,1,1,1,0.0,-175.67158150360075,1
81,-1,1,-1,-1,-1,-1,-1,-1,1,-1,-1,-1,-1,-1,-1,1,-1,1,-1,-1,-1,1,-1,1,-1,1,-1,1,1,-1,-1,-1,-1,1,-1,-1,1,1,1,1,0.025,-173.43993447230883,1
82,1,-1,1,1,1,1,1,1,-1,1,1,1,1,-1,1,-1,1,-1,-1,1,1,-1,1,-1,1,-1,1,-1,-1,1,1,1,1,1,1,1,-1,-1,-1,-1,0.025,-184.26096179326333,1
83,1,-1,1,1,1,1,1,1,-1,1,1,1,1,1,1,-1,1,-1,1,1,1,-1,1,-1,1,1,1,-1,1,1,1,1,1,1,1,1,-1,-1,-1,1,0.0,-175.35337977628672,1
84,1,-1,1,1,1,1,1,1,-1,1,1,1,1,1,1,-1,1,-1,-1,1,1,-1,1,-1,1,-1,1,-1,-1,1,1,1,1,1,1,1,-1,-1,-1,-1,0.025,-186.13366232697328,1
85,1,-1,1,1,1,1,1,1,-1,1,-1,1,1,1,1,-1,1,-1,1,1,1,-1,1,-1,1,-1,1,-1,1,1,1,1,1,1,1,1,-1,-1,-1,-1,0.0,-175.25889216458188,2
86,1,-1,1,1,1,1,1,1,-1,1,1,1,1,1,1,-1,1,-1,1,1,1,-1,1,-1,1,-1,1,-1,-1,1,1,1,1,1,1,1,-1,-1,-1,-1,0.025,-183.80853372961045,1
87,1,-1,1,1,1,1,1,1,-1,1,1,1,1,1,1,-1,1,-1,-1,1,1,-1,1,-1,1,-1,1,-1,-1,1,1,1,1,-1,1,1,-1,-1,-1,-1,0.0,-175.1785781005612,1
88,1,-1,1,1,1,1,1,1,-1,1,1,1,1,1,1,-1,1,-1,-1,1,1,-1,1,-1,1,-1,1,-1,-1,1,1,1,1,1,1,1,-1,-1,-1,-1,0.025,-186.13366232697328,3
89,1,-1,1,1,1,1,1,1,-1,1,1,1,1,1,1,-1,1,-1,1,1,1,-1,1,-1,1,-1,1,-1,-1,1,1,1,1,1,1,1,-1,-1,-1,1,0.025,-183.2445577633948,1
90,1,-1,1,1,1,1,1,1,-1,1,-1,1,1,1,1,-1,1,-1,-1,1,1,-1,1,-1,1,-1,1,-1,1,1,1,1,1,1,1,1,-1,-1,-1,-1,0.0,-175.02287839864755,3
91,1,-1,1,1,1,1,1,1,-1,1,-1,1,-1,-1,1,-1,1,-1,1,1,1,-1,1,-1,1,-1,1,-1,1,1,1,1,1,1,1,1,-1,-1,-1,-1,0.0,-175.01203979926805,4
92,-1,1,-1,-1,-1,-1,-1,-1,1,-1,1,-1,1,1,-1,1,-1,1,-1,-1,-1,1,-1,1,-1,1,-1,1,-1,-1,-1,-1,-1,-1,-1,-1,1,1,1,1,0.0,-175.01203979926805,1
93,1,-1,1,1,1,1,1,1,-1,1,1,1,1,1,1,-1,1,-1,1,1,1,-1,1,-1,1,1,1,-1,-1,1,1,1,1,1,1,1,-1,-1,-1,-1,0.0,-175.00184208222987,1
94,1,-1,1,1,1,1,1,1,-1,1,1,1,-1,-1,1,-1,1,-1,1,1,1,-1,1,-1,1,-1,1,-1,-1,1,1,1,1,1,1,1,-1,-1,-1,-1,0.025,-181.1426650525609,1
95,1,-1,1,1,1,1,-1,1,-1,1,1,1,-1,1,1,-1,1,-1,1,1,1,-1,1,-1,1,-1,1,-1,1,1,1,1,1,1,1,1,-1,-1,-1,-1,0.0,-174.76870001280446,1
96,1,-1,1,1,1,1,1,1,-1,1,1,1,-1,-1,1,-1,1,-1,1,1,1,-1,1,-1,1,1,1,-1,-1,1,1,1,1,1,1,1,-1,-1,-1,-1,0.0,-174.6629026380383,1
97,-1,1,-1,-1,-1,-1,-1,-1,1,-1,-1,-1,-1,-1,-1,1,-1,1,-1,-1,-1,1,-1,1,-1,-1,-1,1,1,-1,1,-1,-1,1,-1,-1,1,1,1,-1,0.025,-169.9835952886982,1
98,1,-1,1,1,1,1,1,1,-1,1,1,1,1,1,1,-1,1,-1,1,1,1,-1,1,-1,1,1,1,-1,-1,1,1,1,1,-1,1,1,-1,-1,-1,1,0.025,-172.63341343468196,1
99,1,1,1,1,1,1,1,1,-1,1,1,1,1,1,1,-1,1,-1,-1,1,1,-1,1,-1,1,-1,1,-1,-1,1,1,1,1,1,1,1,-1,-1,-1,1,0.0,-174.62706238166936,1
100,1,-1,1,1,1,1,1,1,-1,1,1,1,1,1,1,-1,1,-1,1,1,1,-1,1,-1,1,-1,1,-1,-1,1,1,1,1,-1,1,1,-1,-1,-1,1,0.0,-174.41783603392216,3
101,1,-1,1,1,1,1,1,1,-1,1,1,1,1,-1,1,-1,1,-1,-1,1,1,-1,1,-1,1,-1,-1,-1,-1,1,1,1,1,1,1,1,-1,1,-1,-1,0.0,-174.40265026313634,1
102,1,-1,1,1,-1,1,1,1,-1,1,1,1,1,1,1,-1,1,-1,-1,1,1,-1,1,-1,1,-1,-1,-1,-1,1,1,1,1,1,1,1,-1,-1,-1,-1,0.0,-174.39096937435232,1
103,1,-1,1,1,1,1,1,1,-1,1,1,1,-1,1,1,-1,1,-1,1,1,1,-1,1,-1,1,-1,1,-1,1,1,1,1,1,1,1,1,-1,-1,-1,-1,0.025,-179.0370928082287,1
104,1,-1,1,1,1,1,1,1,-1,1,1,1,1,1,1,-1,1,-1,1,1,1,-1,1,-1,1,-1,-1,-1,-1,1,1,1,1,1,1,1,-1,-1,-1,-1,0.0,-174.3372044984009,1
105,-1,1,-1,-1,-1,-1,-1,-1,1,-1,-1,-1,1,-1,-1,1,-1,1,-1,-1,-1,1,-1,1,-1,1,-1,1,-1,-1,-1,-1,-1,-1,-1,-1,1,1,1,-1,0.0,-174.29540997043134,2
106,-1,1,-1,-1,-1,-1,-1,-1,1,-1,-1,-1,-1,1,-1,1,-1,1,-1,-1,-1,1,-1,1,-1,1,-1,1,1,-1,-1,-1,1,-1,-1,-1,1,1,1,1,0.0,-174.25489632526993,1
107,1,-1,1,1,1,1,1,1,-1,1,1,1,1,-1,1,-1,1,-1,1,1,1,-1,1,-1,1,-1,1,-1,-1,1,1,1,-1,1,1,1,-1,-1,-1,-1,0.0,-174.25489632526993,4
108,1,-1,1,1,1,1,1,1,-1,1,1,1,1,1,1,-1,1,-1,1,1,1,-1,1,-1,1,-1,1,-1,-1,1,1,1,1,1,1,1,-1,-1,-1,-1,0.025,-183.80853372961045,1
109,1,-1,1,1,1,1,1,1,-1,1,1,1,1,1,1,-1,1,-1,1,1,1,-1,1,-1,1,-1,1,-1,1,1,1,1,1,1,1,1,-1,-1,-1,-1,0.025,-181.66021402673988,1
110,1,-1,1,1,1,1,1,1,-1,1,1,1,-1,1,1,-1,1,-1,1,1,1,-1,1,-1,1,1,1,-1,-1,1,1,1,1,1,1,1,-1,-1,-1,-1,0.0,-174.03741977182108,1
111,-1,1,-1,-1,-1,-1,-1,-1,1,-1,-1,-1,1,-1,-1,1,-1,1,-1,-1,-1,1,-1,1,-1,-1,-1,1,1,-1,-1,-1,-1,-1,-1,-1,1,1,1,1,0.0,-174.03741977182108,1
112,1,-1,1,1,1,1,-1,1,-1,1,1,1,1,1,1,-1,1,-1,1,1,1,-1,1,-1,1,-1,1,-1,1,1,1,1,1,1,1,1,-1,-1,-1,-1,0.025,-179.1226289150889,1
113,1,-1,1,1,1,1,1,1,-1,1,-1,1,-1,-1,1,-1,1,-1,1,1,1,-1,1,-1,1,-1,1,-1,-1,1,1,1,1,1,1,1,-1,-1,-1,-1,0.0,-173.9607158239656,5
114,1,-1,1,1,1,1,1,1,-1,1,-1,1,-1,1,1,-1,1,-1,1,1,1,-1,1,-1,1,-1,1,-1,1,1,1,1,1,1,1,1,-1,-1,-1,-1,0.0,-173.9598993411273,2
115,1,-1,1,1,1,1,1,1,-1,1,1,1,-1,-1,1,-1,1,-1,1,1,1,-1,1,-1,1,-1,1,-1,1,1,1,1,1,1,1,1,-1,-1,-1,-1,0.0,-173.7350061284776,1
116,1,-1,1,1,1,1,1,1,-1,1,1,1,1,-1,1,-1,1,-1,1,1,1,-1,1,-1,1,-1,1,-1,-1,1,1,1,1,1,1,1,-1,-1,-1,-1,0.025,-181.47319603603862,1
117,1,-1,1,1,1,1,1,1,-1,1,1,1,1,1,1,-1,1,-1,1,1,1,-1,1,-1,1,-1,1,-1,1,1,1,1,1,1,1,1,-1,-1,-1,-1,0.025,-181.66021402673988,1
118,1,-1,1,1,1,1,1,1,-1,1,-1,1,1,-1,1,-1,1,-1,1,1,1,-1,1,-1,1,-1,1,-1,1,1,1,1,1,1,1,1,-1,-1,-1,-1,0.0,-173.3508159821049,2
119,-1,1,-1,-1,-1,-1,-1,-1,1,-1,-1,-1,-1,-1,-1,1,-1,1,-1,-1,-1,1,-1,1,-1,1,-1,1,-1,-1,-1,-1,-1,-1,-1,-1,1,1,-1,1,0.0,-173.32842420380297,1
120,1,-1,1,1,1,1,1,1,-1,1,1,1,1,1,1,-1,1,-1,1,1,1,-1,1,-1,1,-1,1,-1,1,1,1,1,1,1,1,1,-1,-1,1,-1,0.0,-173.32842420380297,2
121,1,-1,1,1,1,1,1,1,-1,1,-1,1,1,1,1,-1,1,-1,-1,1,1,-1,1,-1,1,-1,1,-1,-1,1,1,1,1,1,1,1,-1,-1,-1,-1,0.0,-173.309772750444,2
122,1,-1,1,1,1,1,1,1,-1,1,1,1,1,1,1,-1,1,-1,-1,1,1,-1,1,-1,1,-1,1,-1,-1,1,1,1,1,-1,1,1,-1,-1,-1,1,0.025,-171.28841470819688,1
123,1,-1,1,1,1,1,1,1,-1,1,1,1,1,1,1,-1,1,-1,1,1,1,-1,1,-1,1,-1,1,-1,1,1,1,1,1,1,1,1,-1,-1,-1,-1,0.025,-181.66021402673988,1
124,1,1,1,1,1,1,-1,1,-1,1,1,1,1,1,1,-1,1,-1,1,1,1,-1,1,-1,1,-1,1,-1,-1,1,1,1,1,1,1,1,-1,-1,-1,-1,0.025,-179.01940301419893,1
125,1,-1,1,1,1,1,1,1,-1,1,1,1,1,-1,1,-1,1,-1,-1,1,1,-1,1,-1,1,-1,1,-1,-1,1,1,1,1,1,1,1,-1,-1,-1,-1,0.025,-184.26096179326333,1
126,1,1,1,1,1,1,1,1,-1,1,1,1,-1,1,1,-1,1,-1,1,1,1,-1,1,-1,1,-1,1,-1,1,1,1,1,1,1,1,1,-1,-1,-1,-1,0.0,-172.9909303754166,1
127,1,-1,1,1,1,1,1,1,-1,1,-1,1,1,-1,1,-1,1,-1,1,1,1,-1,1,-1,1,-1,1,-1,-1,1,1,1,1,1,1,1,-1,-1,-1,-1,0.0,-172.96711841238667,2
128,-1,1,-1,-1,-1,-1,-1,-1,1,-1,1,-1,-1,1,-1,1,-1,1,-1,-1,-1,1,-1,1,-1,1,-1,1,1,-1,-1,-1,-1,-1,-1,-1,1,1,1,1,0.0,-172.96711841238667,1
129,1,1,1,1,1,1,-1,1,-1,1,1,1,1,1,1,1,1,-1,1,1,1,1,1,-1,1,-1,1,-1,-1,1,1,1,1,1,-1,1,-1,-1,1,-1,0.0,-172.93736034299212,2
130,1,1,1,1,1,1,-1,1,-1,1,1,1,1,1,1,1,1,-1,1,1,1,1,1,-1,1,-1,1,-1,-1,1,1,1,1,-1,-1,1,-1,-1,1,-1,0.0,-172.8058061707419,1
131,1,-1,1,1,1,1,1,1,-1,1,1,1,1,1,1,-1,1,-1,1,1,1,-1,1,-1,1,1,1,-1,1,1,1,1,1,1,1,1,-1,-1,-1,-1,0.0,-172.7936426336836,2
132,1,-1,1,1,1,1,1,1,-1,1,1,1,1,1,1,-1,1,-1,1,1,1,-1,1,-1,1,-1,1,-1,-1,1,1,1,1,1,1,1,-1,-1,-1,-1,0.025,-183.80853372961045,1
133,-1,1,-1,-1,-1,-1,-1,-1,1,-1,-1,-1,1,-1,-1,1,-1,1,-1,-1,-1,1,-1,1,-1,1,-1,1,1,-1,-1,-1,-1,-1,-1,-1,1,1,1,-1,0.025,-177.40917077784346,1
134,-1,1,-1,-1,-1,-1,-1,-1,1,-1,-1,-1,1,1,-1,1,-1,1,-1,-1,-1,1,-1,1,-1,1,-1,1,1,-1,-1,-1,-1,-1,-1,-1,1,1,1,1,0.025,-181.1426650525609,1
135,1,-1,1,1,1,1,1,1,-1,1,1,1,-1,1,1,-1,1,-1,1,1,1,-1,1,-1,1,1,1,-1,1,1,1,1,1,1,1,1,-1,-1,-1,-1,0.0,-172.49684672885883,1
136,1,-1,1,1,1,1,-1,1,-1,1,1,1,1,1,1,-1,1,-1,1,1,1,-1,1,-1,1,-1,1,-1,-1,1,1,1,1,1,1,1,-1,-1,-1,-1,0.025,-180.5759435463385,1
137,1,-1,1,1,1,1,1,1,-1,1,1,1,1,1,1,-1,1,-1,1,1,1,-1,1,-1,1,-1,-1,-1,1,1,1,1,1,1,1,1,-1,-1,-1,-1,0.0,-172.34470558297625,2
138,1,-1,1,1,1,1,1,1,-1,1,1,1,1,-1,1,-1,1,-1,1,1,1,-1,1,-1,1,-1,1,-1,-1,1,1,1,1,1,1,1,-1,-1,-1,1,0.025,-173.52871785384838,1
139,1,-1,1,1,1,1,1,1,-1,1,1,1,1,-1,1,-1,1,-1,1,1,1,1,1,-1,1,1,1,-1,-1,1,1,1,1,1,1,1,-1,-1,-1,-1,0.0,-172.2321659824766,1
140,1,-1,1,1,1,1,1,1,-1,1,1,1,1,1,1,-1,1,-1,-1,1,1,-1,1,-1,1,-1,-1,-1,-1,1,1,1,1,1,1,1,-1,-1,-1,-1,0.025,-182.65446535983344,1
141,1,-1,1,1,1,1,1,1,-1,1,1,1,1,1,1,-1,1,-1,1,1,1,-1,1,-1,1,1,1,-1,-1,1,1,1,-1,1,1,1,-1,-1,-1,1,0.0,-172.15038787499572,1
142,1,-1,1,1,1,1,1,1,-1,1,-1,1,1,1,1,-1,1,-1,-1,1,1,-1,1,-1,1,-1,1,-1,1,1,1,1,1,1,1,1,-1,-1,-1,1,0.0,-172.05853274807583,1
143,1,-1,1,1,1,1,1,1,-1,1,1,1,-1,-1,1,-1,1,-1,1,1,1,-1,1,-1,1,-1,1,-1,-1,1,1,1,1,1,1,1,-1,-1,-1,1,0.025,-170.6535475089145,1
144,-1,1,-1,-1,-1,-1,-1,-1,1,-1,-1,-1,-1,-1,-1,1,-1,1,1,-1,-1,1,-1,1,-1,1,-1,1,1,-1,-1,-1,-1,1,-1,-1,1,1,1,-1,0.025,-171.28841470819688,1
145,1,-1,1,1,1,1,1,1,-1,1,1,1,1,1,1,-1,1,-1,-1,1,1,-1,1,-1,1,-1,-1,-1,-1,1,1,1,1,1,1,1,-1,-1,-1,-1,0.025,-182.65446535983344,1
146,1,1,1,1,1,1,-1,1,-1,1,1,1,-1,1,1,-1,1,-1,1,1,1,-1,1,-1,1,-1,1,-1,1,1,1,1,1,1,1,1,-1,-1,-1,-1,0.0,-171.85789607929814,1
147,1,-1,1,1,1,1,1,1,-1,1,1,1,1,-1,1,-1,1,-1,1,1,1,-1,1,-1,1,-1,1,-1,1,1,1,1,1,1,1,1,-1,-1,-1,-1,0.025,-173.39791070637108,1
148,1,1,1,1,1,1,1,1,-1,1,1,1,1,1,1,-1,1,-1,-1,1,1,-1,1,-1,1,-1,1,1,-1,1,1,1,1,1,1,1,-1,-1,-1,-1,0.0,-171.62594717805834,1
149,1,-1,1,1,1,1,-1,1,-1,1,1,1,1,1,1,-1,1,-1,1,1,1,-1,1,-1,1,1,1,-1,1,1,1,1,1,1,1,1,-1,-1,-1,-1,0.0,-171.49706318880413,1
150,-1,1,-1,-1,-1,-1,-1,-1,1,-1,-1,-1,1,-1,-1,1,-1,1,-1,-1,-1,1,-1,1,-1,-1,-1,1,1,-1,1,-1,-1,-1,-1,-1,1,1,1,-1,0.025,-169.81066980057795,1
151,1,1,1,1,1,1,1,1,-1,1,1,1,-1,1,1,-1,1,-1,1,1,1,-1,1,-1,1,-1,1,-1,-1,1,1,1,1,1,1,1,-1,-1,-1,-1,0.025,-177.8189895489566,1
152,1,-1,1,1,1,1,1,1,-1,1,1,1,-1,1,1,-1,1,-1,1,1,1,-1,1,-1,1,-1,-1,-1,-1,1,1,1,1,1,1,1,-1,-1,-1,-1,0.0,-171.1216239347139,1
153,1,-1,1,1,1,1,1,1,-1,1,1,1,1,1,1,-1,1,-1,1,1,1,-1,1,-1,1,-1,1,-1,1,1,1,1,1,1,1,1,-1,-1,-1,-1,0.025,-181.66021402674005,2
154,1,-1,1,1,-1,1,1,1,-1,1,1,1,1,-1,1,-1,1,-1,-1,1,1,-1,1,-1,1,-1,-1,-1,-1,1,1,-1,-1,1,1,1,-1,-1,-1,-1,0.0,-171.0632166711215,1
155,1,-1,1,1,1,1,1,1,-1,1,1,1,1,1,1,-1,1,-1,1,1,1,-1,1,-1,1,-1,1,-1,-1,1,1,1,1,1,1,1,-1,-1,-1,-1,0.025,-183.80853372961045,1
156,1,-1,1,1,1,1,1,1,-1,1,1,1,1,1,1,-1,1,-1,-1,1,1,-1,1,-1,1,-1,1,1,-1,1,1,1,1,1,1,1,-1,-1,-1,-1,0.0,-170.84509893681812,1
157,1,-1,1,1,1,1,1,1,-1,1,1,1,1,-1,1,-1,1,-1,1,1,1,-1,1,-1,1,-1,-1,-1,-1,1,1,1,1,1,1,1,-1,-1,-1,-1,0.0,-170.83459491253066,2
158,1,-1,1,1,1,1,1,1,-1,1,1,1,1,1,1,-1,1,-1,1,1,1,-1,1,-1,1,-1,1,-1,-1,1,-1,1,1,-1,1,1,-1,-1,-1,1,0.0,-170.68684657452823,1
159,1,-1,1,1,1,1,1,1,-1,1,-1,1,-1,1,1,-1,1,-1,-1,1,1,-1,1,-1,1,-1,1,-1,1,1,1,1,1,1,1,1,-1,-1,-1,-1,0.0,-170.6377554678113,1
160,1,-1,1,1,1,1,1,1,-1,1,1,1,1,-1,1,-1,1,-1,-1,1,1,-1,1,-1,1,-1,1,-1,-1,1,1,1,1,1,1,1,-1,-1,-1,-1,0.025,-184.26096179326325,1
161,1,-1,1,1,1,1,1,1,-1,1,1,1,1,-1,1,-1,1,-1,1,1,1,-1,1,-1,1,-1,1,-1,-1,1,1,1,1,1,1,1,-1,-1,-1,-1,0.025,-181.47319603603862,4
162,1,-1,1,1,1,1,1,1,-1,1,1,1,1,1,1,-1,1,-1,1,1,1,-1,1,-1,1,-1,1,-1,-1,1,-1,1,1,-1,1,1,-1,-1,-1,1,0.025,-170.68684657452823,1
163,-1,1,-1,-1,-1,-1,-1,-1,1,-1,-1,-1,-1,1,-1,1,-1,1,1,-1,-1,1,-1,1,-1,1,1,1,1,-1,-1,1,1,-1,-1,-1,1,1,1,1,0.0,-170.1511770457077,1
164,1,-1,1,1,1,1,1,1,-1,1,1,1,-1,1,1,-1,1,-1,1,1,1,-1,1,-1,1,-1,1,-1,-1,1,-1,1,1,1,1,1,-1,-1,-1,1,0.025,-170.45308420191762,1
165,1,-1,1,1,1,1,1,1,-1,1,1,1,1,-1,1,-1,1,-1,-1,1,1,1,1,-1,1,-1,-1,-1,-1,1,1,1,1,1,1,1,-1,-1,-1,-1,0.0,-170.09665697595165,1
166,1,-1,1,1,1,1,1,1,-1,1,1,1,-1,-1,1,-1,1,-1,1,1,1,-1,1,-1,1,-1,1,-1,-1,1,-1,1,1,1,1,1,-1,-1,-1,-1,0.0,-169.80040641727777,1
167,1,-1,1,1,1,1,1,1,-1,1,1,1,-1,-1,1,-1,1,-1,-1,1,1,-1,1,-1,1,-1,1,-1,-1,1,1,1,1,1,1,1,-1,-1,-1,-1,0.025,-180.84430070240387,1
168,1,-1,1,1,1,1,1,1,-1,1,1,1,1,-1,1,-1,1,-1,1,1,1,-1,1,-1,1,-1,1,-1,-1,1,1,1,1,1,1,1,-1,1,-1,-1,0.0,-169.65071051379698,1
169,1,1,-1,-1,-1,-1,-1,-1,1,-1,-1,-1,-1,-1,-1,1,-1,1,1,-1,-1,1,-1,1,-1,1,1,1,1,-1,-1,-1,-1,-1,-1,-1,1,1,1,1,0.0,-169.61303637334316,1
170,1,-1,1,1,1,1,1,1,-1,1,1,1,-1,1,1,-1,1,-1,1,1,1,-1,1,-1,1,-1,1,-1,-1,1,1,1,1,1,1,1,-1,-1,-1,-1,0.025,-180.517786105515,1
171,1,-1,1,1,1,1,1,1,-1,1,-1,1,1,1,1,-1,1,-1,1,1,1,-1,1,-1,1,-1,1,-1,1,1,1,1,1,1,1,1,-1,-1,-1,1,0.025,-177.16261146798783,1
172,1,-1,1,1,1,1,1,1,-1,1,1,1,1,1,1,-1,1,-1,1,1,1,-1,1,-1,1,-1,1,-1,1,1,1,1,-1,1,1,1,-1,-1,-1,-1,0.0,-169.3181670110446,1
173,1,-1,1,1,1,1,-1,1,-1,1,1,1,1,1,1,-1,1,-1,1,1,1,-1,1,-1,1,-1,1,-1,-1,1,1,1,1,-1,1,1,-1,-1,-1,-1,0.0,-169.29155556170957,1
174,1,-1,1,1,1,1,1,1,-1,1,1,1,-1,-1,1,-1,1,-1,-1,1,1,-1,1,-1,1,-1,1,-1,-1,1,-1,1,1,1,1,1,-1,-1,-1,-1,0.025,-169.34122535903077,1
175,1,-1,1,1,-1,1,1,1,-1,1,1,1,1,-1,1,-1,1,-1,-1,1,1,-1,1,-1,1,-1,-1,-1,-1,1,1,1,1,1,1,1,-1,-1,-1,-1,0.0,-169.13849264113608,2
176,1,-1,1,1,1,1,1,1,-1,1,-1,1,1,1,1,-1,1,-1,1,1,1,-1,1,-1,1,-1,1,-1,1,1,1,1,1,1,1,1,-1,-1,-1,1,0.025,-177.16261146798783,1
177,-1,1,-1,-1,1,-1,-1,-1,1,-1,-1,-1,-1,-1,-1,1,-1,1,1,-1,-1,1,-1,1,-1,1,1,1,1,-1,-1,1,1,-1,-1,-1,1,1,1,1,0.0,-168.91907977225665,1
178,1,-1,1,1,1,1,1,1,-1,1,-1,1,-1,-1,1,-1,1,-1,1,1,1,-1,1,-1,1,1,1,-1,1,1,1,1,1,1,1,1,-1,-1,-1,-1,0.0,-168.849929265043,1
179,1,-1,1,1,1,1,1,1,-1,1,1,1,1,-1,1,-1,1,-1,-1,1,1,1,1,-1,1,-1,-1,-1,-1,1,1,1,-1,1,1,1,-1,-1,-1,-1,0.0,-168.7355896919335,1
180,1,-1,1,1,1,1,1,1,-1,1,1,1,1,1,1,-1,1,-1,1,1,1,-1,1,-1,1,-1,-1,-1,-1,1,1,1,1,1,1,1,-1,-1,-1,-1,0.025,-174.33720449840104,2
181,1,-1,1,1,1,1,1,1,-1,1,1,1,1,-1,1,-1,1,-1,-1,1,1,-1,1,-1,1,-1,1,-1,-1,1,1,1,1,-1,1,1,-1,-1,-1,-1,0.0,-168.43033167904218,1
182,1,-1,1,1,1,1,1,1,-1,1,1,1,1,1,1,-1,1,-1,1,1,1,-1,1,-1,1,-1,1,-1,-1,1,1,1,1,1,1,1,-1,-1,-1,-1,0.025,-183.80853372961045,1
183,-1,1,-1,-1,-1,-1,1,-1,1,-1,-1,-1,-1,-1,-1,1,-1,1,-1,-1,-1,1,-1,1,-1,1,1,1,-1,-1,-1,-1,-1,-1,-1,-1,1,1,1,1,0.0,-168.17705690307986,1
184,1,-1,1,1,1,1,1,1,-1,1,1,1,1,1,1,-1,1,-1,-1,1,1,-1,1,-1,1,-1,1,-1,-1,1,1,1,1,1,1,1,-1,-1,-1,1,0.05,-180.70162140678,1
185,1,1,1,1,1,1,1,1,-1,1,1,1,1,1,1,-1,1,-1,1,1,1,-1,1,-1,1,-1,1,-1,-1,1,1,1,1,1,1,1,-1,-1,-1,-1,0.025,-179.11663469816494,1
186,1,-1,1,1,1,1,1,1,-1,1,1,1,1,1,1,-1,1,-1,1,1,1,-1,1,-1,1,-1,-1,-1,-1,1,1,1,1,1,1,1,-1,-1,-1,1,0.0,-167.91023513631453,1
187,-1,-1,1,1,1,1,1,1,-1,1,1,1,-1,1,1,-1,1,-1,-1,1,1,-1,1,-1,1,-1,-1,-1,1,1,1,1,1,1,1,1,-1,-1,-1,-1,0.0,-167.6506311827357,1
188,1,-1,1,1,1,1,1,1,-1,1,1,1,1,1,1,-1,1,-1,-1,1,1,1,1,-1,1,-1,-1,-1,-1,1,1,1,1,1,1,1,-1,-1,-1,-1,0.0,-167.3055784356241,1
189,1,-1,1,1,1,1,1,1,-1,1,1,-1,1,1,1,-1,1,-1,-1,1,1,-1,1,-1,1,-1,1,-1,-1,1,1,1,1,-1,1,1,-1,-1,-1,1,0.025,-165.1211946306069,1
190,1,-1,1,1,1,1,1,1,-1,1,1,1,-1,1,1,-1,1,-1,1,1,1,-1,1,-1,1,-1,1,-1,1,1,1,1,1,1,1,1,-1,-1,-1,-1,0.025,-179.0370928082287,1
191,1,-1,1,1,1,1,-1,1,-1,1,-1,1,1,-1,1,-1,1,-1,1,1,1,-1,1,-1,1,-1,1,-1,1,1,1,1,1,1,1,1,-1,-1,-1,-1,0.0,-166.9575365384742,1
192,1,-1,1,1,1,1,1,1,-1,1,-1,-1,-1,1,1,-1,1,-1,1,1,1,-1,1,-1,1,-1,1,-1,1,1,1,1,1,1,1,1,-1,-1,-1,1,0.025,-166.2383499609334,1
193,1,-1,1,1,1,1,1,1,-1,1,1,1,1,1,1,-1,1,-1,1,1,1,-1,1,-1,1,-1,1,-1,1,1,1,1,1,1,1,1,-1,-1,-1,1,0.025,-179.46317055039842,1
194,1,1,1,1,1,1,-1,1,-1,1,1,1,-1,1,1,-1,1,-1,-1,1,1,-1,1,-1,1,-1,1,1,-1,1,1,1,1,1,1,1,-1,-1,-1,-1,0.0,-166.25037496541142,1
195,1,-1,1,1,1,1,1,1,-1,1,1,1,1,1,1,-1,1,-1,1,1,1,-1,1,-1,1,1,1,-1,-1,1,1,1,1,1,1,1,-1,-1,-1,1,0.025,-179.1946467349589,1
196,-1,1,-1,-1,-1,-1,-1,-1,1,-1,-1,-1,-1,-1,-1,1,-1,1,-1,-1,-1,1,-1,1,-1,1,-1,1,1,-1,1,-1,-1,1,-1,-1,1,1,1,-1,0.05,-170.68684657452823,1
197,1,-1,1,1,1,1,1,1,-1,1,1,1,1,-1,1,-1,1,-1,-1,1,1,-1,1,-1,1,-1,-1,-1,-1,1,1,1,1,1,1,1,-1,1,-1,-1,0.025,-174.40265026313634,1
198,1,-1,1,1,1,1,-1,1,-1,1,1,1,1,1,1,-1,1,-1,1,1,1,1,1,-1,1,1,1,-1,-1,1,1,1,1,1,1,1,-1,-1,-1,-1,0.025,-169.55675008539455,1
199,-1,1,-1,-1,-1,-1,-1,1,1,-1,1,1,1,1,-1,1,-1,-1,-1,-1,1,1,1,1,-1,1,-1,1,-1,-1,1,-1,-1,-1,-1,-1,1,1,1,-1,0.025,-166.38975316940562,1
200,1,1,1,1,1,1,-1,1,-1,1,1,1,1,1,1,1,1,-1,1,1,1,1,1,-1,1,-1,1,-1,-1,1,1,1,1,1,1,1,-1,-1,1,-1,0.0,-164.7208726204901,1
201,-1,1,-1,-1,-1,-1,-1,-1,1,-1,-1,1,-1,-1,-1,1,-1,1,-1,-1,-1,1,-1,1,-1,1,-1,1,1,-1,1,-1,-1,1,-1,-1,1,1,1,-1,0.025,-162.31302277189806,1
202,1,-1,1,1,1,1,1,1,-1,1,-1,1,1,1,1,-1,1,-1,1,1,1,-1,1,-1,1,-1,1,-1,-1,1,1,1,1,1,1,1,-1,-1,-1,1,0.025,-172.48501578159843,1
203,1,-1,1,1,1,1,1,1,-1,1,1,1,1,1,1,-1,1,-1,-1,1,1,-1,1,-1,1,-1,-1,-1,1,1,1,1,-1,1,1,1,-1,-1,-1,-1,0.025,-169.081819041344,1
204,-1,1,-1,-1,-1,-1,-1,-1,1,-1,-1,-1,-1,-1,-1,1,-1,1,-1,-1,-1,1,-1,1,-1,1,-1,1,1,-1,1,-1,-1,1,-1,-1,1,1,1,-1,0.05,-170.68684657452823,1
205,1,-1,1,1,1,1,1,-1,-1,1,-1,-1,-1,-1,1,-1,1,-1,1,1,1,-1,1,-1,1,-1,1,-1,-1,1,-1,1,1,1,1,1,-1,-1,-1,1,0.0,-163.62484241350106,1
206,-1,1,-1,-1,-1,-1,-1,-1,1,-1,-1,-1,1,1,-1,1,-1,1,1,-1,-1,1,-1,1,-1,1,-1,1,1,-1,-1,-1,-1,-1,-1,-1,1,-1,1,1,0.0,-163.32785094339388,1
207,1,1,1,1,1,1,1,1,-1,1,1,1,1,1,1,-1,1,-1,-1,1,1,-1,1,-1,1,-1,1,1,-1,1,1,1,1,1,1,1,-1,-1,-1,-1,0.05,-171.62594717805834,1
208,1,-1,1,1,1,1,1,-1,-1,1,-1,-1,-1,-1,1,-1,1,-1,1,1,1,-1,1,-1,1,-1,1,-1,-1,1,-1,1,1,1,1,1,-1,-1,-1,1,0.025,-163.62484241350103,1
209,1,-1,1,1,1,1,1,1,-1,1,1,1,-1,1,1,-1,1,-1,-1,1,1,-1,1,-1,1,-1,-1,-1,-1,1,1,1,1,1,1,1,-1,-1,-1,1,0.05,-162.5130810112446,1
210,1,-1,1,1,1,1,1,1,-1,1,1,1,1,1,1,-1,1,-1,1,1,1,-1,1,-1,1,-1,1,-1,1,1,1,1,1,1,-1,1,-1,-1,-1,-1,0.0,-162.47938159572686,1
211,1,-1,1,1,1,1,1,1,-1,1,-1,1,-1,-1,1,-1,1,-1,-1,1,1,-1,1,-1,1,-1,1,-1,-1,1,-1,1,1,1,1,1,-1,-1,-1,1,0.05,-160.2873533097514,1
212,-1,1,-1,-1,-1,-1,-1,-1,1,-1,-1,-1,1,-1,-1,1,-1,1,-1,-1,-1,1,-1,1,-1,-1,-1,1,1,-1,1,1,-1,-1,-1,-1,1,1,1,-1,0.0,-162.05246120610704,1
213,1,-1,1,1,1,1,1,1,-1,1,-1,1,1,-1,1,-1,1,-1,1,1,1,-1,1,-1,1,-1,1,-1,-1,1,1,1,1,1,1,1,-1,-1,-1,-1,0.025,-172.96711841238667,1
214,1,-1,1,1,1,1,1,1,-1,1,1,1,1,1,1,-1,1,-1,1,1,1,-1,1,-1,1,-1,1,-1,-1,1,1,1,1,-1,-1,1,-1,-1,1,1,0.0,-161.63359322804934,1
215,1,-1,1,1,1,1,1,1,-1,1,-1,1,1,1,1,-1,1,-1,1,1,1,-1,1,-1,1,-1,1,-1,1,1,1,1,1,1,1,1,-1,-1,-1,-1,0.025,-175.25889216458188,1
216,-1,1,-1,-1,-1,-1,-1,-1,1,-1,-1,-1,-1,-1,-1,1,-1,1,-1,-1,-1,-1,-1,1,-1,-1,-1,1,1,-1,1,-1,-1,1,-1,-1,1,-1,1,-1,0.025,-157.35443191778995,1
217,1,-1,1,1,1,1,1,-1,-1,1,-1,-1,1,1,1,-1,1,-1,-1,1,1,-1,1,-1,1,-1,1,-1,-1,1,1,1,1,1,1,1,-1,-1,-1,1,0.025,-159.30576180479804,1
218,1,-1,1,1,1,1,1,1,-1,1,1,1,1,1,1,-1,1,-1,1,1,1,-1,1,-1,1,-1,-1,-1,-1,1,1,1,1,1,1,1,-1,-1,-1,-1,0.025,-174.3372044984009,1
219,1,-1,1,1,1,1,-1,-1,-1,1,-1,-1,-1,-1,1,-1,1,1,-1,1,-1,-1,-1,-1,1,-1,1,-1,1,1,-1,1,1,1,1,1,-1,-1,-1,1,0.0,-157.21293894368762,1
220,-1,-1,1,1,1,1,1,1,-1,1,1,1,1,-1,1,-1,1,-1,-1,1,1,-1,1,-1,1,-1,-1,-1,-1,1,1,1,1,1,-1,1,-1,-1,-1,-1,0.0,-153.94561593009723,1
221,1,-1,-1,1,1,1,1,1,-1,1,-1,-1,-1,-1,1,-1,1,-1,-1,1,1,-1,1,-1,1,-1,1,-1,-1,1,1,1,1,1,1,1,-1,-1,-1,-1,0.0,-150.2269492476182,1
