,0,1,2,3,4,5,6,7,8,9,10,11,12,13,14,15,16,17,18,19,20,21,22,23,24,25,26,27,28,29,30,31,32,33,34,35,36,37,38,39,chain_break_fraction,energy,num_occurrences
0,-1,-1,1,-1,-1,-1,-1,-1,1,1,1,1,1,-1,1,1,1,-1,-1,-1,-1,1,-1,-1,-1,-1,-1,1,1,1,-1,1,-1,1,1,1,-1,-1,1,-1,0.0,-172.0,2
1,-1,1,1,-1,-1,-1,-1,-1,1,1,-1,1,-1,-1,1,1,1,-1,-1,-1,-1,1,-1,-1,-1,-1,-1,1,1,1,-1,1,-1,1,1,1,-1,-1,1,-1,0.0,-170.0,8
2,1,-1,-1,1,1,1,1,1,-1,-1,1,-1,1,1,-1,-1,-1,1,1,1,1,-1,1,1,1,1,1,-1,-1,-1,1,-1,1,-1,-1,-1,1,1,-1,1,0.0,-170.0,14
3,-1,1,1,-1,-1,-1,-1,-1,1,1,1,1,1,-1,1,1,1,-1,-1,-1,-1,1,-1,-1,-1,-1,-1,1,1,1,-1,1,-1,1,1,1,-1,-1,1,-1,0.0,-170.0,3
4,1,-1,-1,1,1,1,1,1,-1,-1,-1,-1,-1,1,-1,-1,-1,1,1,1,1,-1,1,1,1,1,1,-1,-1,-1,1,-1,1,-1,-1,-1,1,1,-1,1,0.0,-170.0,2
5,-1,1,1,-1,-1,-1,-1,-1,1,1,-1,1,1,-1,1,1,1,-1,-1,-1,-1,1,-1,-1,-1,-1,-1,1,1,1,1,1,-1,1,1,1,-1,-1,1,-1,0.0,-170.0,8
6,1,-1,-1,1,1,1,1,1,-1,-1,1,-1,-1,1,-1,-1,-1,1,1,1,1,-1,1,1,1,1,1,-1,-1,-1,-1,-1,1,-1,-1,-1,1,1,-1,1,0.0,-170.0,5
7,-1,-1,1,-1,-1,-1,-1,-1,1,1,1,1,1,-1,1,1,1,-1,-1,-1,-1,1,-1,-1,-1,-1,-1,1,1,1,-1,1,1,1,1,1,-1,-1,1,-1,0.0,-170.0,3
8,1,-1,-1,1,1,1,1,1,-1,-1,1,-1,1,1,-1,-1,-1,1,1,1,1,-1,1,1,1,1,1,-1,-1,-1,-1,-1,1,-1,-1,-1,1,1,-1,1,0.0,-168.0,8
9,-1,1,1,-1,-1,-1,-1,-1,1,1,-1,1,-1,-1,1,1,1,-1,-1,-1,-1,1,-1,-1,-1,-1,-1,1,1,1,1,1,-1,1,1,1,-1,-1,1,-1,0.0,-168.0,1
10,1,-1,-1,1,1,-1,1,1,-1,-1,1,-1,1,1,-1,-1,-1,1,1,1,1,-1,1,1,1,1,1,-1,-1,-1,1,-1,1,-1,-1,-1,1,1,-1,1,0.0,-168.0,19
11,-1,1,1,-1,-1,1,-1,-1,1,1,-1,1,-1,-1,1,1,1,-1,-1,-1,-1,1,-1,-1,-1,-1,-1,1,1,1,-1,1,-1,1,1,1,-1,-1,1,-1,0.0,-168.0,1
12,1,-1,-1,1,1,1,1,1,-1,-1,-1,-1,1,1,-1,-1,-1,1,1,1,1,-1,1,1,1,1,1,-1,-1,-1,1,-1,1,-1,-1,-1,1,1,-1,1,0.0,-168.0,3
13,-1,1,1,-1,-1,-1,-1,-1,1,1,1,1,-1,-1,1,1,1,-1,-1,-1,-1,1,-1,-1,-1,-1,-1,1,1,1,-1,1,-1,1,1,1,-1,-1,1,-1,0.0,-168.0,1
14,1,1,-1,1,1,1,1,1,-1,-1,-1,-1,-1,1,-1,1,-1,-1,1,1,1,-1,1,1,1,1,1,-1,-1,-1,-1,1,-1,-1,-1,-1,-1,1,-1,1,0.0,-168.0,34
15,-1,1,1,-1,-1,-1,-1,-1,1,1,1,1,1,-1,1,1,1,-1,-1,-1,-1,1,-1,-1,-1,-1,-1,1,1,1,1,1,-1,1,1,1,-1,-1,1,-1,0.0,-168.0,1
16,-1,1,1,-1,-1,-1,-1,-1,1,1,-1,1,1,-1,1,1,1,-1,-1,-1,-1,1,-1,-1,-1,-1,-1,1,1,1,-1,1,-1,1,1,1,-1,-1,1,-1,0.0,-168.0,2
17,-1,1,1,-1,1,1,1,-1,1,-1,-1,1,-1,-1,1,1,-1,-1,-1,-1,-1,1,1,-1,-1,-1,1,1,-1,1,-1,1,1,-1,-1,1,-1,-1,-1,1,0.0,-168.0,23
18,1,-1,-1,1,1,1,1,1,-1,-1,1,-1,-1,1,-1,-1,-1,1,1,1,1,-1,1,1,1,1,1,-1,-1,-1,1,-1,1,-1,-1,-1,1,1,-1,1,0.0,-168.0,2
19,1,1,-1,1,1,1,1,1,-1,-1,1,-1,-1,1,-1,-1,-1,1,1,1,1,-1,1,1,1,1,1,-1,-1,-1,1,-1,-1,-1,-1,-1,1,1,-1,1,0.0,-168.0,2
20,-1,-1,1,-1,-1,-1,-1,-1,1,1,-1,1,1,-1,1,1,1,-1,-1,-1,-1,1,-1,-1,-1,-1,-1,1,1,1,-1,1,1,1,1,1,-1,-1,1,-1,0.0,-168.0,1
21,-1,1,1,-1,1,1,1,-1,1,-1,-1,1,-1,-1,1,1,-1,-1,-1,-1,-1,1,1,-1,-1,-1,1,1,-1,1,-1,1,1,-1,1,1,-1,-1,-1,1,0.0,-166.0,7
22,1,1,-1,1,1,1,1,1,-1,-1,-1,-1,1,1,-1,-1,-1,1,1,1,1,-1,1,1,1,1,1,-1,-1,-1,1,-1,1,-1,-1,-1,1,1,-1,1,0.0,-166.0,1
23,1,1,-1,1,1,1,1,1,-1,-1,-1,-1,-1,1,-1,1,-1,-1,1,1,1,-1,1,1,1,1,1,-1,-1,1,-1,1,-1,-1,-1,-1,-1,1,-1,1,0.0,-166.0,33
24,-1,-1,1,-1,-1,-1,-1,-1,1,1,1,1,1,-1,1,-1,1,1,-1,-1,-1,1,-1,-1,-1,-1,-1,1,1,-1,1,-1,1,1,1,1,1,-1,1,-1,0.0,-166.0,2
25,-1,1,1,-1,1,1,1,-1,1,-1,-1,1,-1,-1,1,1,-1,-1,-1,-1,-1,1,1,-1,-1,-1,1,1,-1,1,-1,1,-1,-1,-1,1,-1,-1,-1,1,0.0,-166.0,3
26,1,-1,-1,1,1,-1,1,1,-1,-1,1,-1,1,1,-1,-1,1,1,1,1,1,-1,1,1,1,1,1,-1,-1,-1,1,-1,1,-1,-1,-1,1,1,-1,1,0.0,-166.0,1
27,-1,1,1,-1,-1,-1,-1,-1,1,1,1,1,-1,-1,1,1,1,-1,-1,-1,-1,1,-1,-1,-1,-1,-1,1,1,1,-1,1,-1,-1,1,1,-1,-1,1,-1,0.0,-166.0,1
28,1,1,-1,1,1,1,1,1,-1,-1,-1,-1,-1,-1,-1,1,-1,-1,1,1,1,-1,1,1,1,1,1,-1,-1,-1,-1,1,-1,-1,-1,-1,-1,1,-1,1,0.0,-166.0,14
29,-1,1,1,-1,1,1,1,-1,1,-1,-1,1,-1,-1,1,1,-1,-1,-1,-1,-1,1,1,-1,-1,1,1,1,-1,1,-1,1,1,-1,-1,1,-1,-1,-1,1,0.0,-166.0,4
30,1,-1,-1,1,1,1,1,1,-1,-1,1,-1,-1,1,-1,-1,-1,1,1,1,1,-1,1,1,1,1,1,-1,-1,-1,1,-1,-1,-1,-1,-1,1,1,-1,1,0.0,-166.0,1
31,-1,1,1,-1,-1,-1,-1,-1,1,1,-1,1,1,-1,1,1,1,-1,-1,-1,-1,1,-1,-1,-1,-1,-1,1,1,1,-1,1,1,1,1,1,-1,-1,1,-1,0.0,-166.0,1
32,-1,1,1,-1,-1,-1,-1,-1,1,1,1,1,1,-1,1,1,1,-1,-1,-1,-1,1,-1,-1,-1,1,-1,1,1,1,-1,1,1,-1,1,1,-1,-1,1,-1,0.0,-164.0,5
33,-1,-1,1,-1,-1,-1,-1,-1,1,1,1,1,1,-1,1,1,1,-1,-1,-1,-1,1,-1,-1,-1,1,-1,1,1,1,-1,1,1,1,1,1,-1,-1,1,-1,0.0,-164.0,1
34,1,1,-1,1,1,1,1,1,-1,-1,-1,-1,-1,-1,-1,1,-1,-1,1,1,1,-1,1,1,1,1,1,-1,-1,-1,-1,-1,-1,-1,-1,-1,-1,1,-1,1,0.0,-164.0,2
35,-1,1,1,-1,1,1,1,-1,1,1,-1,1,-1,-1,1,1,1,-1,-1,-1,-1,1,-1,-1,-1,-1,1,1,-1,1,-1,1,-1,-1,1,1,-1,-1,1,1,0.0,-164.0,5
36,-1,1,1,-1,-1,-1,-1,-1,1,1,1,1,-1,-1,1,1,1,-1,-1,-1,-1,1,-1,-1,-1,-1,1,1,1,1,-1,1,-1,-1,1,1,-1,-1,1,-1,0.0,-164.0,3
37,1,-1,-1,1,-1,-1,-1,1,-1,-1,1,-1,1,1,-1,-1,-1,1,1,1,1,-1,1,1,1,1,-1,-1,1,-1,1,-1,1,1,-1,-1,1,1,-1,-1,0.0,-164.0,3
38,1,1,-1,1,1,1,1,1,-1,-1,-1,-1,1,-1,-1,1,-1,-1,1,1,1,-1,1,1,1,1,1,-1,-1,-1,-1,1,-1,-1,-1,-1,-1,1,-1,1,0.0,-164.0,46
39,1,1,-1,1,1,1,1,1,-1,-1,-1,-1,1,-1,-1,1,1,-1,1,1,1,-1,1,1,1,1,1,-1,-1,-1,-1,1,-1,-1,-1,-1,-1,-1,-1,1,0.0,-164.0,4
40,-1,1,1,-1,-1,1,-1,-1,1,1,-1,1,-1,-1,1,1,-1,-1,-1,-1,1,1,-1,-1,-1,-1,-1,1,1,1,-1,1,-1,1,1,1,-1,-1,1,-1,0.0,-164.0,2
41,1,-1,-1,1,1,-1,1,1,-1,-1,1,-1,1,1,-1,-1,1,1,1,1,-1,-1,1,1,1,1,1,-1,-1,-1,1,-1,1,-1,-1,-1,1,1,-1,1,0.0,-164.0,1
42,1,-1,-1,1,-1,-1,-1,1,-1,1,1,-1,1,1,-1,-1,1,1,1,1,1,-1,-1,1,1,1,-1,-1,1,-1,1,1,-1,1,-1,-1,1,1,1,-1,0.0,-164.0,1
43,1,1,-1,1,1,1,1,1,-1,-1,-1,-1,-1,1,-1,1,-1,-1,1,1,1,-1,1,1,1,1,1,-1,-1,1,1,1,-1,-1,-1,-1,-1,1,-1,1,0.0,-164.0,23
44,-1,-1,1,-1,-1,-1,-1,-1,1,1,1,1,1,-1,1,-1,1,1,-1,-1,-1,1,-1,-1,-1,-1,-1,1,1,-1,-1,-1,1,1,1,1,1,-1,1,-1,0.0,-164.0,4
45,-1,1,1,-1,1,1,1,-1,1,-1,-1,1,-1,-1,1,1,-1,-1,-1,-1,-1,1,1,-1,-1,-1,1,1,-1,1,-1,-1,1,-1,1,1,-1,-1,-1,1,0.0,-164.0,2
46,1,-1,-1,1,1,1,1,1,-1,-1,1,-1,1,1,-1,-1,-1,1,1,1,1,-1,1,1,1,1,1,-1,-1,-1,1,-1,1,1,-1,-1,1,1,-1,1,0.0,-164.0,1
47,-1,1,1,-1,-1,-1,-1,-1,1,1,-1,1,-1,-1,1,1,1,-1,-1,-1,-1,1,-1,-1,-1,-1,-1,1,1,1,-1,1,-1,-1,1,1,-1,-1,1,-1,0.0,-164.0,1
48,-1,1,1,-1,-1,-1,1,-1,1,1,1,1,1,-1,1,1,1,-1,-1,-1,-1,1,-1,-1,-1,-1,-1,1,1,1,-1,1,-1,1,1,1,-1,-1,1,-1,0.0,-164.0,2
49,1,-1,-1,1,1,1,1,1,-1,-1,1,-1,1,1,-1,-1,-1,1,1,1,1,-1,1,1,1,1,1,-1,-1,-1,1,-1,-1,-1,-1,-1,1,1,-1,1,0.0,-164.0,4
50,-1,1,1,-1,-1,-1,1,-1,1,1,-1,1,1,-1,1,1,1,-1,-1,-1,-1,1,-1,-1,-1,-1,-1,1,1,1,1,1,-1,1,1,1,-1,-1,1,-1,0.0,-164.0,1
51,-1,1,1,-1,-1,-1,-1,-1,1,1,-1,1,-1,-1,1,1,1,-1,-1,-1,-1,1,-1,-1,-1,-1,-1,1,1,1,-1,1,1,1,1,1,-1,-1,1,-1,0.0,-164.0,2
52,1,-1,-1,1,1,1,1,1,-1,-1,-1,-1,-1,1,-1,-1,-1,1,1,1,1,-1,1,1,1,1,1,-1,-1,-1,1,-1,-1,-1,-1,-1,1,1,-1,1,0.0,-164.0,1
53,1,1,-1,1,1,1,1,1,-1,-1,-1,-1,-1,1,-1,1,-1,-1,1,1,1,-1,1,1,1,1,1,-1,-1,1,1,1,-1,-1,-1,-1,-1,1,-1,1,0.025,-164.0,1
54,-1,1,1,-1,1,1,1,-1,1,1,-1,1,-1,-1,1,1,1,-1,-1,-1,-1,1,-1,-1,-1,-1,1,-1,-1,1,-1,1,-1,-1,1,1,-1,-1,1,1,0.0,-162.0,6
55,1,-1,-1,1,-1,-1,-1,1,-1,-1,1,-1,1,1,-1,-1,-1,1,1,1,1,-1,1,1,1,1,-1,1,1,-1,1,-1,1,1,-1,-1,1,1,-1,-1,0.0,-162.0,3
56,-1,1,1,-1,-1,-1,1,-1,1,1,1,1,-1,-1,1,1,1,-1,-1,-1,-1,1,-1,-1,-1,-1,1,1,1,1,-1,1,-1,-1,1,1,-1,-1,1,-1,0.0,-162.0,2
57,1,1,-1,1,1,1,1,-1,-1,-1,-1,-1,1,-1,-1,1,1,-1,1,1,1,-1,1,1,-1,1,1,-1,-1,1,-1,1,-1,-1,-1,-1,-1,1,1,1,0.0,-162.0,14
58,1,1,-1,1,1,1,1,1,-1,-1,-1,-1,1,-1,-1,1,1,-1,1,1,1,-1,1,1,1,1,1,-1,-1,1,-1,1,-1,-1,-1,-1,-1,-1,-1,1,0.0,-162.0,4
59,1,-1,-1,1,1,-1,-1,1,-1,-1,1,-1,1,1,-1,-1,-1,1,1,1,1,-1,1,1,1,1,-1,-1,1,-1,1,-1,1,1,-1,-1,1,1,-1,-1,0.0,-162.0,2
60,-1,-1,1,-1,-1,-1,-1,-1,1,1,1,1,-1,-1,1,-1,1,-1,-1,-1,-1,1,-1,-1,-1,-1,-1,1,-1,1,-1,1,1,-1,1,1,-1,-1,1,-1,0.0,-162.0,1
61,1,-1,-1,1,1,-1,1,1,-1,-1,1,-1,1,1,-1,-1,-1,1,1,1,1,-1,1,1,1,1,-1,-1,-1,-1,1,-1,1,-1,-1,-1,1,1,-1,1,0.0,-162.0,1
62,-1,1,1,-1,1,1,1,-1,1,-1,-1,1,-1,-1,1,1,1,-1,1,-1,-1,1,1,-1,-1,-1,1,-1,-1,1,-1,1,-1,-1,-1,1,-1,-1,1,1,0.0,-162.0,6
63,1,1,-1,1,1,1,1,1,-1,-1,-1,-1,1,1,-1,1,-1,-1,1,1,1,-1,1,1,1,1,1,-1,-1,-1,-1,1,-1,-1,-1,-1,-1,1,-1,1,0.0,-162.0,7
64,-1,1,1,-1,-1,1,1,-1,1,1,1,1,-1,-1,1,1,1,-1,-1,-1,-1,1,-1,-1,-1,-1,1,1,-1,1,-1,1,-1,-1,1,1,-1,-1,1,-1,0.0,-162.0,1
65,-1,1,1,-1,-1,-1,-1,-1,1,1,1,1,-1,-1,1,1,1,-1,-1,-1,-1,1,-1,-1,-1,-1,1,1,1,1,-1,1,-1,1,1,1,-1,-1,1,-1,0.0,-162.0,1
66,1,1,-1,1,1,1,1,1,-1,-1,-1,-1,1,1,-1,1,-1,-1,1,1,1,-1,1,1,1,1,1,-1,-1,-1,1,1,-1,-1,-1,-1,1,1,-1,1,0.0,-162.0,7
67,1,1,-1,1,1,1,1,1,-1,-1,-1,-1,1,-1,-1,1,1,-1,1,1,1,-1,1,1,1,1,1,-1,-1,-1,-1,1,-1,-1,-1,-1,-1,1,-1,1,0.0,-162.0,5
68,1,1,-1,1,1,1,1,1,-1,-1,-1,-1,1,-1,-1,1,-1,-1,1,1,1,-1,1,1,1,1,1,-1,-1,-1,-1,1,-1,-1,-1,-1,-1,-1,-1,1,0.0,-162.0,5
69,1,1,-1,1,1,1,1,1,-1,-1,-1,-1,-1,1,-1,-1,-1,-1,1,1,1,-1,1,1,1,-1,1,-1,-1,-1,1,-1,-1,-1,-1,-1,1,1,-1,1,0.0,-162.0,1
70,1,-1,-1,1,-1,-1,-1,1,-1,-1,1,-1,1,1,-1,-1,-1,1,1,1,1,-1,-1,1,1,1,-1,-1,1,-1,1,-1,1,1,-1,-1,1,1,-1,-1,0.0,-162.0,1
71,-1,-1,1,-1,-1,-1,-1,-1,1,1,1,1,1,-1,1,-1,1,1,-1,-1,-1,1,-1,-1,-1,-1,-1,1,1,1,1,1,1,1,1,1,1,-1,1,-1,0.0,-162.0,1
72,1,-1,-1,1,1,1,1,1,-1,-1,1,-1,1,1,-1,-1,-1,1,1,1,1,-1,1,1,1,1,1,-1,-1,-1,1,-1,-1,1,-1,-1,1,1,-1,1,0.0,-162.0,1
73,1,-1,-1,1,1,-1,1,1,-1,-1,1,-1,1,1,-1,-1,-1,1,1,1,-1,-1,1,1,1,1,1,-1,-1,-1,1,-1,1,-1,-1,-1,1,1,-1,1,0.0,-162.0,1
74,-1,1,1,-1,-1,-1,-1,-1,1,1,-1,1,-1,-1,1,1,1,-1,-1,-1,-1,1,-1,-1,-1,-1,-1,1,1,1,-1,1,1,-1,1,1,-1,-1,1,-1,0.0,-162.0,1
75,1,1,-1,1,1,1,1,1,-1,-1,-1,-1,-1,1,-1,1,1,1,1,-1,1,-1,1,-1,1,1,1,-1,-1,1,1,1,-1,-1,-1,-1,-1,-1,-1,1,0.0,-162.0,1
76,1,-1,-1,1,1,-1,1,1,-1,-1,1,-1,1,1,-1,-1,1,1,1,-1,-1,-1,1,1,1,1,1,-1,-1,-1,1,-1,1,-1,-1,-1,1,1,-1,1,0.0,-162.0,1
77,1,-1,-1,1,1,1,1,1,-1,-1,1,-1,1,1,-1,-1,1,1,1,1,1,-1,1,1,1,1,1,-1,-1,-1,1,-1,-1,-1,-1,-1,1,1,-1,1,0.0,-162.0,1
78,1,1,-1,1,1,1,1,1,-1,-1,-1,-1,-1,1,-1,1,-1,-1,1,1,1,-1,1,1,1,1,1,-1,-1,-1,1,-1,-1,-1,-1,-1,1,1,-1,1,0.0,-162.0,1
79,1,1,-1,1,1,1,1,1,-1,-1,-1,-1,-1,1,-1,1,-1,-1,1,1,1,-1,1,1,1,1,1,-1,-1,-1,1,1,-1,-1,-1,-1,-1,1,-1,1,0.0,-162.0,4
80,1,1,-1,1,1,1,1,1,-1,-1,1,-1,1,1,-1,-1,-1,1,1,1,1,-1,1,1,1,1,1,-1,-1,-1,1,-1,-1,-1,-1,-1,1,1,-1,1,0.0,-162.0,1
81,1,1,-1,1,1,1,1,1,-1,-1,-1,-1,-1,1,-1,1,-1,-1,1,1,1,-1,1,1,1,1,1,-1,-1,-1,-1,1,-1,-1,-1,-1,1,1,-1,1,0.0,-162.0,1
82,-1,1,1,-1,-1,-1,-1,-1,1,1,-1,1,-1,-1,1,1,-1,-1,-1,-1,-1,1,-1,-1,-1,-1,-1,1,1,1,-1,1,1,1,1,1,-1,-1,1,-1,0.0,-162.0,1
83,1,1,-1,1,1,1,1,1,-1,-1,-1,-1,-1,-1,-1,1,-1,-1,1,1,1,-1,1,1,1,1,1,-1,-1,-1,-1,1,-1,-1,-1,-1,-1,1,-1,1,0.025,-166.0,1
84,-1,1,1,-1,1,1,1,-1,1,1,-1,1,-1,-1,1,1,1,-1,-1,-1,-1,1,-1,-1,-1,-1,1,1,-1,1,-1,1,-1,-1,1,1,-1,-1,1,1,0.025,-164.0,1
85,-1,-1,-1,-1,-1,-1,-1,1,1,1,1,1,-1,1,1,-1,-1,1,-1,-1,-1,1,-1,-1,1,-1,-1,1,1,-1,1,-1,1,1,1,1,1,-1,-1,-1,0.0,-160.0,1
86,-1,1,1,-1,1,1,1,-1,1,-1,-1,1,-1,-1,1,1,1,-1,-1,-1,-1,1,-1,-1,-1,-1,1,-1,-1,1,-1,1,-1,-1,1,1,-1,-1,1,1,0.0,-160.0,18
87,-1,1,1,1,1,1,1,-1,-1,-1,-1,-1,-1,-1,-1,1,1,-1,1,-1,1,-1,1,-1,-1,1,1,-1,-1,1,-1,1,-1,-1,-1,-1,-1,1,1,1,0.0,-160.0,5
88,1,1,-1,1,1,1,1,-1,-1,-1,-1,-1,1,-1,-1,1,1,-1,1,1,1,-1,1,1,1,1,1,-1,-1,1,-1,1,-1,-1,-1,-1,-1,-1,-1,1,0.0,-160.0,3
89,-1,1,1,-1,-1,-1,1,-1,1,1,1,1,-1,-1,1,1,1,-1,-1,-1,-1,1,-1,-1,-1,-1,1,1,-1,1,-1,1,-1,-1,1,1,-1,-1,1,-1,0.0,-160.0,1
90,-1,1,1,-1,1,1,1,-1,1,-1,-1,1,-1,-1,1,1,1,-1,-1,-1,-1,1,1,-1,-1,-1,1,-1,-1,1,-1,1,-1,-1,-1,1,-1,-1,1,1,0.0,-160.0,3
91,-1,1,1,-1,1,1,1,-1,1,-1,-1,1,-1,-1,1,1,1,-1,-1,-1,-1,1,1,-1,-1,-1,1,1,-1,1,-1,1,1,-1,1,1,-1,-1,-1,1,0.0,-160.0,1
92,-1,1,1,-1,-1,1,1,-1,1,1,-1,1,-1,-1,1,1,1,-1,-1,-1,-1,1,-1,-1,-1,-1,1,1,-1,1,-1,1,-1,-1,1,1,-1,-1,1,-1,0.0,-160.0,1
93,-1,1,1,-1,1,1,1,-1,1,-1,-1,1,-1,-1,1,1,-1,-1,-1,-1,-1,1,1,-1,-1,-1,1,1,-1,1,-1,1,1,-1,1,1,-1,-1,1,1,0.0,-160.0,1
94,1,1,-1,1,1,1,1,-1,-1,-1,-1,-1,1,-1,-1,1,1,-1,1,1,1,-1,1,1,1,1,1,-1,-1,1,-1,1,-1,-1,-1,-1,-1,1,1,1,0.0,-160.0,12
95,1,-1,-1,1,1,-1,1,1,1,-1,-1,-1,-1,1,-1,-1,1,1,1,-1,1,-1,1,-1,1,-1,1,-1,-1,-1,1,-1,1,-1,1,-1,1,-1,-1,-1,0.0,-160.0,1
96,-1,1,1,-1,-1,-1,1,-1,1,1,1,1,1,-1,1,1,1,-1,-1,-1,-1,1,-1,-1,-1,-1,1,1,1,1,-1,1,-1,-1,1,1,-1,-1,1,-1,0.0,-160.0,1
97,-1,1,1,-1,-1,1,1,-1,1,-1,-1,1,-1,-1,1,1,-1,-1,-1,1,1,1,1,-1,-1,-1,1,1,1,1,-1,1,-1,1,1,1,-1,-1,1,1,0.0,-160.0,1
98,1,-1,-1,1,1,-1,1,1,-1,-1,1,-1,1,1,-1,-1,-1,1,1,1,1,-1,1,1,1,1,-1,-1,1,-1,1,-1,1,-1,-1,-1,1,1,-1,1,0.0,-160.0,1
99,1,1,-1,1,1,1,1,-1,-1,-1,-1,-1,1,-1,-1,1,1,-1,1,1,1,-1,1,1,-1,1,1,-1,-1,1,1,1,-1,-1,-1,-1,-1,1,1,1,0.0,-160.0,2
100,1,1,-1,1,1,1,1,1,-1,-1,-1,-1,1,-1,-1,1,1,-1,1,1,1,-1,1,1,1,1,1,-1,-1,-1,1,1,-1,-1,-1,-1,-1,1,-1,1,0.0,-160.0,3
101,1,1,-1,1,1,1,1,1,-1,-1,-1,-1,1,1,-1,1,-1,-1,1,1,1,-1,1,1,1,1,1,-1,-1,-1,1,-1,-1,-1,-1,-1,1,1,-1,1,0.0,-160.0,1
102,1,1,-1,1,1,1,1,1,-1,-1,-1,-1,1,1,-1,1,-1,-1,1,1,1,-1,1,1,1,1,1,-1,-1,-1,1,1,-1,-1,-1,-1,-1,1,-1,1,0.0,-160.0,4
103,-1,1,1,-1,-1,1,1,-1,1,1,1,1,-1,-1,1,1,1,-1,-1,-1,-1,1,-1,-1,-1,-1,1,1,-1,1,-1,1,-1,-1,1,1,-1,-1,1,1,0.0,-160.0,1
104,1,1,-1,1,1,1,1,-1,-1,-1,-1,-1,-1,-1,-1,1,1,-1,1,1,1,-1,1,-1,-1,1,1,-1,-1,1,-1,1,-1,-1,-1,-1,-1,1,-1,1,0.0,-160.0,1
105,1,1,-1,1,1,1,1,1,-1,-1,-1,-1,-1,1,-1,1,-1,-1,1,1,1,-1,1,-1,1,1,1,-1,-1,1,-1,1,-1,-1,-1,-1,-1,1,-1,1,0.0,-160.0,6
106,1,-1,-1,1,1,1,1,1,-1,-1,-1,-1,-1,1,-1,-1,-1,1,1,1,1,-1,1,1,1,1,-1,-1,-1,-1,1,-1,1,-1,-1,-1,1,1,-1,1,0.0,-160.0,1
107,-1,1,1,-1,1,1,1,-1,1,1,-1,1,-1,-1,1,1,1,-1,1,-1,-1,1,-1,-1,-1,-1,1,-1,-1,1,-1,1,-1,-1,1,1,-1,-1,1,1,0.0,-160.0,2
108,1,-1,-1,1,1,-1,-1,1,-1,-1,-1,-1,1,1,-1,-1,-1,1,1,1,1,-1,1,1,1,1,-1,-1,1,-1,1,-1,1,1,-1,-1,1,1,-1,-1,0.0,-160.0,1
109,1,1,-1,1,1,1,1,1,-1,-1,-1,-1,1,1,-1,1,-1,-1,1,1,1,-1,1,1,1,1,1,-1,-1,-1,-1,1,-1,-1,-1,-1,1,1,-1,1,0.0,-160.0,1
110,-1,1,1,-1,1,1,1,-1,1,-1,-1,1,-1,-1,1,1,-1,-1,-1,-1,-1,1,1,-1,-1,1,1,1,-1,1,-1,1,-1,-1,-1,1,-1,-1,-1,1,0.0,-160.0,1
111,-1,1,1,-1,1,1,1,-1,1,-1,-1,1,-1,-1,1,1,1,-1,1,-1,1,1,1,-1,-1,-1,1,-1,-1,1,-1,1,-1,-1,-1,1,-1,-1,1,1,0.0,-160.0,4
112,-1,1,1,-1,-1,-1,-1,-1,1,1,-1,1,1,-1,1,1,1,-1,-1,-1,-1,1,-1,-1,-1,1,-1,1,1,1,-1,1,1,1,1,1,-1,-1,1,-1,0.0,-160.0,1
113,1,1,-1,1,1,1,1,1,-1,-1,-1,-1,1,-1,-1,1,1,-1,1,1,1,-1,1,1,1,1,1,-1,-1,1,1,1,-1,-1,-1,-1,-1,-1,-1,1,0.0,-160.0,2
114,1,-1,-1,1,1,-1,1,1,-1,-1,1,-1,1,1,-1,-1,-1,1,1,1,-1,-1,1,1,1,1,-1,-1,-1,-1,1,-1,1,-1,-1,-1,1,1,-1,1,0.0,-160.0,2
115,1,-1,-1,1,1,-1,1,1,-1,-1,1,-1,1,1,-1,-1,1,1,1,-1,-1,-1,1,1,1,1,1,-1,-1,-1,1,-1,1,-1,-1,-1,1,1,-1,-1,0.0,-160.0,1
116,-1,1,1,-1,-1,1,1,-1,1,-1,-1,1,-1,-1,1,1,-1,-1,-1,-1,1,1,1,-1,-1,-1,1,-1,1,1,-1,1,-1,1,1,1,-1,-1,1,1,0.0,-160.0,1
117,-1,1,1,-1,1,1,1,-1,1,-1,-1,1,-1,-1,1,1,1,-1,-1,-1,-1,1,1,-1,-1,-1,1,1,-1,1,-1,1,-1,-1,1,1,-1,-1,1,1,0.0,-160.0,1
118,-1,1,1,-1,-1,-1,-1,-1,1,1,1,1,1,-1,1,-1,1,1,-1,-1,-1,1,-1,-1,-1,-1,-1,1,1,-1,1,-1,1,1,1,1,1,-1,1,-1,0.0,-160.0,4
119,1,1,-1,1,1,1,1,1,-1,-1,-1,-1,-1,1,-1,1,-1,-1,1,1,1,-1,1,1,1,1,1,-1,-1,-1,1,-1,-1,-1,-1,-1,-1,1,-1,1,0.0,-160.0,2
120,1,1,-1,1,1,1,1,-1,-1,-1,-1,-1,1,-1,-1,1,1,-1,1,1,1,-1,1,1,1,1,1,-1,-1,-1,-1,1,-1,-1,-1,-1,-1,1,-1,1,0.0,-160.0,4
121,1,-1,-1,1,1,-1,-1,1,-1,-1,1,-1,1,1,-1,-1,-1,1,-1,1,1,-1,1,1,1,1,-1,-1,1,-1,1,-1,1,1,-1,-1,1,1,-1,-1,0.0,-160.0,2
122,1,-1,-1,1,1,1,1,1,-1,-1,-1,-1,-1,1,-1,1,-1,-1,1,1,1,-1,1,1,1,1,1,-1,-1,1,-1,1,-1,-1,-1,-1,-1,1,-1,1,0.0,-160.0,6
123,1,1,-1,1,1,1,1,1,-1,-1,-1,-1,-1,1,-1,1,-1,-1,1,1,1,-1,1,1,1,1,1,-1,-1,1,-1,1,-1,-1,-1,-1,-1,-1,-1,1,0.0,-160.0,1
124,-1,1,1,-1,1,1,1,-1,1,-1,-1,1,-1,1,1,1,-1,-1,-1,-1,1,1,1,-1,-1,-1,1,-1,1,1,-1,1,-1,1,1,1,-1,-1,1,1,0.0,-160.0,1
125,1,1,-1,1,1,1,1,1,-1,-1,-1,-1,-1,-1,-1,1,-1,-1,1,1,1,-1,1,1,1,1,1,-1,-1,-1,-1,1,-1,-1,-1,-1,-1,-1,-1,1,0.0,-160.0,1
126,1,-1,-1,1,1,1,1,1,-1,-1,-1,-1,-1,1,-1,-1,-1,1,1,1,1,-1,1,1,1,1,1,-1,-1,-1,1,-1,1,-1,-1,-1,-1,1,-1,1,0.0,-160.0,1
127,-1,1,1,-1,1,1,1,-1,1,-1,-1,1,-1,-1,1,1,-1,-1,-1,-1,-1,1,1,-1,-1,1,1,1,-1,1,-1,1,1,-1,-1,1,-1,1,-1,1,0.0,-160.0,1
128,-1,1,1,-1,1,1,1,-1,1,-1,-1,1,-1,-1,1,1,-1,-1,-1,1,-1,1,1,-1,-1,1,1,1,-1,1,-1,1,1,-1,-1,1,-1,-1,-1,1,0.0,-160.0,1
129,1,1,-1,1,1,1,1,1,-1,-1,-1,-1,-1,-1,-1,1,-1,-1,1,1,1,-1,1,1,1,1,1,-1,-1,1,-1,1,-1,-1,-1,-1,-1,1,-1,1,0.0,-160.0,4
130,1,1,-1,1,1,1,1,1,-1,-1,-1,-1,-1,1,-1,1,-1,-1,1,1,1,-1,1,1,1,1,1,-1,-1,1,-1,1,-1,-1,-1,-1,-1,1,-1,1,0.025,-166.0,2
131,1,1,-1,1,1,1,1,1,-1,-1,-1,-1,-1,1,-1,1,-1,-1,1,1,1,-1,1,1,1,1,1,-1,-1,-1,-1,1,-1,-1,-1,-1,-1,1,-1,1,0.025,-168.0,1
132,-1,1,1,-1,1,1,1,-1,1,1,-1,1,-1,-1,1,1,1,-1,-1,-1,-1,1,-1,-1,-1,-1,1,1,-1,1,-1,1,-1,-1,1,1,-1,-1,1,-1,0.025,-158.0,2
133,-1,1,1,-1,1,1,1,-1,1,-1,-1,1,-1,1,1,1,-1,-1,-1,-1,1,1,-1,-1,-1,-1,1,-1,1,1,-1,1,-1,1,1,1,-1,-1,1,1,0.025,-158.0,1
134,1,1,-1,1,1,1,1,1,-1,-1,-1,-1,1,-1,-1,1,1,-1,1,1,1,-1,1,1,1,1,1,-1,-1,-1,1,1,-1,-1,-1,-1,-1,-1,-1,1,0.0,-158.0,1
135,-1,1,1,-1,1,1,1,-1,1,-1,-1,1,-1,-1,1,1,1,-1,-1,-1,-1,1,1,-1,-1,-1,1,-1,-1,1,-1,1,-1,-1,1,1,-1,-1,1,1,0.0,-158.0,2
136,-1,1,1,-1,-1,-1,1,-1,1,1,1,1,-1,-1,1,-1,1,-1,-1,-1,-1,1,-1,-1,-1,-1,1,1,-1,1,1,1,-1,-1,1,-1,-1,-1,1,-1,0.0,-158.0,2
137,-1,1,1,-1,-1,1,1,-1,1,1,1,1,-1,-1,1,-1,1,-1,-1,-1,-1,1,-1,-1,-1,-1,1,1,-1,1,-1,1,-1,-1,1,-1,-1,-1,1,-1,0.0,-158.0,1
138,1,1,1,1,1,1,1,-1,-1,-1,-1,-1,1,-1,-1,1,1,-1,1,1,1,-1,1,-1,-1,1,1,-1,-1,1,-1,1,-1,-1,-1,-1,-1,1,1,1,0.0,-158.0,4
139,-1,1,1,-1,1,1,1,-1,1,-1,-1,1,-1,-1,-1,1,1,-1,1,-1,1,1,1,-1,-1,-1,1,-1,-1,1,-1,1,-1,-1,1,-1,-1,-1,1,1,0.0,-158.0,15
140,1,1,-1,1,1,1,1,-1,-1,-1,-1,-1,-1,-1,-1,1,1,-1,1,1,1,-1,1,-1,-1,1,1,-1,-1,1,-1,1,-1,-1,-1,-1,-1,1,1,1,0.0,-158.0,1
141,-1,1,1,-1,1,1,1,-1,1,-1,-1,1,-1,-1,1,1,1,-1,-1,-1,-1,1,-1,-1,-1,-1,1,-1,-1,1,-1,1,-1,-1,-1,1,-1,-1,1,1,0.0,-158.0,6
142,1,-1,-1,1,1,-1,1,1,-1,-1,1,-1,1,1,-1,-1,-1,1,1,1,1,-1,1,1,1,-1,1,-1,-1,-1,1,-1,1,-1,-1,-1,1,1,-1,1,0.0,-158.0,1
143,1,-1,-1,1,1,-1,1,1,-1,-1,1,-1,1,1,-1,-1,1,1,1,-1,-1,-1,-1,1,1,-1,1,-1,-1,-1,1,-1,1,-1,-1,-1,1,-1,-1,-1,0.0,-158.0,1
144,1,1,-1,1,1,1,1,1,-1,-1,-1,-1,1,1,-1,1,-1,-1,1,1,1,-1,1,1,1,1,1,-1,-1,1,1,1,-1,-1,-1,-1,-1,1,-1,1,0.0,-158.0,4
145,1,1,-1,1,1,1,1,-1,-1,-1,-1,-1,-1,-1,-1,1,1,-1,1,1,1,-1,1,-1,-1,1,1,-1,-1,1,-1,1,-1,-1,-1,-1,-1,-1,-1,1,0.0,-158.0,1
146,1,-1,-1,1,1,1,1,1,-1,-1,-1,-1,1,1,-1,-1,-1,1,1,1,1,-1,1,1,1,-1,1,-1,-1,-1,1,-1,-1,1,-1,-1,1,1,-1,1,0.0,-158.0,1
147,-1,1,1,-1,-1,-1,-1,-1,1,1,-1,1,-1,-1,1,1,1,-1,-1,-1,-1,1,-1,-1,-1,-1,-1,1,-1,1,-1,1,1,1,1,1,-1,-1,1,-1,0.0,-158.0,1
148,-1,1,1,-1,-1,-1,-1,-1,1,1,-1,1,-1,-1,1,-1,1,-1,-1,-1,-1,1,-1,-1,-1,-1,-1,1,-1,1,-1,1,1,-1,1,1,-1,-1,1,-1,0.0,-158.0,1
149,1,-1,-1,1,1,-1,1,1,1,-1,1,-1,1,1,-1,-1,1,1,1,-1,1,-1,-1,-1,1,-1,1,-1,-1,-1,1,-1,1,-1,1,-1,1,-1,-1,-1,0.0,-158.0,4
150,-1,1,1,-1,-1,-1,-1,-1,1,1,1,1,1,-1,1,1,1,-1,-1,-1,-1,1,-1,-1,-1,1,-1,1,1,1,-1,1,1,-1,1,1,1,-1,1,-1,0.0,-158.0,1
151,1,-1,-1,1,1,1,1,1,-1,-1,1,-1,1,1,-1,-1,-1,1,1,1,1,-1,1,1,1,1,1,-1,1,-1,1,-1,-1,-1,-1,-1,1,1,-1,1,0.0,-158.0,1
152,1,1,-1,1,1,1,1,1,-1,-1,1,-1,1,1,-1,1,-1,1,1,1,1,-1,1,1,1,1,1,-1,1,-1,1,-1,-1,-1,-1,-1,1,1,-1,1,0.0,-158.0,1
153,1,-1,-1,1,1,1,1,1,-1,-1,1,-1,1,1,-1,1,-1,1,1,1,1,-1,1,1,1,1,1,-1,-1,-1,-1,-1,1,-1,-1,-1,1,1,-1,1,0.0,-158.0,1
154,1,1,-1,1,1,1,1,1,-1,-1,-1,-1,-1,1,-1,1,1,-1,1,1,1,-1,1,-1,1,1,1,-1,-1,1,-1,1,-1,-1,-1,-1,-1,1,-1,1,0.0,-158.0,1
155,1,1,-1,1,1,1,1,-1,-1,-1,-1,-1,1,-1,-1,1,1,-1,1,1,1,-1,1,1,1,1,1,-1,-1,-1,-1,1,-1,-1,-1,-1,-1,-1,-1,1,0.0,-158.0,1
156,1,-1,-1,1,1,-1,1,1,-1,-1,1,-1,1,1,-1,-1,-1,1,1,1,1,-1,1,1,1,1,1,1,-1,-1,1,-1,1,-1,-1,-1,1,1,-1,1,0.0,-158.0,1
157,1,-1,-1,1,1,1,1,1,-1,-1,1,-1,-1,1,-1,-1,-1,1,1,1,1,-1,1,1,1,-1,1,-1,-1,-1,1,-1,-1,1,-1,-1,1,1,-1,1,0.0,-158.0,1
158,1,1,-1,1,1,1,1,-1,-1,-1,-1,-1,1,-1,-1,1,1,-1,1,1,1,-1,1,1,1,1,1,-1,-1,-1,-1,1,-1,-1,-1,-1,-1,1,1,1,0.0,-158.0,2
159,1,-1,-1,1,1,-1,1,1,-1,-1,1,-1,1,1,-1,-1,1,1,1,-1,-1,-1,-1,1,1,1,1,-1,-1,-1,1,-1,1,-1,-1,-1,1,1,-1,-1,0.0,-158.0,1
160,-1,1,1,-1,-1,-1,1,-1,1,1,1,1,-1,-1,1,-1,1,-1,-1,-1,-1,1,-1,-1,-1,-1,1,1,-1,1,-1,1,-1,-1,1,1,-1,-1,1,-1,0.0,-158.0,5
161,1,1,-1,1,1,1,1,1,-1,-1,-1,-1,1,-1,-1,1,-1,-1,1,1,1,-1,1,1,1,1,1,-1,-1,-1,-1,-1,-1,-1,-1,-1,-1,1,-1,1,0.0,-158.0,1
162,-1,1,1,1,1,1,1,-1,-1,-1,-1,-1,-1,-1,-1,1,1,-1,1,-1,1,-1,1,-1,-1,1,1,-1,-1,1,-1,1,-1,-1,-1,-1,-1,-1,1,1,0.0,-158.0,1
163,1,1,-1,1,1,1,1,1,-1,-1,-1,-1,-1,1,-1,1,-1,-1,1,1,1,-1,1,1,1,1,1,-1,-1,1,1,-1,-1,-1,-1,-1,-1,1,-1,1,0.0,-158.0,2
164,-1,1,1,-1,1,1,1,-1,1,-1,-1,1,-1,-1,1,1,-1,-1,1,-1,1,1,1,-1,-1,-1,1,-1,-1,1,-1,1,-1,-1,-1,1,-1,-1,1,1,0.0,-158.0,5
165,1,1,-1,1,1,1,1,-1,-1,-1,-1,-1,1,-1,-1,1,1,-1,1,1,1,-1,1,-1,1,1,1,-1,-1,1,-1,1,-1,-1,-1,-1,-1,-1,-1,1,0.0,-158.0,1
166,-1,1,1,-1,-1,1,-1,-1,1,1,1,1,-1,-1,1,1,1,-1,-1,-1,-1,1,-1,-1,-1,-1,1,1,-1,1,-1,1,-1,-1,1,-1,-1,-1,1,-1,0.0,-158.0,1
167,-1,1,1,-1,1,1,1,-1,1,1,1,1,-1,-1,1,1,1,-1,-1,-1,-1,1,-1,-1,-1,-1,1,1,-1,1,-1,1,-1,-1,1,1,-1,-1,1,1,0.0,-158.0,1
168,-1,-1,1,-1,-1,-1,1,-1,1,1,1,1,1,-1,1,-1,1,-1,-1,-1,-1,1,-1,-1,-1,-1,-1,1,-1,1,-1,1,1,-1,1,1,-1,-1,1,-1,0.0,-158.0,2
169,-1,1,1,-1,1,1,1,-1,1,-1,-1,1,-1,-1,1,1,-1,-1,-1,-1,-1,1,1,-1,-1,-1,1,-1,-1,1,-1,1,1,-1,-1,1,-1,-1,-1,1,0.0,-158.0,2
170,1,1,-1,1,1,1,1,1,-1,-1,-1,-1,-1,1,-1,1,1,1,1,-1,1,-1,1,-1,-1,1,1,-1,-1,1,1,1,-1,-1,1,-1,-1,-1,-1,1,0.0,-158.0,1
171,1,-1,-1,1,1,1,1,-1,-1,-1,-1,-1,1,-1,-1,1,1,-1,1,1,1,-1,1,1,1,1,1,-1,-1,1,-1,1,-1,-1,-1,-1,-1,1,1,1,0.0,-158.0,14
172,1,1,-1,1,1,1,1,1,-1,-1,-1,-1,1,1,-1,1,-1,-1,1,1,1,-1,1,1,1,1,1,-1,-1,-1,1,-1,-1,1,-1,-1,1,1,-1,1,0.0,-158.0,1
173,-1,1,1,-1,-1,1,-1,-1,1,1,-1,1,-1,-1,1,1,1,-1,-1,-1,-1,1,-1,-1,-1,-1,1,1,-1,1,-1,1,-1,-1,1,1,-1,-1,1,-1,0.0,-158.0,1
174,-1,1,1,-1,1,1,1,-1,1,-1,-1,1,-1,-1,1,1,1,-1,-1,-1,-1,1,1,-1,-1,1,1,1,-1,1,-1,1,1,-1,1,1,-1,-1,-1,1,0.0,-158.0,1
175,1,1,-1,1,1,1,1,1,-1,-1,-1,-1,1,-1,-1,1,1,-1,1,1,1,-1,1,1,1,1,1,-1,-1,1,1,1,-1,-1,-1,-1,-1,1,-1,1,0.0,-158.0,1
176,-1,1,1,-1,-1,-1,-1,-1,1,1,1,1,-1,-1,1,-1,1,-1,-1,-1,-1,1,-1,-1,-1,-1,-1,1,1,1,-1,1,1,-1,1,1,-1,-1,1,-1,0.0,-158.0,1
177,-1,-1,1,-1,-1,-1,-1,-1,1,1,1,1,-1,-1,1,-1,1,-1,-1,-1,-1,1,-1,-1,-1,-1,-1,1,1,1,-1,1,1,1,1,1,-1,-1,1,-1,0.0,-158.0,1
178,-1,1,1,-1,-1,-1,1,-1,1,1,1,1,-1,-1,1,-1,1,-1,-1,-1,-1,1,-1,-1,-1,-1,-1,1,1,1,-1,1,-1,-1,1,1,-1,-1,1,-1,0.0,-158.0,1
179,-1,1,1,-1,1,1,1,-1,1,-1,-1,1,-1,-1,1,1,-1,-1,-1,-1,-1,1,1,-1,-1,-1,1,1,-1,1,-1,1,1,-1,-1,1,-1,1,-1,1,0.0,-158.0,2
180,1,1,-1,1,1,1,1,1,-1,-1,-1,-1,1,-1,-1,1,-1,-1,1,1,1,-1,1,1,1,1,1,-1,-1,-1,1,-1,-1,-1,-1,-1,1,1,-1,1,0.0,-158.0,1
181,1,-1,-1,1,1,-1,-1,1,-1,-1,1,-1,1,1,-1,-1,-1,1,-1,1,1,-1,1,1,1,1,-1,1,1,-1,1,-1,1,1,-1,-1,1,1,-1,-1,0.0,-158.0,2
182,-1,1,1,-1,1,1,1,-1,1,-1,-1,1,-1,-1,1,1,1,-1,1,-1,1,1,1,-1,-1,-1,1,-1,-1,1,-1,1,-1,-1,1,1,-1,-1,1,1,0.0,-158.0,1
183,-1,1,1,-1,-1,1,1,-1,1,-1,-1,1,-1,-1,1,1,-1,-1,-1,1,1,1,1,-1,-1,-1,1,-1,1,1,-1,1,-1,1,1,1,-1,-1,1,1,0.0,-158.0,2
184,1,1,-1,1,1,1,1,-1,-1,-1,-1,-1,1,-1,-1,1,1,-1,1,1,1,-1,1,1,1,1,1,-1,-1,1,-1,1,-1,-1,-1,-1,-1,-1,1,1,0.0,-158.0,5
185,-1,1,1,-1,-1,-1,-1,-1,1,1,1,1,1,-1,1,1,1,-1,-1,-1,-1,1,-1,-1,-1,-1,1,1,1,1,-1,1,-1,-1,1,1,-1,-1,1,-1,0.0,-158.0,1
186,-1,-1,1,-1,-1,-1,-1,-1,1,1,1,1,1,-1,1,-1,-1,-1,-1,1,-1,1,1,1,1,-1,-1,1,1,-1,-1,-1,1,1,1,1,1,1,1,-1,0.0,-158.0,1
187,1,1,-1,1,1,1,1,1,-1,-1,-1,-1,-1,1,-1,1,1,1,1,-1,1,-1,-1,-1,-1,-1,1,-1,-1,1,1,1,-1,-1,1,-1,-1,-1,-1,1,0.0,-158.0,2
188,1,1,-1,1,1,1,1,1,-1,-1,-1,-1,-1,1,-1,1,-1,-1,1,1,1,-1,1,-1,1,1,1,-1,-1,-1,-1,1,-1,-1,-1,-1,-1,1,-1,1,0.0,-158.0,2
189,1,1,-1,1,1,1,1,-1,-1,-1,-1,-1,1,-1,-1,1,1,-1,1,1,1,-1,1,1,1,1,1,-1,-1,1,-1,1,-1,-1,-1,-1,-1,1,-1,1,0.0,-158.0,7
190,-1,1,1,-1,1,1,1,-1,1,-1,-1,1,-1,-1,1,-1,-1,-1,-1,-1,-1,1,1,-1,-1,-1,1,1,-1,1,-1,1,1,-1,-1,1,-1,-1,-1,1,0.0,-158.0,1
191,1,-1,-1,1,1,1,1,1,-1,-1,-1,-1,-1,1,-1,1,-1,-1,1,1,1,-1,1,1,1,1,1,-1,-1,-1,-1,1,-1,-1,-1,-1,-1,1,-1,1,0.0,-158.0,1
192,-1,1,1,-1,-1,1,1,-1,1,-1,-1,1,-1,-1,1,1,-1,-1,-1,-1,1,1,-1,-1,-1,-1,1,-1,1,1,-1,1,-1,1,1,1,-1,-1,1,1,0.0,-158.0,1
193,1,1,-1,1,1,1,1,1,-1,-1,-1,-1,-1,1,-1,1,1,1,1,-1,1,-1,-1,-1,1,-1,1,-1,-1,1,1,-1,-1,-1,1,-1,-1,-1,-1,1,0.0,-158.0,1
194,1,-1,-1,1,1,-1,-1,1,-1,1,1,-1,1,1,-1,-1,1,1,1,1,-1,-1,1,1,1,1,-1,1,-1,-1,1,-1,1,-1,-1,-1,1,1,-1,-1,0.0,-158.0,1
195,1,-1,-1,1,1,1,1,1,-1,-1,1,-1,1,1,-1,-1,-1,1,1,1,1,-1,1,1,1,1,1,-1,-1,-1,-1,-1,-1,-1,-1,-1,1,1,-1,1,0.0,-158.0,1
196,-1,1,1,-1,1,1,1,-1,1,-1,-1,1,-1,-1,1,1,-1,-1,-1,1,-1,1,1,-1,-1,-1,1,1,-1,1,-1,1,1,-1,-1,1,-1,-1,-1,1,0.0,-158.0,1
197,1,-1,-1,1,1,1,1,1,-1,-1,1,-1,-1,1,-1,-1,-1,1,1,1,1,-1,1,1,1,1,1,-1,-1,-1,-1,-1,-1,-1,-1,-1,-1,1,-1,1,0.0,-158.0,2
198,-1,1,1,-1,-1,1,-1,-1,1,1,-1,1,-1,-1,1,1,1,-1,-1,-1,1,1,-1,-1,-1,-1,1,-1,1,1,-1,1,-1,1,1,1,-1,-1,1,-1,0.0,-158.0,1
199,-1,1,1,-1,-1,-1,-1,-1,1,1,1,1,-1,-1,1,-1,-1,1,-1,-1,-1,1,-1,-1,-1,-1,-1,1,1,-1,-1,-1,1,1,1,1,1,-1,1,-1,0.0,-158.0,3
200,1,-1,-1,1,-1,-1,-1,1,-1,1,1,-1,1,1,-1,-1,1,1,1,1,-1,-1,-1,1,1,1,-1,1,-1,-1,1,-1,1,-1,-1,-1,1,1,-1,-1,0.0,-158.0,1
201,1,-1,-1,1,1,-1,1,1,-1,-1,1,-1,1,1,-1,-1,-1,1,1,1,1,-1,1,1,1,1,1,-1,-1,-1,1,-1,-1,-1,-1,-1,1,1,-1,1,0.0,-158.0,1
202,1,1,-1,1,1,1,1,-1,-1,-1,-1,-1,1,-1,-1,1,-1,-1,1,1,1,-1,1,1,1,1,1,-1,-1,-1,-1,1,-1,-1,-1,-1,-1,1,-1,1,0.0,-158.0,4
203,-1,1,1,-1,1,1,1,-1,1,-1,-1,1,-1,-1,1,1,-1,-1,-1,-1,1,1,1,-1,-1,-1,1,-1,1,1,-1,1,-1,1,1,1,-1,-1,1,1,0.0,-158.0,1
204,-1,-1,1,-1,-1,-1,-1,-1,1,1,-1,1,1,-1,1,1,1,-1,-1,-1,-1,1,-1,-1,-1,-1,-1,1,1,1,-1,1,1,1,1,1,-1,1,1,-1,0.0,-158.0,1
205,1,-1,-1,1,1,-1,1,1,-1,-1,1,-1,1,1,-1,-1,-1,1,1,1,1,-1,1,1,1,1,1,-1,-1,-1,1,-1,1,-1,-1,-1,1,1,-1,1,0.025,-168.0,1
206,1,1,-1,1,1,1,1,1,-1,-1,-1,-1,-1,1,-1,1,-1,-1,1,1,1,-1,1,1,1,1,1,-1,-1,1,-1,1,-1,-1,-1,-1,-1,1,-1,1,0.025,-166.0,1
207,1,1,-1,1,1,1,1,1,-1,-1,-1,-1,1,1,-1,1,-1,-1,1,1,1,-1,1,1,1,1,1,-1,-1,1,1,1,-1,-1,-1,-1,-1,1,-1,1,0.025,-158.0,1
208,-1,1,1,-1,-1,-1,1,-1,1,1,1,1,-1,-1,1,-1,1,-1,-1,-1,-1,1,-1,-1,-1,-1,-1,1,-1,1,1,1,-1,-1,1,-1,-1,-1,1,-1,0.0,-156.0,1
209,-1,1,1,-1,-1,-1,1,-1,1,1,1,1,-1,-1,1,-1,1,-1,-1,-1,-1,1,-1,-1,-1,-1,1,1,-1,1,-1,1,-1,-1,1,-1,-1,-1,1,-1,0.0,-156.0,1
210,-1,1,1,-1,1,1,1,-1,1,-1,-1,-1,-1,-1,-1,1,1,-1,1,-1,1,1,1,-1,-1,-1,1,-1,-1,1,-1,1,-1,-1,1,-1,-1,-1,1,1,0.0,-156.0,10
211,-1,1,1,-1,1,1,1,-1,1,-1,-1,1,-1,-1,1,1,1,-1,-1,-1,1,1,1,-1,-1,-1,1,-1,-1,1,-1,1,-1,-1,1,1,-1,-1,1,1,0.0,-156.0,1
212,-1,1,1,-1,-1,-1,-1,-1,1,1,-1,1,-1,-1,1,-1,1,-1,-1,-1,-1,1,-1,-1,-1,-1,-1,1,-1,1,1,1,1,-1,1,1,-1,-1,1,-1,0.0,-156.0,1
213,1,1,-1,1,1,1,-1,1,-1,-1,-1,-1,1,-1,-1,1,1,-1,1,1,1,-1,1,1,1,1,1,-1,-1,1,-1,1,-1,-1,-1,-1,-1,-1,-1,1,0.0,-156.0,2
214,1,1,-1,1,1,1,1,-1,-1,-1,-1,-1,1,-1,-1,1,1,-1,1,1,1,-1,1,-1,-1,1,1,-1,-1,1,-1,1,-1,-1,-1,-1,-1,-1,-1,1,0.0,-156.0,1
215,-1,1,1,-1,1,1,1,-1,1,-1,-1,1,-1,-1,-1,1,1,-1,1,-1,1,1,1,-1,-1,-1,1,-1,-1,1,-1,1,-1,-1,1,1,-1,-1,1,1,0.0,-156.0,1
216,-1,1,1,1,1,1,1,-1,-1,-1,-1,-1,1,-1,-1,1,1,-1,1,1,1,-1,1,-1,-1,1,1,-1,-1,1,-1,1,-1,-1,-1,-1,-1,1,1,1,0.0,-156.0,5
217,1,-1,-1,1,1,1,1,1,-1,-1,-1,-1,1,-1,-1,1,1,-1,1,1,1,-1,1,1,1,1,1,-1,-1,1,-1,1,-1,-1,-1,-1,-1,1,1,1,0.0,-156.0,1
218,-1,1,1,-1,-1,-1,1,-1,1,1,1,1,-1,-1,1,-1,1,-1,-1,-1,-1,1,-1,-1,-1,-1,1,1,1,1,-1,1,-1,-1,1,1,-1,-1,1,-1,0.0,-156.0,1
219,1,-1,-1,1,1,-1,1,1,-1,-1,1,-1,1,1,-1,-1,-1,1,1,1,1,-1,1,1,1,1,1,-1,1,-1,1,-1,-1,-1,-1,-1,1,1,-1,1,0.0,-156.0,1
220,1,-1,-1,1,1,-1,1,1,1,-1,1,-1,1,1,-1,-1,1,1,1,-1,-1,-1,-1,-1,1,-1,1,-1,-1,-1,1,-1,1,-1,1,-1,1,-1,-1,-1,0.0,-156.0,1
221,-1,1,1,-1,1,1,1,-1,1,-1,-1,1,-1,-1,1,1,-1,-1,-1,-1,1,1,1,-1,-1,-1,1,-1,-1,1,-1,1,-1,-1,-1,1,-1,-1,1,1,0.0,-156.0,3
222,-1,1,1,-1,-1,-1,1,-1,1,1,1,1,-1,-1,1,-1,1,-1,-1,-1,-1,1,-1,-1,-1,-1,1,1,-1,1,1,1,-1,-1,1,1,-1,-1,1,-1,0.0,-156.0,1
223,1,-1,-1,1,1,1,-1,1,-1,-1,-1,-1,1,-1,-1,1,1,-1,1,1,1,-1,1,1,1,1,1,-1,-1,1,-1,1,-1,-1,-1,-1,-1,-1,1,1,0.0,-156.0,1
224,1,-1,-1,1,1,1,1,1,-1,-1,-1,-1,1,1,-1,1,-1,1,1,1,1,-1,1,1,1,1,1,-1,1,-1,1,-1,-1,1,-1,-1,1,1,-1,1,0.0,-156.0,1
225,1,1,-1,1,1,1,1,-1,-1,-1,-1,-1,1,-1,-1,1,1,-1,1,1,1,-1,1,1,1,1,1,-1,-1,1,1,1,-1,-1,-1,-1,-1,1,-1,1,0.0,-156.0,3
226,1,-1,-1,1,1,-1,1,1,-1,-1,1,-1,1,1,-1,-1,1,1,1,1,-1,-1,1,1,1,1,-1,-1,-1,-1,1,-1,1,-1,-1,-1,1,1,-1,-1,0.0,-156.0,1
227,1,-1,-1,1,1,1,1,1,-1,-1,-1,-1,1,1,-1,1,-1,-1,1,1,1,-1,1,1,1,1,1,-1,-1,-1,-1,1,-1,-1,-1,-1,-1,1,-1,1,0.0,-156.0,3
228,1,-1,-1,1,-1,-1,-1,1,-1,1,1,-1,1,1,-1,-1,1,1,1,-1,1,-1,-1,1,1,-1,1,-1,1,-1,1,-1,-1,1,1,-1,1,-1,1,-1,0.0,-156.0,2
229,-1,1,1,-1,-1,-1,-1,-1,1,1,1,1,-1,-1,1,-1,1,-1,-1,-1,-1,1,-1,-1,-1,-1,-1,1,-1,1,-1,1,1,-1,1,1,-1,-1,1,-1,0.0,-156.0,1
230,-1,1,1,1,1,1,1,-1,-1,-1,-1,-1,1,-1,-1,1,1,-1,1,-1,1,-1,1,-1,-1,1,1,-1,-1,1,-1,1,-1,-1,-1,-1,-1,-1,1,1,0.0,-156.0,2
231,-1,-1,1,-1,-1,-1,-1,-1,1,1,1,1,1,-1,1,1,1,1,-1,-1,-1,1,-1,-1,-1,1,-1,1,1,1,-1,1,1,1,-1,1,-1,-1,1,-1,0.0,-156.0,1
232,1,-1,-1,1,1,-1,1,1,-1,-1,1,-1,1,1,-1,-1,-1,1,1,1,1,-1,1,1,1,1,-1,1,-1,-1,1,-1,1,-1,-1,-1,1,1,-1,1,0.0,-156.0,1
233,-1,1,1,-1,1,1,1,-1,1,-1,-1,1,-1,-1,1,1,1,-1,-1,-1,-1,1,-1,-1,-1,-1,1,1,-1,1,-1,1,-1,-1,1,-1,-1,-1,1,1,0.0,-156.0,1
234,1,-1,-1,1,1,-1,1,1,1,-1,1,-1,1,1,-1,-1,1,1,1,-1,1,-1,-1,-1,1,-1,1,-1,1,-1,1,-1,1,-1,1,-1,1,-1,-1,-1,0.0,-156.0,1
235,-1,1,1,-1,1,1,1,-1,1,-1,-1,1,-1,-1,1,1,-1,-1,-1,-1,-1,1,1,-1,1,-1,1,-1,-1,1,-1,1,1,-1,-1,1,-1,-1,-1,1,0.0,-156.0,2
236,-1,1,1,-1,1,1,1,-1,1,-1,-1,1,-1,-1,1,1,-1,-1,1,-1,-1,1,1,-1,-1,-1,1,-1,-1,1,-1,1,-1,-1,-1,1,-1,-1,1,1,0.0,-156.0,1
237,1,1,-1,1,1,1,1,1,-1,-1,-1,-1,1,1,-1,1,-1,-1,1,1,1,-1,1,1,1,1,1,-1,-1,-1,1,-1,-1,1,-1,-1,-1,1,-1,1,0.0,-156.0,1
238,-1,-1,1,-1,-1,-1,1,-1,1,1,1,1,1,-1,1,-1,1,-1,-1,-1,-1,1,-1,-1,-1,-1,-1,1,1,1,-1,1,-1,1,1,1,-1,-1,1,-1,0.0,-156.0,1
239,1,1,-1,1,1,1,1,-1,-1,-1,-1,-1,-1,1,-1,1,1,-1,1,1,1,-1,1,-1,1,1,1,-1,-1,1,-1,1,-1,-1,-1,-1,-1,1,-1,1,0.0,-156.0,1
240,1,1,-1,1,1,1,1,-1,-1,-1,-1,-1,-1,1,-1,1,1,-1,1,-1,1,-1,1,-1,1,1,1,-1,-1,1,-1,1,-1,-1,-1,-1,-1,-1,-1,1,0.0,-156.0,1
241,-1,1,1,-1,1,1,1,-1,1,-1,-1,1,-1,-1,1,1,-1,-1,-1,-1,-1,1,1,-1,1,-1,1,1,-1,1,-1,1,1,-1,1,1,-1,-1,-1,1,0.0,-156.0,1
242,1,1,-1,1,1,1,1,1,-1,-1,-1,-1,-1,1,-1,1,1,-1,1,-1,1,-1,1,-1,1,-1,1,-1,-1,1,1,1,-1,-1,1,-1,-1,-1,-1,1,0.0,-156.0,2
243,1,-1,-1,1,1,-1,1,1,-1,-1,1,-1,1,1,-1,-1,-1,1,1,1,-1,-1,1,1,1,1,-1,1,-1,-1,1,-1,1,-1,-1,-1,1,1,-1,-1,0.0,-156.0,1
244,1,1,-1,1,1,1,1,1,-1,-1,-1,-1,-1,1,-1,1,1,1,1,-1,1,-1,-1,-1,1,-1,1,-1,-1,1,1,1,-1,-1,1,-1,-1,-1,-1,1,0.0,-156.0,1
245,-1,1,1,-1,-1,1,1,-1,1,-1,-1,1,-1,-1,1,1,-1,-1,1,1,1,1,1,-1,-1,-1,1,-1,1,1,-1,1,-1,1,1,1,-1,-1,1,1,0.0,-156.0,1
246,-1,1,1,-1,-1,1,1,-1,1,-1,-1,1,-1,-1,1,1,-1,-1,-1,1,1,1,1,-1,-1,-1,1,-1,1,1,-1,1,-1,1,1,1,-1,-1,1,1,0.025,-158.0,1
247,1,-1,-1,1,-1,-1,1,1,1,-1,1,-1,1,1,-1,-1,1,1,1,-1,1,-1,-1,-1,1,-1,1,-1,1,-1,1,-1,-1,-1,1,-1,1,-1,-1,-1,0.025,-156.0,1
248,-1,1,1,-1,1,1,1,-1,1,-1,-1,1,-1,-1,-1,1,1,-1,1,-1,1,1,1,-1,-1,-1,1,-1,-1,1,-1,1,-1,-1,1,-1,-1,-1,1,1,0.025,-158.0,3
249,-1,1,1,-1,1,1,1,-1,1,1,1,1,-1,-1,1,1,1,-1,-1,-1,-1,1,-1,-1,-1,-1,1,1,1,1,-1,1,-1,-1,1,1,-1,-1,1,-1,0.025,-150.0,1
250,-1,-1,1,-1,-1,-1,-1,-1,1,1,1,1,1,-1,1,-1,1,-1,-1,-1,-1,1,-1,-1,-1,-1,-1,1,1,1,1,1,1,1,1,1,1,1,1,-1,0.025,-154.0,1
251,-1,1,1,-1,-1,-1,1,-1,1,1,1,1,-1,-1,1,-1,1,-1,-1,-1,-1,1,-1,-1,-1,-1,-1,1,-1,1,-1,1,1,-1,1,1,-1,-1,1,-1,0.0,-154.0,2
252,1,1,-1,1,1,1,1,-1,-1,-1,-1,-1,-1,1,-1,1,1,-1,1,-1,1,-1,-1,-1,-1,-1,1,-1,-1,1,1,1,-1,-1,1,-1,-1,1,1,1,0.0,-154.0,1
253,-1,1,1,-1,1,1,1,-1,1,-1,-1,-1,-1,-1,-1,1,1,-1,1,-1,1,-1,1,-1,-1,-1,1,-1,-1,1,-1,1,-1,-1,1,-1,-1,-1,1,1,0.0,-154.0,1
254,-1,1,1,-1,1,1,1,-1,1,-1,-1,1,-1,-1,1,1,1,-1,-1,-1,-1,1,-1,-1,-1,-1,1,-1,-1,1,-1,1,-1,-1,1,-1,-1,-1,1,1,0.0,-154.0,1
255,-1,1,1,-1,1,1,1,-1,1,-1,-1,1,-1,-1,1,1,1,-1,-1,-1,1,1,-1,-1,-1,-1,1,-1,-1,1,-1,1,-1,-1,1,1,-1,-1,1,1,0.0,-154.0,3
256,-1,1,1,-1,1,1,1,-1,1,-1,-1,1,-1,-1,1,1,-1,-1,-1,-1,1,1,1,-1,-1,-1,1,-1,-1,1,-1,1,-1,1,-1,1,-1,-1,1,1,0.0,-154.0,1
257,-1,1,1,-1,1,1,1,-1,1,-1,-1,1,-1,-1,1,1,1,-1,-1,-1,1,1,1,-1,-1,-1,1,-1,-1,1,-1,1,-1,-1,-1,1,-1,-1,1,1,0.0,-154.0,1
258,-1,1,1,-1,1,1,1,-1,1,-1,-1,1,-1,-1,1,1,1,-1,1,-1,1,1,-1,-1,-1,-1,1,-1,-1,1,-1,1,-1,-1,1,-1,-1,-1,1,1,0.0,-154.0,2
259,1,1,1,1,1,1,1,-1,-1,-1,-1,-1,1,-1,-1,1,1,-1,1,1,1,-1,1,1,-1,1,1,-1,-1,1,1,1,-1,-1,-1,-1,-1,1,1,1,0.0,-154.0,1
260,1,1,1,-1,1,1,1,-1,1,-1,-1,-1,-1,-1,-1,1,1,-1,1,-1,1,-1,1,-1,1,-1,1,-1,-1,1,-1,1,-1,-1,1,-1,-1,-1,1,1,0.0,-154.0,4
261,1,1,-1,1,1,1,1,-1,-1,-1,-1,-1,1,-1,-1,1,1,-1,1,1,1,-1,1,1,1,1,1,-1,-1,1,1,1,-1,-1,-1,-1,-1,1,1,1,0.0,-154.0,2
262,1,-1,-1,1,1,1,1,1,-1,-1,-1,-1,-1,1,-1,1,1,1,1,-1,1,-1,1,-1,1,-1,1,-1,-1,1,1,1,-1,-1,-1,-1,-1,-1,-1,1,0.0,-154.0,1
263,-1,1,1,-1,1,1,1,-1,1,-1,-1,1,-1,-1,1,1,-1,-1,-1,-1,1,1,1,-1,-1,-1,1,-1,-1,1,-1,1,-1,-1,1,1,-1,-1,1,1,0.0,-154.0,1
264,1,-1,-1,1,1,-1,-1,1,-1,-1,1,-1,1,1,-1,-1,1,1,1,1,-1,-1,-1,1,1,1,-1,1,-1,-1,1,-1,1,-1,-1,-1,1,1,-1,-1,0.0,-154.0,1
265,1,-1,-1,1,-1,-1,-1,1,-1,-1,1,-1,1,1,-1,-1,-1,1,-1,1,1,-1,1,1,1,1,-1,1,1,-1,1,-1,1,1,-1,1,1,1,-1,-1,0.0,-154.0,1
266,-1,1,1,-1,1,1,1,-1,1,-1,-1,1,-1,-1,1,-1,-1,-1,-1,-1,1,1,1,-1,-1,-1,1,-1,-1,1,-1,1,-1,-1,-1,1,-1,-1,1,1,0.0,-154.0,2
267,-1,-1,1,-1,-1,-1,-1,1,1,-1,1,1,-1,1,1,-1,-1,1,-1,-1,-1,1,-1,-1,1,-1,-1,1,1,-1,-1,-1,1,1,1,1,1,-1,-1,-1,0.0,-154.0,1
268,-1,1,1,-1,1,1,1,-1,1,-1,-1,-1,-1,-1,-1,1,1,-1,1,-1,1,1,1,-1,-1,1,1,-1,-1,1,-1,1,-1,-1,1,-1,-1,-1,1,1,0.0,-154.0,2
269,-1,1,1,-1,1,1,-1,-1,1,1,-1,1,-1,-1,1,1,1,-1,-1,-1,-1,1,-1,-1,-1,-1,1,1,-1,1,-1,1,-1,-1,1,1,-1,-1,1,1,0.0,-154.0,1
270,1,-1,-1,1,1,1,1,1,-1,-1,-1,-1,1,1,-1,1,-1,-1,1,1,1,-1,1,1,1,1,1,-1,-1,1,-1,1,-1,-1,-1,-1,-1,1,-1,1,0.0,-154.0,1
271,1,-1,-1,1,-1,-1,-1,1,-1,-1,1,-1,1,1,-1,-1,1,1,1,1,1,-1,-1,1,1,1,-1,-1,1,-1,1,-1,-1,1,-1,-1,1,1,-1,-1,0.0,-154.0,1
272,1,-1,-1,1,-1,-1,1,1,-1,-1,1,-1,1,1,-1,-1,-1,1,1,1,1,-1,1,1,1,1,-1,-1,1,-1,1,-1,1,1,-1,-1,1,1,-1,-1,0.0,-154.0,3
273,1,1,-1,1,1,-1,1,1,-1,-1,1,-1,1,1,-1,-1,-1,1,1,1,1,-1,1,1,1,1,1,-1,1,-1,1,-1,-1,-1,-1,-1,1,1,-1,1,0.0,-154.0,1
274,-1,1,1,-1,1,1,-1,-1,1,1,-1,1,-1,-1,1,1,1,-1,-1,-1,-1,1,-1,-1,-1,-1,1,1,-1,1,-1,1,-1,-1,1,-1,-1,-1,1,-1,0.0,-154.0,1
275,1,1,-1,1,1,1,1,-1,-1,-1,-1,-1,-1,-1,-1,1,1,-1,1,1,1,-1,1,-1,1,1,1,-1,-1,1,-1,1,-1,-1,-1,-1,-1,1,-1,1,0.0,-154.0,1
276,-1,1,1,1,1,1,1,-1,-1,-1,-1,-1,1,-1,-1,1,1,-1,1,1,1,-1,1,-1,-1,1,1,-1,-1,1,-1,1,-1,-1,-1,-1,-1,-1,1,1,0.0,-154.0,1
277,1,-1,-1,1,1,-1,1,1,-1,-1,1,-1,1,1,-1,-1,1,1,1,-1,-1,-1,-1,1,1,-1,-1,-1,-1,-1,1,-1,1,-1,-1,-1,1,1,-1,-1,0.0,-154.0,1
278,-1,1,1,-1,-1,1,1,-1,1,-1,-1,1,-1,-1,-1,1,1,-1,1,-1,1,1,1,-1,-1,-1,1,-1,-1,1,-1,1,-1,-1,1,1,-1,-1,1,1,0.0,-154.0,1
279,-1,1,1,-1,1,1,1,-1,1,-1,-1,1,-1,-1,1,1,-1,-1,-1,-1,-1,1,1,-1,-1,1,1,1,-1,1,-1,-1,1,-1,1,1,-1,-1,-1,1,0.0,-154.0,1
280,-1,1,1,-1,-1,1,1,-1,1,1,-1,1,-1,-1,1,1,-1,-1,1,-1,1,1,1,-1,-1,-1,1,1,-1,1,-1,1,-1,-1,1,1,-1,-1,1,1,0.0,-154.0,1
281,1,-1,-1,1,1,-1,-1,1,-1,-1,1,-1,1,1,-1,-1,1,1,-1,-1,-1,-1,-1,1,1,1,-1,-1,1,-1,1,-1,1,-1,-1,-1,1,1,-1,-1,0.0,-154.0,1
282,1,-1,-1,1,1,-1,1,1,-1,-1,1,-1,1,1,-1,-1,1,1,1,-1,-1,-1,1,1,1,1,1,-1,-1,-1,1,-1,1,-1,-1,-1,-1,1,-1,-1,0.0,-154.0,1
283,1,1,-1,1,1,1,1,-1,-1,-1,-1,-1,-1,1,-1,1,-1,-1,1,1,1,-1,1,-1,1,1,1,-1,-1,1,-1,1,-1,-1,-1,-1,-1,1,-1,1,0.0,-154.0,1
284,1,1,-1,1,1,-1,1,1,-1,-1,-1,-1,-1,1,-1,1,1,1,1,-1,1,-1,-1,-1,-1,-1,1,-1,-1,1,1,1,-1,-1,-1,-1,-1,-1,-1,1,0.0,-154.0,1
285,1,1,-1,1,1,1,1,-1,-1,-1,-1,-1,-1,1,-1,1,1,-1,1,-1,1,-1,1,-1,-1,1,1,-1,-1,1,1,1,-1,-1,-1,-1,-1,1,-1,1,0.0,-154.0,1
286,1,-1,-1,1,1,-1,1,1,-1,-1,1,-1,1,1,-1,-1,-1,1,1,1,1,-1,1,1,1,1,1,-1,-1,-1,1,-1,1,-1,-1,-1,1,1,-1,-1,0.0,-154.0,1
287,1,-1,-1,1,1,1,1,1,-1,-1,-1,-1,1,1,-1,1,-1,-1,1,1,1,-1,1,1,1,1,1,-1,-1,-1,-1,1,-1,1,-1,-1,-1,1,-1,1,0.0,-154.0,1
288,-1,1,-1,1,1,1,1,-1,-1,-1,-1,-1,-1,-1,-1,1,1,-1,1,1,1,1,1,-1,-1,1,1,-1,-1,1,-1,1,-1,-1,-1,-1,-1,1,1,1,0.0,-154.0,1
289,1,1,-1,1,1,1,1,-1,-1,-1,-1,-1,-1,1,-1,1,1,-1,1,-1,1,-1,1,-1,1,1,1,-1,-1,1,-1,1,-1,-1,-1,-1,-1,1,-1,1,0.0,-154.0,1
290,1,-1,-1,1,1,1,1,1,-1,-1,-1,-1,1,-1,-1,1,1,-1,1,1,1,-1,1,1,1,1,1,-1,-1,1,-1,1,-1,-1,-1,-1,-1,1,-1,1,0.0,-154.0,1
291,-1,1,-1,-1,-1,-1,-1,-1,1,1,-1,1,-1,-1,-1,1,1,-1,1,-1,1,1,-1,-1,-1,-1,1,-1,1,1,-1,1,-1,-1,1,1,-1,-1,1,1,0.0,-154.0,1
292,1,1,-1,1,1,1,-1,1,-1,-1,-1,-1,-1,1,-1,-1,-1,1,1,1,1,-1,1,1,1,1,1,-1,-1,-1,1,-1,-1,1,-1,-1,1,1,-1,1,0.0,-154.0,1
293,-1,1,1,-1,1,1,1,-1,1,-1,-1,1,-1,-1,1,1,1,-1,-1,-1,-1,1,-1,-1,-1,-1,1,-1,1,1,-1,1,-1,-1,1,1,-1,-1,1,1,0.0,-154.0,3
294,-1,1,1,-1,1,1,1,-1,1,-1,-1,1,-1,-1,1,1,-1,-1,-1,1,-1,1,1,-1,-1,1,-1,1,-1,-1,-1,1,1,-1,-1,1,-1,1,-1,1,0.0,-154.0,1
295,1,-1,-1,1,-1,-1,1,1,1,-1,1,-1,1,1,-1,-1,1,1,1,-1,1,-1,-1,-1,1,-1,1,-1,1,-1,1,-1,1,-1,1,-1,1,-1,-1,-1,0.0,-154.0,1
296,-1,1,1,-1,-1,-1,1,-1,1,1,1,1,1,-1,1,-1,1,-1,-1,-1,-1,1,-1,-1,-1,-1,-1,1,1,1,-1,1,1,-1,1,1,-1,-1,1,-1,0.0,-154.0,1
297,-1,1,-1,-1,1,1,1,-1,-1,-1,-1,-1,-1,-1,-1,1,1,-1,1,1,1,1,1,-1,-1,1,1,-1,-1,1,-1,1,-1,-1,-1,-1,-1,-1,1,1,0.0,-154.0,1
298,1,-1,-1,1,1,-1,1,1,1,-1,1,-1,-1,1,-1,-1,1,1,1,-1,1,-1,-1,-1,1,-1,1,-1,-1,-1,1,-1,-1,-1,1,-1,1,-1,-1,-1,0.0,-154.0,1
299,1,1,-1,1,1,1,1,1,-1,-1,-1,-1,-1,1,-1,1,1,-1,1,-1,1,-1,1,-1,1,-1,1,-1,-1,1,1,1,-1,-1,-1,-1,-1,-1,-1,1,0.0,-154.0,1
300,-1,1,1,-1,-1,-1,-1,-1,1,1,-1,1,1,-1,1,1,1,-1,-1,-1,-1,1,-1,-1,-1,-1,-1,1,1,1,-1,1,1,-1,1,1,1,-1,1,-1,0.0,-154.0,1
301,1,-1,-1,1,-1,-1,1,1,1,-1,1,-1,1,1,-1,-1,1,1,1,-1,1,-1,-1,-1,1,-1,1,-1,1,-1,1,1,-1,-1,1,-1,1,-1,-1,-1,0.025,-150.0,1
302,1,-1,-1,1,-1,-1,-1,1,1,-1,1,-1,1,1,-1,-1,1,1,1,-1,1,-1,-1,-1,1,-1,1,-1,1,-1,1,-1,-1,-1,1,-1,1,-1,-1,-1,0.025,-154.0,1
303,-1,1,1,-1,-1,1,-1,-1,1,1,-1,1,-1,1,1,-1,-1,-1,-1,-1,1,1,-1,-1,-1,-1,-1,1,1,1,1,1,1,1,1,1,1,1,1,-1,0.025,-156.0,1
304,1,1,1,1,1,1,1,-1,-1,-1,-1,-1,-1,1,-1,-1,1,-1,1,-1,1,-1,1,-1,-1,-1,1,-1,-1,1,1,1,-1,-1,1,-1,-1,1,1,1,0.025,-152.0,1
305,-1,1,1,-1,1,1,1,-1,1,-1,-1,1,-1,-1,1,1,-1,-1,-1,-1,1,1,-1,-1,-1,-1,1,-1,1,1,-1,1,-1,1,1,1,-1,-1,1,1,0.025,-152.0,1
306,-1,1,1,-1,-1,-1,1,-1,1,1,1,1,-1,-1,1,-1,1,-1,-1,-1,-1,1,-1,-1,-1,-1,1,1,-1,1,-1,1,1,-1,1,1,-1,-1,1,-1,0.0,-152.0,2
307,-1,1,1,-1,1,1,1,-1,1,-1,-1,-1,-1,-1,-1,1,1,-1,1,-1,1,-1,1,-1,1,-1,1,-1,-1,1,-1,1,-1,-1,1,-1,-1,-1,1,1,0.0,-152.0,5
308,1,-1,-1,1,1,-1,-1,1,-1,-1,1,-1,1,-1,-1,-1,1,1,-1,1,-1,-1,1,1,1,1,-1,1,-1,-1,1,-1,1,-1,-1,-1,1,1,-1,-1,0.0,-152.0,1
309,1,-1,-1,1,1,1,1,1,-1,-1,1,-1,1,-1,-1,1,1,-1,1,1,1,-1,1,1,1,1,1,-1,-1,-1,-1,1,-1,-1,-1,-1,-1,1,1,1,0.0,-152.0,1
310,-1,1,1,-1,1,1,1,-1,1,-1,-1,1,-1,-1,1,1,1,-1,-1,-1,-1,1,1,-1,-1,-1,1,-1,-1,1,-1,1,1,-1,1,1,-1,-1,1,1,0.0,-152.0,1
311,1,-1,-1,1,1,-1,1,1,1,-1,1,-1,1,1,-1,-1,1,1,1,-1,1,-1,-1,1,1,-1,1,-1,-1,-1,1,-1,1,-1,1,-1,1,-1,-1,-1,0.0,-152.0,1
312,1,-1,-1,1,1,1,1,1,-1,-1,1,-1,1,1,-1,1,1,-1,1,1,1,-1,1,1,1,1,1,-1,-1,1,-1,1,-1,-1,-1,-1,-1,1,1,1,0.0,-152.0,1
313,1,1,-1,1,1,1,1,1,-1,-1,1,-1,1,1,-1,1,-1,-1,1,1,1,-1,1,1,1,1,1,-1,-1,-1,1,1,-1,-1,-1,-1,1,1,-1,1,0.0,-152.0,1
314,-1,1,1,-1,1,1,1,-1,1,1,-1,1,-1,-1,1,1,1,-1,-1,-1,-1,1,-1,-1,-1,-1,1,1,-1,1,-1,1,-1,-1,1,-1,-1,1,1,1,0.0,-152.0,1
315,1,-1,-1,1,1,-1,1,1,-1,-1,1,-1,1,1,-1,-1,-1,1,1,1,1,-1,1,1,1,1,-1,-1,-1,-1,-1,-1,1,-1,-1,-1,1,1,-1,1,0.0,-152.0,1
316,-1,1,1,-1,1,1,1,-1,1,1,-1,1,-1,-1,1,1,1,-1,1,-1,1,1,-1,-1,-1,-1,1,-1,-1,1,-1,1,-1,-1,1,-1,-1,-1,1,1,0.0,-152.0,1
317,-1,1,1,-1,1,1,1,-1,1,-1,-1,1,-1,-1,1,-1,-1,-1,-1,-1,-1,1,1,-1,-1,-1,1,-1,-1,1,-1,1,-1,-1,-1,1,-1,-1,1,1,0.0,-152.0,1
318,1,1,-1,1,1,1,1,1,-1,-1,-1,-1,1,-1,-1,1,-1,-1,1,1,1,-1,1,1,1,1,1,-1,-1,1,1,1,-1,-1,-1,-1,-1,1,-1,1,0.0,-152.0,1
319,1,1,-1,1,1,1,1,-1,-1,-1,-1,-1,1,-1,-1,1,1,-1,1,-1,1,-1,1,1,1,1,1,-1,-1,1,-1,1,-1,-1,-1,-1,-1,-1,1,1,0.0,-152.0,1
320,1,1,-1,1,1,1,1,-1,-1,-1,-1,-1,1,-1,-1,1,1,-1,1,1,1,-1,1,-1,1,1,1,-1,-1,1,-1,1,-1,-1,-1,-1,-1,1,-1,1,0.0,-152.0,1
321,-1,1,1,-1,1,1,1,-1,1,-1,-1,1,-1,-1,-1,1,1,-1,1,-1,1,1,1,-1,-1,-1,1,-1,-1,1,-1,1,-1,-1,-1,-1,-1,-1,1,1,0.0,-152.0,1
322,-1,1,1,1,1,1,1,-1,-1,-1,-1,-1,-1,-1,-1,1,1,-1,1,-1,1,-1,1,-1,-1,-1,1,-1,-1,1,-1,1,-1,-1,-1,-1,-1,-1,1,1,0.0,-152.0,1
323,-1,1,1,-1,1,1,1,-1,1,1,-1,1,-1,-1,1,1,1,-1,-1,-1,-1,1,-1,-1,-1,-1,1,-1,1,1,-1,1,-1,-1,1,1,-1,-1,1,1,0.0,-152.0,2
324,-1,1,1,-1,1,1,1,-1,-1,-1,-1,-1,-1,-1,-1,1,1,-1,1,-1,1,-1,1,-1,-1,-1,1,-1,-1,1,-1,1,-1,-1,1,-1,-1,-1,1,1,0.0,-152.0,1
325,-1,1,1,-1,1,1,1,-1,1,-1,-1,1,-1,-1,1,-1,-1,-1,-1,-1,-1,1,1,-1,-1,-1,1,1,-1,1,-1,1,1,-1,1,1,-1,-1,-1,1,0.0,-152.0,1
326,-1,1,1,-1,1,1,1,-1,1,-1,-1,1,-1,-1,1,1,-1,-1,-1,-1,-1,1,1,-1,-1,-1,1,-1,-1,1,-1,1,1,-1,1,1,-1,-1,-1,1,0.0,-152.0,1
327,-1,1,1,-1,1,1,1,-1,1,-1,-1,1,-1,-1,1,1,-1,-1,-1,-1,-1,1,1,-1,-1,-1,1,1,-1,-1,-1,1,1,-1,1,1,-1,-1,-1,1,0.0,-152.0,1
328,-1,1,1,-1,1,1,1,-1,1,-1,-1,1,-1,-1,1,1,1,-1,1,-1,-1,1,1,-1,-1,-1,1,-1,-1,1,-1,1,-1,-1,-1,-1,-1,-1,1,1,0.0,-152.0,1
329,-1,1,1,-1,1,1,1,-1,1,-1,-1,1,-1,-1,1,1,-1,-1,1,-1,1,1,1,-1,-1,-1,1,-1,-1,1,-1,1,-1,-1,1,1,-1,-1,1,1,0.0,-152.0,1
330,1,-1,-1,1,1,-1,-1,1,-1,1,1,-1,1,1,-1,-1,1,1,1,-1,-1,-1,-1,1,1,1,-1,1,-1,-1,1,-1,1,-1,1,-1,1,1,-1,-1,0.0,-152.0,1
331,-1,1,1,-1,1,1,1,-1,1,-1,-1,1,-1,-1,-1,1,1,-1,1,-1,1,-1,1,-1,-1,-1,1,-1,-1,1,-1,1,-1,-1,1,-1,-1,-1,1,1,0.0,-152.0,2
332,1,1,-1,1,1,1,1,1,-1,-1,-1,-1,1,-1,-1,1,-1,-1,1,1,1,-1,1,1,1,1,1,1,-1,-1,1,-1,-1,-1,-1,-1,1,1,-1,1,0.0,-152.0,1
333,1,-1,-1,1,-1,-1,-1,1,-1,-1,1,-1,1,1,-1,-1,-1,1,1,1,1,-1,1,1,1,1,1,1,1,-1,1,-1,1,1,-1,-1,1,1,-1,-1,0.0,-152.0,2
334,-1,1,1,-1,1,1,1,-1,-1,-1,-1,-1,-1,-1,-1,1,1,-1,1,-1,1,1,1,-1,-1,1,1,-1,-1,1,-1,1,-1,-1,1,-1,-1,-1,1,1,0.0,-152.0,1
335,-1,1,1,-1,-1,-1,1,-1,1,1,-1,1,1,-1,1,-1,-1,-1,-1,-1,-1,1,-1,-1,-1,-1,-1,1,1,-1,1,1,1,1,1,1,1,1,1,-1,0.0,-152.0,1
336,-1,1,1,-1,-1,-1,1,-1,1,1,1,1,1,-1,1,-1,-1,-1,-1,-1,-1,1,-1,-1,-1,-1,-1,1,1,-1,1,-1,1,1,1,1,1,1,1,-1,0.0,-152.0,1
337,1,-1,-1,1,1,-1,-1,1,1,-1,1,-1,1,1,-1,-1,1,1,-1,-1,1,-1,-1,-1,1,-1,1,-1,1,-1,1,-1,1,-1,1,-1,1,-1,-1,-1,0.0,-152.0,1
338,-1,1,1,-1,1,1,1,-1,1,-1,-1,1,-1,-1,1,1,-1,-1,-1,-1,1,1,1,-1,-1,-1,1,-1,1,1,-1,1,-1,-1,1,1,-1,-1,1,1,0.0,-152.0,1
339,-1,1,1,-1,1,1,1,-1,1,-1,-1,-1,-1,-1,-1,1,1,-1,1,-1,1,1,1,-1,-1,-1,1,-1,-1,1,-1,1,-1,-1,1,-1,-1,-1,1,1,0.025,-156.0,1
340,1,-1,-1,1,1,1,1,1,-1,-1,1,-1,1,-1,-1,1,1,-1,1,1,1,-1,1,1,1,1,1,-1,-1,1,-1,1,-1,-1,-1,-1,-1,1,1,1,0.025,-150.0,3
341,1,-1,-1,1,1,-1,1,1,1,-1,1,-1,1,1,-1,-1,1,1,1,-1,1,-1,-1,-1,1,-1,1,-1,-1,-1,1,-1,1,-1,1,-1,1,-1,-1,-1,0.025,-158.0,1
342,-1,1,1,-1,-1,-1,-1,-1,1,1,-1,1,1,-1,1,1,1,-1,-1,-1,-1,1,-1,-1,-1,-1,-1,1,1,1,-1,1,1,1,1,1,-1,-1,1,-1,0.025,-166.0,1
343,-1,1,1,-1,1,-1,1,-1,1,1,-1,1,-1,-1,1,-1,1,-1,-1,-1,-1,1,-1,-1,-1,-1,-1,1,-1,1,-1,1,1,-1,1,1,-1,-1,1,-1,0.0,-150.0,2
344,1,-1,-1,1,1,-1,-1,1,-1,-1,1,-1,1,1,-1,-1,1,1,1,1,-1,-1,1,1,1,1,1,1,-1,-1,1,-1,1,-1,-1,-1,1,1,-1,-1,0.0,-150.0,1
345,1,1,1,1,1,1,1,-1,1,-1,-1,-1,-1,-1,-1,1,1,-1,1,-1,1,-1,1,-1,-1,-1,1,-1,-1,1,-1,1,-1,-1,1,-1,-1,-1,1,1,0.0,-150.0,1
346,-1,1,-1,1,1,1,1,-1,-1,-1,-1,-1,1,-1,-1,1,1,-1,1,1,1,-1,1,-1,-1,1,1,-1,-1,1,-1,1,-1,-1,-1,-1,-1,1,1,1,0.0,-150.0,1
347,1,1,-1,1,1,1,1,-1,-1,-1,-1,-1,1,-1,-1,1,1,-1,1,-1,1,-1,1,-1,1,1,1,-1,-1,1,-1,1,-1,-1,-1,-1,-1,-1,1,1,0.0,-150.0,2
348,1,-1,-1,1,1,1,1,1,-1,-1,1,-1,1,1,-1,1,-1,-1,1,1,1,-1,1,1,1,1,1,-1,-1,-1,-1,1,-1,-1,-1,-1,-1,1,-1,1,0.0,-150.0,1
349,1,-1,-1,1,1,1,1,1,-1,-1,1,-1,1,1,-1,1,1,-1,1,1,1,-1,1,1,1,1,1,-1,-1,1,-1,1,-1,-1,-1,-1,-1,1,-1,1,0.0,-150.0,1
350,-1,1,-1,1,1,1,1,-1,-1,-1,-1,-1,1,-1,-1,1,1,-1,1,-1,1,-1,1,-1,-1,1,1,-1,-1,1,-1,1,-1,-1,-1,-1,-1,-1,1,1,0.0,-150.0,1
351,-1,1,1,-1,1,1,1,-1,1,-1,-1,1,-1,-1,1,1,1,-1,-1,-1,-1,-1,-1,-1,-1,-1,1,-1,-1,1,-1,1,-1,-1,1,1,-1,-1,1,1,0.0,-150.0,1
352,-1,1,1,-1,1,1,1,-1,1,-1,-1,1,-1,-1,1,-1,1,-1,1,-1,1,1,1,-1,-1,-1,1,-1,-1,1,-1,1,-1,-1,-1,1,-1,-1,1,1,0.0,-150.0,1
353,1,1,-1,1,1,1,1,-1,-1,-1,-1,-1,-1,1,-1,1,1,-1,1,-1,1,-1,1,-1,1,-1,1,-1,-1,1,1,1,-1,-1,-1,-1,-1,1,-1,1,0.0,-150.0,1
354,1,1,-1,1,1,1,-1,-1,-1,-1,-1,-1,1,-1,-1,1,1,-1,1,1,1,-1,1,1,1,1,1,-1,-1,1,-1,1,-1,-1,-1,-1,-1,1,1,1,0.0,-150.0,1
355,1,1,-1,1,1,1,1,-1,-1,-1,-1,-1,1,-1,-1,1,1,-1,1,1,1,-1,1,-1,-1,1,1,1,-1,1,1,1,-1,-1,-1,-1,-1,1,-1,1,0.0,-150.0,1
356,1,1,-1,1,1,1,1,-1,1,-1,-1,-1,-1,-1,-1,1,1,-1,1,-1,1,-1,1,-1,1,-1,1,-1,-1,1,-1,1,-1,-1,-1,-1,-1,-1,-1,1,0.0,-150.0,1
357,-1,1,1,-1,1,1,1,-1,1,-1,-1,1,-1,-1,1,1,1,-1,-1,-1,-1,1,-1,-1,-1,-1,1,-1,-1,1,-1,1,1,-1,1,1,-1,-1,1,1,0.0,-150.0,1
358,1,-1,-1,1,1,1,1,1,-1,-1,-1,-1,-1,1,-1,-1,-1,-1,1,-1,1,-1,1,1,1,-1,1,-1,-1,1,1,-1,-1,-1,-1,-1,-1,1,-1,1,0.0,-150.0,1
359,-1,1,1,-1,1,1,1,-1,1,-1,-1,1,-1,-1,1,1,-1,-1,-1,-1,-1,1,1,-1,-1,1,1,1,-1,1,-1,1,1,-1,1,1,-1,-1,1,1,0.0,-150.0,1
360,-1,1,1,-1,-1,-1,1,-1,1,1,1,1,1,-1,1,1,1,-1,-1,-1,-1,1,-1,-1,-1,-1,1,1,-1,1,1,1,-1,1,1,1,-1,-1,1,-1,0.0,-150.0,1
361,-1,1,1,-1,1,1,1,-1,1,-1,-1,1,-1,1,1,1,-1,-1,1,-1,1,1,1,-1,-1,-1,1,-1,-1,1,-1,1,-1,-1,-1,1,-1,-1,-1,1,0.0,-150.0,1
362,-1,1,1,-1,-1,1,1,-1,1,1,1,1,1,-1,1,1,1,-1,-1,-1,-1,1,-1,-1,-1,-1,1,1,-1,1,-1,1,-1,1,1,1,-1,-1,1,-1,0.0,-150.0,1
363,1,-1,-1,1,1,1,1,-1,-1,-1,-1,-1,-1,1,-1,-1,1,-1,1,-1,1,-1,1,1,1,-1,1,-1,-1,1,1,1,-1,-1,-1,-1,-1,1,1,1,0.0,-150.0,1
364,1,1,-1,1,1,1,1,-1,-1,-1,-1,-1,1,-1,-1,1,-1,-1,1,1,1,-1,1,1,1,1,1,-1,-1,1,-1,1,-1,-1,-1,-1,-1,1,1,1,0.0,-150.0,1
365,-1,1,-1,1,1,1,1,-1,-1,-1,-1,-1,-1,1,-1,1,1,-1,1,-1,1,-1,-1,-1,-1,1,1,-1,-1,1,1,1,-1,-1,1,-1,-1,1,1,1,0.0,-150.0,1
366,1,1,-1,1,1,1,1,1,-1,-1,-1,-1,1,1,-1,1,-1,-1,1,1,1,-1,1,-1,1,1,1,-1,-1,-1,-1,1,-1,-1,-1,-1,1,1,-1,1,0.0,-150.0,1
367,-1,1,1,-1,-1,1,1,-1,-1,-1,-1,1,-1,-1,1,1,-1,-1,1,1,1,1,1,-1,-1,-1,1,-1,1,1,-1,1,-1,1,-1,1,-1,1,1,1,0.0,-150.0,1
368,-1,1,1,-1,-1,-1,1,-1,1,1,-1,1,-1,-1,1,-1,-1,-1,-1,-1,-1,1,-1,-1,-1,-1,-1,1,1,1,1,1,1,1,1,1,-1,1,1,-1,0.0,-150.0,1
369,1,1,-1,1,1,1,1,-1,-1,-1,-1,-1,-1,1,-1,1,1,-1,1,1,1,-1,1,-1,1,1,1,-1,-1,1,1,1,-1,-1,-1,-1,-1,1,-1,1,0.0,-150.0,1
370,1,1,-1,1,1,1,-1,1,-1,-1,-1,-1,-1,-1,-1,1,-1,-1,1,1,1,-1,1,1,1,1,1,-1,-1,1,-1,1,-1,-1,-1,-1,-1,1,-1,1,0.0,-150.0,1
371,1,-1,-1,1,1,-1,-1,1,-1,-1,1,-1,1,1,-1,-1,1,1,-1,-1,-1,-1,-1,1,1,1,-1,1,-1,-1,1,-1,1,-1,-1,-1,1,1,-1,-1,0.025,-150.0,1
372,-1,1,1,-1,1,1,1,-1,1,1,-1,-1,-1,-1,-1,1,1,-1,1,-1,1,1,1,-1,-1,-1,1,-1,-1,1,-1,1,-1,-1,1,-1,-1,-1,1,1,0.025,-150.0,1
373,-1,1,1,-1,1,1,1,-1,1,-1,-1,1,-1,-1,-1,1,1,-1,1,-1,1,-1,1,-1,-1,-1,1,-1,-1,1,-1,1,-1,-1,1,-1,-1,-1,1,1,0.025,-152.0,1
374,1,1,-1,1,1,1,1,-1,-1,-1,-1,-1,1,-1,-1,1,-1,-1,1,1,1,-1,1,1,1,1,1,-1,-1,1,-1,1,-1,-1,-1,-1,-1,1,-1,1,0.025,-152.0,1
375,-1,1,1,1,1,1,1,-1,1,-1,-1,-1,-1,-1,-1,1,1,-1,1,-1,1,-1,1,-1,-1,-1,1,-1,-1,1,-1,1,-1,-1,1,-1,-1,-1,1,1,0.0,-148.0,1
376,-1,1,1,-1,1,1,1,-1,1,-1,-1,1,-1,-1,-1,1,1,-1,-1,-1,1,-1,-1,-1,-1,-1,1,-1,-1,1,-1,1,-1,-1,1,-1,-1,-1,1,1,0.0,-148.0,1
377,1,1,1,1,1,1,1,-1,1,-1,-1,-1,-1,-1,-1,1,1,-1,1,-1,1,-1,1,-1,1,-1,1,-1,-1,1,-1,1,-1,-1,1,-1,-1,-1,1,1,0.0,-148.0,1
378,1,-1,-1,1,1,-1,1,1,1,-1,-1,-1,-1,1,-1,-1,1,1,1,-1,1,-1,1,-1,1,-1,1,-1,-1,-1,1,1,-1,-1,1,-1,1,-1,-1,-1,0.0,-148.0,1
379,1,-1,-1,1,1,-1,1,1,-1,-1,1,-1,1,1,-1,1,-1,1,1,1,1,-1,1,1,1,1,1,-1,1,-1,1,-1,1,-1,-1,-1,1,1,-1,1,0.0,-148.0,1
380,-1,1,1,1,1,1,1,-1,-1,-1,-1,-1,1,-1,-1,1,1,-1,1,-1,1,-1,-1,-1,-1,1,1,-1,-1,1,-1,1,-1,-1,-1,-1,-1,1,1,1,0.0,-148.0,1
381,-1,1,1,-1,1,1,-1,-1,1,1,-1,1,-1,-1,1,1,1,-1,-1,-1,-1,1,-1,-1,-1,-1,1,-1,-1,1,-1,1,-1,-1,1,1,-1,-1,1,1,0.0,-148.0,1
382,1,1,-1,1,1,-1,1,1,-1,-1,1,-1,-1,1,-1,-1,-1,1,1,1,1,-1,1,1,1,-1,1,-1,-1,-1,1,-1,-1,-1,-1,-1,1,1,-1,1,0.0,-148.0,1
383,1,1,-1,1,1,1,-1,1,-1,-1,-1,-1,1,-1,-1,1,-1,-1,1,1,1,-1,1,1,1,1,1,-1,-1,-1,-1,1,-1,-1,-1,-1,-1,-1,-1,1,0.0,-148.0,1
384,1,-1,-1,1,1,-1,1,1,1,-1,1,-1,1,1,-1,-1,1,1,1,-1,-1,-1,-1,-1,1,-1,1,-1,-1,-1,1,-1,1,-1,-1,-1,1,1,-1,-1,0.0,-148.0,1
385,1,-1,-1,1,1,1,1,-1,-1,-1,-1,-1,1,1,-1,-1,1,-1,1,-1,1,-1,1,1,1,-1,1,-1,-1,1,1,1,-1,-1,-1,-1,-1,1,1,1,0.0,-148.0,1
386,1,-1,-1,1,1,-1,-1,1,-1,-1,1,-1,1,1,-1,-1,-1,1,1,1,-1,-1,1,1,1,1,-1,1,-1,-1,1,-1,1,1,-1,-1,1,1,-1,-1,0.0,-148.0,1
387,-1,1,1,-1,1,1,1,-1,1,-1,-1,1,-1,-1,1,1,1,-1,1,-1,1,1,-1,-1,-1,-1,1,-1,-1,1,-1,1,-1,-1,-1,-1,-1,-1,1,1,0.0,-148.0,1
388,-1,1,1,-1,1,1,1,-1,1,-1,-1,1,-1,-1,1,1,1,-1,1,-1,1,1,-1,-1,-1,-1,1,1,-1,1,-1,1,-1,-1,1,-1,-1,-1,1,1,0.0,-148.0,1
389,1,1,-1,1,1,1,1,1,-1,-1,-1,-1,1,1,-1,1,-1,-1,1,1,1,-1,1,1,1,1,1,-1,-1,-1,1,1,-1,-1,1,-1,1,1,-1,1,0.0,-148.0,1
390,-1,1,-1,-1,-1,-1,-1,-1,1,1,-1,1,-1,-1,-1,1,1,-1,1,-1,1,1,-1,-1,-1,-1,1,1,1,1,-1,1,-1,-1,1,1,-1,-1,1,1,0.0,-148.0,1
391,1,-1,-1,1,1,-1,1,1,-1,-1,1,-1,1,1,-1,-1,-1,1,1,-1,-1,-1,-1,1,1,-1,1,-1,-1,-1,1,-1,1,-1,-1,-1,1,1,-1,1,0.0,-148.0,1
392,-1,1,1,-1,1,1,1,-1,1,-1,-1,1,-1,-1,1,-1,-1,-1,-1,-1,1,1,1,-1,-1,-1,1,-1,-1,1,-1,1,-1,1,-1,1,-1,-1,1,1,0.0,-148.0,1
393,1,1,1,1,1,1,1,-1,-1,-1,-1,-1,-1,-1,-1,1,1,-1,1,-1,1,-1,1,-1,-1,-1,1,-1,-1,1,-1,1,-1,-1,1,-1,-1,-1,1,1,0.0,-148.0,1
394,1,-1,-1,1,1,-1,-1,1,1,-1,-1,-1,-1,1,-1,-1,1,1,-1,-1,1,-1,-1,-1,1,-1,1,-1,-1,1,1,1,1,-1,1,-1,-1,-1,-1,-1,0.0,-148.0,1
395,-1,1,1,-1,-1,1,1,-1,1,-1,-1,1,-1,-1,-1,1,1,-1,1,-1,1,1,-1,-1,-1,-1,1,-1,1,1,-1,1,-1,-1,1,-1,-1,-1,1,1,0.0,-148.0,1
396,1,1,-1,1,1,1,1,-1,-1,-1,-1,-1,1,-1,-1,1,1,-1,1,1,1,-1,1,1,1,1,1,-1,-1,1,1,1,-1,-1,-1,-1,-1,-1,1,1,0.0,-148.0,1
397,1,-1,-1,1,-1,-1,1,1,-1,-1,1,-1,1,1,-1,-1,-1,1,1,1,1,-1,1,1,1,1,1,-1,1,-1,1,-1,1,1,-1,1,1,1,-1,-1,0.025,-146.0,1
398,1,-1,-1,1,1,-1,-1,1,1,-1,-1,-1,-1,1,-1,-1,1,1,1,-1,1,-1,-1,-1,1,-1,1,1,-1,-1,1,-1,1,-1,1,-1,1,1,-1,-1,0.025,-136.0,1
399,1,-1,-1,1,-1,-1,1,1,1,-1,1,-1,1,1,-1,-1,1,1,1,-1,1,-1,-1,-1,1,-1,1,-1,-1,-1,1,1,-1,-1,1,-1,1,-1,-1,-1,0.025,-148.0,1
400,1,-1,-1,1,1,1,1,-1,-1,-1,-1,-1,-1,1,-1,-1,1,1,1,-1,1,-1,1,-1,-1,-1,1,-1,-1,1,1,1,-1,-1,-1,-1,-1,1,1,1,0.025,-148.0,1
401,-1,1,1,-1,1,1,1,-1,1,-1,-1,1,-1,-1,1,1,-1,-1,-1,-1,-1,1,1,-1,-1,-1,1,1,-1,1,-1,1,-1,-1,-1,-1,-1,-1,1,1,0.025,-146.0,1
402,1,1,-1,1,1,1,1,1,-1,-1,-1,-1,-1,1,-1,-1,-1,-1,1,1,1,-1,1,1,1,-1,1,-1,-1,-1,1,-1,-1,-1,-1,-1,1,1,-1,1,0.025,-162.0,1
403,1,1,-1,1,1,1,-1,1,-1,-1,-1,-1,-1,-1,-1,1,-1,-1,1,1,1,-1,1,1,1,1,1,-1,-1,-1,-1,-1,-1,-1,-1,-1,-1,1,-1,1,0.025,-154.0,1
404,1,1,-1,1,1,1,1,1,-1,-1,1,-1,1,-1,-1,1,-1,-1,1,1,1,-1,1,1,1,1,1,-1,-1,-1,-1,1,-1,-1,-1,-1,-1,1,-1,1,0.025,-150.0,1
405,-1,1,1,-1,-1,1,1,-1,1,1,1,1,-1,-1,1,-1,1,-1,-1,-1,-1,1,-1,-1,-1,-1,1,1,-1,1,1,1,-1,-1,1,-1,-1,-1,1,-1,0.025,-156.0,1
406,1,-1,-1,1,1,-1,1,1,-1,-1,1,-1,1,1,-1,-1,1,1,1,-1,-1,-1,-1,1,1,-1,1,-1,-1,-1,1,-1,1,-1,-1,-1,1,1,-1,-1,0.025,-160.0,1
407,-1,1,1,-1,1,1,1,-1,1,-1,-1,1,-1,-1,1,1,-1,-1,-1,-1,-1,1,-1,-1,-1,-1,1,-1,-1,1,-1,1,-1,-1,-1,1,-1,-1,1,1,0.025,-152.0,1
408,-1,1,1,-1,1,1,1,-1,1,-1,-1,1,-1,-1,1,1,-1,-1,-1,1,1,1,1,-1,-1,1,1,-1,-1,1,-1,1,-1,-1,-1,1,-1,-1,-1,1,0.025,-146.0,1
409,1,1,-1,1,1,1,1,-1,-1,-1,-1,-1,1,-1,-1,1,1,-1,1,1,1,-1,1,1,-1,1,-1,-1,-1,1,1,1,-1,-1,-1,-1,-1,1,1,1,0.0,-146.0,1
410,-1,1,1,-1,1,1,1,-1,1,-1,-1,1,-1,-1,1,-1,1,-1,1,-1,1,1,1,-1,-1,-1,1,-1,-1,1,-1,1,-1,-1,1,-1,-1,-1,1,1,0.0,-146.0,1
411,1,-1,-1,1,1,-1,1,1,-1,-1,1,-1,1,1,-1,-1,1,1,1,-1,-1,-1,-1,-1,1,-1,1,-1,-1,-1,1,-1,1,-1,-1,-1,-1,-1,-1,-1,0.0,-146.0,1
412,1,-1,-1,1,1,1,1,1,-1,-1,-1,-1,-1,1,-1,-1,1,1,1,-1,1,-1,1,-1,1,-1,1,-1,-1,1,1,1,-1,-1,-1,-1,-1,1,-1,1,0.0,-146.0,1
413,1,1,1,1,1,1,1,-1,-1,-1,-1,-1,-1,1,-1,1,1,-1,1,-1,1,-1,-1,-1,-1,-1,1,-1,-1,1,-1,1,-1,-1,1,-1,-1,1,1,1,0.0,-146.0,1
414,1,-1,-1,1,1,-1,-1,1,1,-1,-1,-1,-1,1,-1,-1,1,1,1,-1,1,-1,-1,-1,1,-1,1,-1,-1,-1,-1,-1,1,-1,1,-1,1,-1,-1,-1,0.0,-146.0,1
415,-1,-1,1,-1,-1,-1,-1,-1,1,1,1,1,-1,-1,1,-1,1,1,-1,-1,-1,1,-1,-1,-1,1,-1,1,1,1,-1,-1,1,-1,1,1,-1,-1,1,-1,0.0,-146.0,1
416,-1,1,1,-1,1,1,1,-1,1,-1,-1,1,-1,-1,1,1,1,-1,1,-1,1,-1,-1,-1,-1,-1,1,-1,-1,1,-1,1,-1,-1,-1,-1,-1,-1,1,1,0.0,-146.0,1
417,1,1,1,1,1,1,1,-1,-1,-1,-1,-1,1,-1,-1,1,1,-1,1,-1,1,-1,1,-1,1,1,1,-1,-1,1,-1,1,-1,-1,-1,-1,-1,1,1,1,0.0,-146.0,1
418,1,-1,-1,1,1,1,1,-1,-1,-1,-1,-1,-1,1,-1,-1,1,-1,1,-1,1,-1,1,-1,-1,-1,1,-1,-1,1,1,1,-1,-1,-1,-1,-1,1,1,1,0.0,-146.0,1
419,1,1,-1,1,1,1,1,1,-1,-1,1,-1,1,-1,-1,1,-1,-1,1,1,1,-1,1,1,1,1,1,1,-1,-1,1,-1,-1,-1,-1,-1,1,1,-1,1,0.0,-146.0,1
420,1,-1,-1,1,1,-1,-1,1,1,-1,-1,-1,-1,1,-1,-1,1,1,1,-1,1,-1,-1,-1,1,-1,1,-1,-1,1,1,1,-1,-1,1,-1,1,-1,-1,-1,0.0,-146.0,1
421,1,-1,1,1,1,-1,1,-1,1,-1,1,1,1,1,1,-1,1,1,-1,-1,-1,-1,-1,-1,-1,-1,-1,1,-1,-1,1,1,1,-1,-1,1,-1,1,-1,-1,0.0,-146.0,1
422,1,1,-1,1,1,1,1,1,1,-1,-1,-1,-1,1,-1,1,1,-1,1,-1,1,-1,-1,-1,1,-1,1,-1,-1,1,-1,1,-1,-1,1,-1,-1,-1,-1,1,0.0,-146.0,1
423,1,-1,-1,1,-1,-1,1,1,1,-1,1,-1,1,1,-1,-1,1,1,1,-1,1,-1,-1,-1,1,-1,1,-1,-1,-1,1,1,1,-1,1,-1,1,-1,-1,-1,0.0,-146.0,1
424,1,1,1,1,1,1,1,-1,-1,-1,-1,-1,1,-1,-1,1,1,-1,1,-1,1,-1,1,-1,-1,-1,1,-1,-1,1,-1,1,-1,-1,1,-1,-1,-1,1,1,0.025,-142.0,1
425,1,1,1,1,1,1,1,-1,-1,-1,-1,-1,1,-1,-1,1,1,-1,1,-1,1,-1,1,-1,-1,-1,1,-1,-1,1,-1,1,-1,-1,-1,-1,-1,1,1,1,0.025,-142.0,1
426,-1,1,1,-1,1,1,1,-1,1,1,-1,-1,-1,-1,-1,1,1,-1,1,-1,1,-1,1,-1,1,-1,1,-1,-1,1,-1,1,-1,-1,1,-1,-1,-1,1,1,0.025,-146.0,1
427,-1,1,1,-1,1,1,1,-1,1,-1,-1,1,-1,-1,1,1,1,-1,1,-1,1,1,-1,-1,-1,-1,1,-1,-1,1,-1,1,-1,-1,1,-1,-1,-1,1,1,0.025,-154.0,1
428,-1,1,1,-1,1,1,1,-1,1,-1,-1,1,-1,-1,1,1,-1,-1,-1,-1,1,1,1,-1,-1,-1,1,1,-1,1,-1,1,1,-1,-1,1,-1,-1,-1,1,0.025,-154.0,1
429,1,-1,-1,1,1,-1,1,1,-1,-1,1,-1,1,1,-1,-1,-1,1,1,1,1,-1,1,1,1,1,-1,1,-1,-1,1,-1,1,-1,-1,-1,1,1,-1,1,0.025,-156.0,1
430,1,1,-1,1,-1,1,1,1,-1,-1,-1,-1,1,-1,-1,1,-1,-1,1,1,1,-1,1,1,1,1,1,-1,-1,-1,1,1,-1,-1,-1,-1,-1,1,-1,1,0.025,-144.0,1
431,-1,1,1,-1,1,1,1,-1,1,-1,-1,1,-1,-1,-1,1,1,-1,1,-1,1,1,1,-1,-1,-1,1,-1,-1,1,-1,1,-1,-1,1,-1,-1,-1,1,1,0.025,-158.0,1
432,-1,1,1,1,1,1,1,-1,-1,-1,-1,-1,-1,1,-1,-1,1,-1,1,-1,1,-1,1,-1,-1,1,1,-1,-1,1,-1,1,-1,-1,-1,-1,-1,1,1,1,0.0,-144.0,1
433,1,1,1,1,1,1,1,-1,1,-1,-1,-1,-1,-1,-1,1,1,-1,1,-1,1,-1,1,-1,-1,-1,1,-1,-1,1,-1,1,-1,-1,1,-1,-1,1,1,1,0.0,-144.0,1
434,-1,1,-1,1,-1,-1,-1,-1,1,1,-1,-1,-1,-1,-1,-1,1,-1,1,-1,1,1,-1,-1,-1,-1,1,-1,-1,1,1,1,-1,-1,1,-1,-1,-1,1,-1,0.0,-144.0,2
435,-1,1,1,-1,1,1,1,-1,1,-1,-1,1,-1,-1,-1,1,1,-1,1,-1,1,-1,1,-1,-1,1,1,-1,-1,1,-1,1,-1,-1,-1,-1,-1,-1,1,1,0.0,-144.0,1
436,-1,-1,1,1,1,-1,1,-1,1,-1,1,1,1,1,1,-1,1,1,-1,-1,-1,-1,-1,-1,-1,-1,-1,1,-1,-1,1,1,1,-1,-1,1,-1,1,-1,-1,0.0,-144.0,1
437,1,-1,-1,1,1,1,1,1,-1,-1,-1,-1,-1,1,-1,1,-1,-1,1,-1,1,-1,1,1,1,-1,1,-1,-1,1,-1,1,-1,-1,-1,-1,-1,1,-1,1,0.0,-144.0,1
438,1,1,-1,1,1,1,-1,-1,-1,-1,-1,-1,1,-1,-1,1,1,-1,1,1,1,-1,1,1,1,1,1,-1,-1,-1,-1,1,-1,-1,-1,-1,-1,1,1,1,0.0,-144.0,1
439,1,-1,1,1,1,-1,1,-1,1,-1,1,1,1,1,1,-1,1,1,-1,-1,-1,-1,-1,-1,-1,-1,-1,1,-1,-1,1,1,1,-1,-1,-1,-1,1,-1,-1,0.0,-144.0,1
440,1,-1,-1,1,-1,-1,1,1,-1,-1,1,-1,1,1,-1,-1,1,1,1,-1,1,-1,-1,-1,1,-1,1,-1,1,1,1,-1,-1,-1,1,-1,1,-1,-1,-1,0.0,-144.0,1
441,-1,1,1,-1,1,1,1,-1,-1,-1,-1,-1,-1,-1,-1,1,1,-1,1,-1,1,-1,1,-1,-1,-1,1,-1,-1,1,-1,1,-1,-1,-1,-1,-1,1,1,1,0.0,-144.0,1
442,-1,1,-1,-1,-1,-1,-1,1,1,1,-1,-1,-1,-1,-1,1,1,-1,1,-1,1,1,-1,-1,1,-1,1,-1,1,1,1,1,-1,-1,1,-1,1,-1,1,-1,0.0,-144.0,1
443,-1,1,1,1,1,-1,1,-1,1,-1,1,1,1,1,1,-1,1,1,-1,-1,-1,-1,-1,-1,-1,-1,-1,1,1,-1,1,1,1,-1,1,1,1,1,-1,-1,0.0,-144.0,1
444,-1,1,1,1,1,-1,1,-1,1,1,1,1,1,-1,1,-1,1,-1,-1,-1,-1,-1,-1,1,-1,1,-1,1,-1,-1,1,1,1,-1,-1,-1,-1,1,1,-1,0.0,-144.0,1
445,-1,1,-1,-1,-1,-1,-1,-1,1,1,-1,-1,-1,-1,-1,1,1,-1,1,-1,1,1,-1,-1,-1,-1,1,-1,1,1,-1,1,-1,-1,1,1,-1,-1,1,1,0.0,-144.0,1
446,1,-1,1,1,1,-1,1,-1,1,-1,1,1,1,1,1,-1,1,1,-1,-1,-1,-1,-1,-1,-1,-1,-1,1,-1,-1,-1,1,1,-1,-1,1,-1,1,-1,-1,0.0,-144.0,1
447,1,-1,-1,1,1,-1,1,1,1,-1,1,-1,1,1,-1,1,1,1,1,-1,1,-1,-1,-1,1,1,1,-1,1,-1,1,1,-1,-1,1,-1,1,-1,-1,-1,0.025,-136.0,1
448,1,-1,-1,1,-1,1,1,1,-1,-1,1,-1,1,-1,-1,1,1,-1,1,1,1,-1,1,1,1,1,1,-1,-1,1,-1,1,-1,-1,-1,-1,-1,-1,-1,1,0.025,-144.0,1
449,1,1,-1,1,1,1,1,1,-1,-1,-1,-1,1,1,-1,1,-1,-1,1,1,1,-1,1,1,1,1,1,-1,-1,-1,1,1,-1,-1,-1,-1,-1,1,-1,1,0.025,-160.0,1
450,-1,1,1,-1,-1,1,1,-1,-1,1,-1,-1,-1,-1,-1,1,1,-1,1,-1,1,-1,-1,-1,-1,-1,1,-1,-1,1,1,1,-1,-1,1,-1,-1,1,1,1,0.0,-142.0,1
451,-1,-1,-1,-1,-1,-1,-1,1,-1,1,1,1,1,-1,1,-1,-1,1,-1,1,-1,1,1,1,1,1,-1,1,1,-1,1,-1,1,1,-1,1,1,1,-1,-1,0.0,-142.0,1
452,-1,1,1,1,1,-1,1,-1,1,-1,-1,1,-1,1,1,-1,-1,1,-1,-1,-1,-1,-1,-1,-1,-1,-1,1,1,-1,1,1,1,-1,1,1,1,1,-1,-1,0.0,-142.0,1
453,-1,1,1,-1,1,1,-1,-1,1,1,-1,1,-1,-1,1,1,1,-1,-1,-1,-1,1,-1,-1,-1,-1,-1,-1,-1,1,-1,1,-1,-1,1,1,-1,-1,1,1,0.0,-142.0,1
454,1,-1,1,1,1,-1,1,-1,1,-1,-1,1,1,1,1,-1,1,1,-1,-1,-1,-1,-1,-1,-1,-1,-1,1,-1,-1,1,1,1,-1,1,-1,-1,1,-1,-1,0.025,-140.0,1
455,-1,1,1,1,1,1,1,-1,-1,-1,-1,-1,1,-1,-1,1,1,-1,1,-1,1,-1,1,-1,-1,-1,1,-1,-1,1,1,1,-1,-1,1,-1,-1,1,1,1,0.05,-136.0,1
456,-1,1,-1,-1,1,1,1,-1,-1,1,-1,-1,-1,-1,-1,1,1,-1,1,-1,1,-1,1,-1,1,1,1,-1,-1,1,-1,1,-1,-1,1,-1,-1,-1,1,1,0.0,-140.0,1
457,1,-1,-1,1,1,1,1,1,-1,-1,-1,-1,1,1,-1,1,-1,-1,1,1,1,-1,1,1,1,-1,1,-1,-1,1,-1,1,-1,-1,-1,-1,-1,1,-1,1,0.0,-140.0,1
458,-1,1,1,1,1,-1,1,-1,1,-1,1,1,1,-1,1,-1,1,1,-1,-1,-1,-1,-1,-1,-1,1,-1,1,-1,-1,1,1,1,-1,-1,-1,-1,1,-1,-1,0.0,-140.0,1
459,-1,1,1,-1,1,1,1,-1,1,-1,-1,1,-1,-1,1,-1,-1,-1,-1,-1,1,1,-1,-1,-1,-1,1,-1,-1,1,-1,1,-1,-1,1,-1,-1,-1,1,1,0.025,-136.0,1
460,1,1,1,1,1,1,1,-1,1,-1,-1,1,-1,1,-1,-1,1,1,1,-1,1,-1,-1,-1,-1,-1,1,-1,-1,1,1,1,-1,-1,1,-1,-1,1,1,1,0.025,-136.0,1
461,1,1,1,1,1,1,1,-1,-1,-1,-1,-1,1,-1,-1,-1,1,-1,1,-1,1,-1,1,-1,-1,-1,1,-1,-1,1,-1,1,-1,-1,-1,-1,-1,1,1,1,0.025,-136.0,1
462,-1,1,1,-1,-1,-1,-1,-1,1,1,1,1,1,-1,1,-1,1,1,-1,-1,-1,1,-1,-1,-1,-1,-1,1,1,-1,1,-1,1,1,1,1,1,-1,1,-1,0.025,-160.0,1
463,-1,1,1,-1,1,1,-1,-1,1,-1,-1,1,-1,-1,-1,1,1,-1,1,-1,1,-1,1,-1,1,-1,1,-1,-1,1,-1,1,-1,-1,-1,-1,-1,-1,1,1,0.0,-138.0,1
464,1,1,-1,1,1,1,1,1,-1,-1,-1,-1,-1,1,-1,1,1,1,-1,-1,1,-1,-1,-1,-1,-1,1,-1,-1,1,1,1,-1,-1,1,-1,-1,1,-1,1,0.0,-138.0,1
465,1,-1,-1,1,1,1,1,1,-1,-1,-1,-1,1,1,-1,1,-1,-1,1,1,1,-1,1,1,1,1,1,-1,-1,1,-1,1,-1,-1,-1,-1,-1,1,-1,1,0.025,-154.0,1
466,1,-1,-1,1,1,-1,1,1,1,-1,-1,-1,-1,1,-1,1,1,-1,1,-1,1,-1,1,-1,1,-1,1,-1,-1,1,-1,1,-1,-1,1,-1,-1,-1,-1,1,0.0,-136.0,1
467,-1,1,1,-1,1,-1,-1,-1,1,1,1,1,1,-1,1,1,1,-1,-1,-1,-1,1,-1,-1,-1,1,-1,1,1,1,-1,1,1,-1,1,1,-1,-1,1,-1,0.025,-154.0,1
468,1,1,-1,1,1,1,1,-1,-1,-1,-1,-1,1,-1,-1,1,1,-1,1,1,1,-1,1,1,1,1,1,-1,-1,1,-1,1,-1,-1,1,-1,-1,1,1,1,0.0,-134.0,1
469,-1,1,-1,-1,-1,1,1,-1,1,1,-1,1,-1,-1,1,1,1,-1,-1,-1,1,1,-1,-1,-1,-1,1,-1,1,1,-1,1,-1,1,1,1,-1,-1,1,-1,0.025,-138.0,1
470,-1,1,1,1,1,-1,1,-1,1,1,1,1,1,1,1,-1,1,1,1,-1,-1,-1,-1,-1,1,-1,-1,1,-1,-1,1,1,1,-1,-1,-1,1,1,-1,-1,0.0,-132.0,1
471,-1,1,1,-1,1,1,1,-1,1,-1,-1,1,-1,-1,1,-1,1,-1,-1,-1,-1,1,-1,-1,-1,-1,-1,-1,-1,1,-1,1,-1,-1,1,1,-1,-1,1,1,0.0,-132.0,1
472,-1,1,-1,-1,1,1,1,-1,-1,-1,-1,-1,-1,-1,-1,1,1,-1,1,1,1,1,1,-1,-1,1,1,-1,-1,1,-1,1,-1,-1,-1,-1,-1,1,1,1,0.025,-148.0,1
473,-1,1,-1,-1,-1,-1,1,-1,1,1,-1,1,-1,-1,-1,1,1,-1,1,-1,1,1,1,-1,-1,-1,1,-1,1,1,1,1,-1,-1,1,1,-1,-1,1,1,0.025,-128.0,1
474,1,-1,1,1,1,1,1,-1,1,-1,-1,-1,-1,1,-1,1,1,-1,1,-1,1,-1,1,-1,1,-1,1,-1,-1,1,1,1,-1,-1,1,-1,-1,1,1,1,0.0,-128.0,1
