,0,1,2,3,4,5,6,7,8,9,10,11,12,13,14,15,16,17,18,19,20,21,22,23,24,25,26,27,28,29,30,31,32,33,34,35,36,37,38,39,chain_break_fraction,energy,num_occurrences
0,-1,1,-1,1,1,-1,-1,-1,-1,1,-1,-1,1,-1,1,1,-1,-1,1,-1,1,1,-1,-1,1,-1,1,-1,1,1,1,-1,1,1,1,1,-1,-1,1,-1,0.0,-163.67142180415306,29
1,1,-1,1,-1,-1,1,1,1,1,-1,1,1,-1,1,-1,-1,1,1,-1,1,-1,-1,1,1,-1,1,-1,1,-1,-1,-1,1,-1,-1,-1,-1,1,1,-1,1,0.0,-163.67142180415306,6
2,1,1,1,1,1,1,-1,1,-1,-1,-1,1,-1,-1,1,1,-1,-1,-1,-1,1,-1,-1,1,1,-1,-1,-1,1,1,-1,1,1,1,-1,1,-1,1,1,-1,0.0,-163.11602845074998,6
3,-1,-1,-1,-1,-1,-1,1,-1,1,1,1,-1,1,1,-1,-1,1,1,1,1,-1,1,1,-1,-1,1,1,1,-1,-1,1,-1,-1,-1,1,-1,1,-1,-1,1,0.0,-163.11602845074998,5
4,-1,-1,-1,-1,1,-1,-1,-1,-1,1,-1,-1,1,-1,1,-1,-1,-1,1,-1,1,1,-1,-1,-1,-1,-1,-1,1,1,1,-1,1,1,-1,1,-1,-1,1,1,0.0,-162.16716952613805,3
5,1,1,1,1,-1,1,1,1,1,-1,1,1,-1,1,-1,1,1,1,-1,1,-1,-1,1,1,1,1,1,1,-1,-1,-1,1,-1,-1,1,-1,1,1,-1,-1,0.0,-162.16716952613805,18
6,1,1,1,1,1,1,-1,1,-1,-1,1,1,-1,-1,1,1,-1,-1,-1,-1,1,-1,-1,1,1,-1,-1,-1,1,1,-1,1,1,1,-1,1,-1,1,1,-1,0.0,-161.62817080881308,2
7,-1,-1,-1,-1,-1,-1,1,-1,1,1,-1,-1,1,1,-1,-1,1,1,1,1,-1,1,1,-1,-1,1,1,1,-1,-1,1,-1,-1,-1,1,-1,1,-1,-1,1,0.0,-161.62817080881308,11
8,1,-1,-1,-1,-1,-1,1,1,1,-1,1,1,-1,1,-1,-1,-1,1,1,1,-1,-1,1,1,-1,1,-1,1,-1,-1,1,-1,-1,-1,-1,-1,1,1,-1,1,0.0,-161.55628854747442,25
9,-1,1,1,1,1,1,-1,-1,-1,1,-1,-1,1,-1,1,1,1,-1,-1,-1,1,1,-1,-1,1,-1,1,-1,1,1,-1,1,1,1,1,1,-1,-1,1,-1,0.0,-161.55628854747442,17
10,1,1,1,1,1,1,-1,1,-1,-1,1,1,-1,-1,1,1,-1,-1,-1,-1,1,-1,-1,1,1,1,-1,-1,1,1,-1,1,1,1,-1,1,-1,1,1,-1,0.0,-161.01697252654597,4
11,-1,-1,-1,-1,-1,-1,1,-1,1,1,-1,-1,1,1,-1,-1,1,1,1,1,-1,1,1,-1,-1,-1,1,1,-1,-1,1,-1,-1,-1,1,-1,1,-1,-1,1,0.0,-161.01697252654597,13
12,-1,1,-1,1,1,-1,-1,-1,-1,1,-1,-1,1,-1,1,-1,-1,-1,1,-1,1,1,-1,-1,1,-1,1,-1,1,1,1,-1,1,1,1,1,-1,-1,1,-1,0.0,-160.72531563886756,2
13,1,1,1,1,-1,1,1,1,1,-1,1,1,-1,1,-1,1,1,1,-1,1,-1,-1,1,1,1,1,1,1,-1,-1,-1,1,-1,1,1,-1,1,1,-1,-1,0.0,-160.56828600725012,5
14,-1,1,1,1,1,1,-1,1,-1,1,-1,-1,1,-1,1,1,1,-1,-1,-1,1,1,-1,-1,1,-1,1,-1,1,1,-1,1,1,1,1,1,-1,-1,1,-1,0.0,-159.66924857946023,2
15,1,-1,-1,-1,-1,-1,1,-1,1,-1,1,1,-1,1,-1,-1,-1,1,1,1,-1,-1,1,1,-1,1,-1,1,-1,-1,1,-1,-1,-1,-1,-1,1,1,-1,1,0.0,-159.66924857946023,2
16,1,-1,-1,-1,-1,-1,1,-1,1,-1,1,1,-1,1,-1,-1,-1,1,1,1,-1,-1,1,1,-1,1,-1,1,-1,-1,-1,-1,-1,-1,-1,-1,1,1,-1,1,0.0,-159.1488191052459,3
17,-1,1,1,1,1,1,-1,1,-1,1,-1,-1,1,-1,1,1,1,-1,-1,-1,1,1,-1,-1,1,-1,1,-1,1,1,1,1,1,1,1,1,-1,-1,1,-1,0.0,-159.1488191052459,1
18,1,-1,1,-1,-1,1,1,1,1,-1,1,1,-1,1,-1,-1,1,1,-1,1,-1,-1,1,1,1,1,-1,1,-1,-1,-1,1,-1,-1,-1,-1,1,1,-1,1,0.0,-158.87906678997595,5
19,-1,1,-1,1,1,-1,-1,-1,-1,1,-1,-1,1,-1,1,1,-1,-1,1,-1,1,1,-1,-1,-1,-1,1,-1,1,1,1,-1,1,1,1,1,-1,-1,1,-1,0.0,-158.87906678997595,7
20,-1,1,-1,1,1,-1,-1,-1,-1,1,-1,-1,1,-1,1,1,-1,-1,1,-1,1,1,-1,-1,1,-1,1,-1,1,1,-1,-1,1,1,1,1,-1,-1,1,-1,0.0,-158.8156930319775,2
21,1,-1,1,-1,-1,1,1,1,1,-1,1,1,-1,1,-1,-1,1,1,-1,1,-1,-1,1,1,-1,1,-1,1,-1,-1,1,1,-1,-1,-1,-1,1,1,-1,1,0.0,-158.8156930319775,1
22,1,-1,1,-1,-1,1,1,1,1,-1,1,1,-1,1,-1,-1,-1,1,-1,1,-1,-1,1,1,-1,1,-1,1,-1,-1,-1,1,-1,-1,-1,-1,1,1,-1,1,0.0,-158.60719167655367,1
23,-1,1,-1,1,1,-1,-1,-1,-1,1,-1,-1,1,-1,1,1,1,-1,1,-1,1,1,-1,-1,1,-1,1,-1,1,1,1,-1,1,1,1,1,-1,-1,1,-1,0.0,-158.60719167655367,11
24,-1,1,-1,1,1,-1,-1,-1,-1,1,-1,-1,1,-1,1,1,-1,-1,1,-1,1,1,-1,-1,1,-1,1,-1,1,1,1,-1,1,1,1,1,-1,-1,1,-1,0.025,-163.67142180415306,1
25,-1,1,-1,1,1,-1,-1,-1,-1,1,-1,-1,1,-1,-1,-1,-1,-1,1,-1,1,1,-1,-1,1,-1,1,-1,1,1,1,-1,1,-1,1,1,-1,-1,1,-1,0.0,-158.41534014151358,6
26,1,-1,1,-1,-1,1,1,1,1,-1,1,1,-1,1,1,1,1,1,-1,1,-1,-1,1,1,-1,1,-1,1,-1,-1,-1,1,-1,1,-1,-1,1,1,-1,1,0.0,-158.41534014151358,1
27,-1,-1,-1,-1,1,-1,-1,-1,1,1,-1,-1,1,-1,1,-1,-1,-1,1,-1,1,1,-1,-1,-1,-1,-1,-1,1,1,1,-1,1,1,-1,1,-1,-1,1,1,0.0,-158.37182741283195,1
28,1,1,1,1,-1,1,1,1,-1,-1,1,1,-1,1,-1,1,1,1,-1,1,-1,-1,1,1,1,1,1,1,-1,-1,-1,1,-1,-1,1,-1,1,1,-1,-1,0.0,-158.37182741283195,2
29,1,1,1,1,1,1,-1,1,-1,-1,-1,1,1,-1,1,1,-1,-1,-1,-1,1,-1,-1,1,1,-1,-1,-1,1,1,-1,1,1,1,-1,1,-1,1,1,-1,0.0,-158.3430723059795,1
30,1,1,1,1,1,1,-1,1,-1,-1,-1,-1,1,-1,1,1,-1,-1,-1,-1,1,1,-1,1,1,-1,-1,-1,1,1,-1,1,1,1,-1,1,-1,1,1,-1,0.0,-158.2140415670723,1
31,1,1,1,1,-1,1,1,1,1,-1,1,1,-1,1,-1,1,-1,1,-1,1,-1,-1,1,1,1,1,1,1,-1,-1,-1,1,-1,1,1,-1,1,1,-1,-1,0.0,-158.14752510820514,4
32,-1,-1,-1,-1,1,-1,-1,-1,-1,1,-1,-1,1,-1,1,-1,1,-1,1,-1,1,1,-1,-1,-1,-1,-1,-1,1,1,1,-1,1,-1,-1,1,-1,-1,1,1,0.0,-158.1475251082053,1
33,-1,1,-1,1,1,-1,-1,-1,-1,1,-1,-1,1,-1,1,1,1,-1,1,-1,1,1,-1,-1,1,-1,1,-1,1,1,1,1,1,1,1,1,-1,-1,1,-1,0.0,-158.0264538458098,5
34,1,-1,1,-1,-1,1,1,1,1,-1,1,1,-1,1,-1,-1,-1,1,-1,1,-1,-1,1,1,-1,1,-1,1,-1,-1,-1,-1,-1,-1,-1,-1,1,1,-1,1,0.0,-158.0264538458098,1
35,-1,1,-1,1,1,-1,-1,-1,-1,1,-1,-1,1,-1,1,-1,-1,-1,1,-1,1,1,-1,-1,1,-1,1,-1,1,1,1,-1,1,-1,1,1,-1,-1,1,-1,0.0,-157.9704897269287,3
36,-1,-1,-1,-1,1,-1,-1,-1,1,1,-1,-1,1,-1,1,-1,1,-1,1,-1,1,1,-1,-1,-1,-1,1,-1,1,1,1,-1,1,-1,1,1,-1,-1,1,1,0.0,-157.91407584300546,15
37,1,1,1,1,-1,1,1,1,-1,-1,1,1,-1,1,-1,1,-1,1,-1,1,-1,-1,1,1,1,1,-1,1,-1,-1,-1,1,-1,1,-1,-1,1,1,-1,-1,0.0,-157.91407584300546,8
38,-1,1,1,1,1,1,-1,1,-1,-1,-1,1,-1,-1,1,1,-1,-1,-1,-1,1,-1,-1,1,1,-1,-1,-1,1,1,-1,1,1,1,-1,1,-1,1,1,-1,0.0,-157.88833490975867,1
39,1,1,1,1,-1,1,1,1,1,-1,1,1,-1,1,-1,1,-1,1,-1,1,-1,-1,1,1,1,1,1,1,-1,-1,-1,1,-1,-1,1,-1,1,1,-1,-1,0.0,-157.64311712553106,8
40,1,1,1,1,1,1,-1,1,-1,-1,-1,-1,-1,-1,1,1,-1,-1,-1,-1,1,-1,-1,1,1,-1,-1,-1,1,1,-1,1,1,1,-1,1,-1,1,1,-1,0.0,-157.58134864845152,2
41,-1,-1,-1,-1,-1,-1,1,-1,1,1,1,-1,1,-1,1,-1,1,-1,1,-1,1,1,-1,-1,-1,-1,1,-1,1,1,1,1,1,-1,1,1,-1,-1,1,1,0.0,-157.49594865835937,1
42,-1,1,-1,1,1,-1,-1,-1,-1,1,-1,-1,1,-1,1,1,-1,-1,1,-1,1,1,-1,-1,1,-1,1,-1,1,1,1,1,1,1,1,1,-1,-1,1,-1,0.0,-157.40060159902663,1
43,1,-1,1,-1,-1,1,1,1,1,-1,1,1,-1,1,-1,-1,1,1,-1,1,-1,-1,1,1,-1,1,-1,1,-1,-1,-1,-1,-1,-1,-1,-1,1,1,-1,1,0.0,-157.40060159902663,1
44,1,-1,1,-1,-1,1,1,1,1,-1,1,1,-1,1,1,1,-1,1,-1,1,-1,-1,1,1,-1,1,-1,1,-1,-1,-1,1,-1,1,-1,-1,1,1,-1,1,0.0,-157.38344058512962,1
45,-1,1,-1,1,1,-1,-1,-1,-1,1,-1,-1,1,-1,-1,-1,1,-1,1,-1,1,1,-1,-1,1,-1,1,-1,1,1,1,-1,1,-1,1,1,-1,-1,1,-1,0.0,-157.38344058512962,10
46,-1,-1,-1,1,1,-1,-1,-1,-1,1,-1,-1,1,-1,1,-1,1,-1,1,-1,1,1,-1,-1,-1,-1,1,-1,1,1,1,-1,1,-1,1,1,-1,-1,1,1,0.0,-157.3155267572717,4
47,1,1,1,-1,-1,1,1,1,1,-1,1,1,-1,1,-1,1,-1,1,-1,1,-1,-1,1,1,1,1,-1,1,-1,-1,-1,1,-1,1,-1,-1,1,1,-1,-1,0.0,-157.3155267572717,12
48,-1,1,1,1,1,1,-1,-1,-1,1,-1,-1,1,-1,1,1,1,-1,-1,-1,1,1,-1,-1,1,-1,-1,-1,1,1,-1,1,1,1,1,1,-1,-1,1,-1,0.0,-157.26673216365793,3
49,1,-1,-1,-1,-1,-1,1,1,1,-1,1,1,-1,1,-1,-1,-1,1,1,1,-1,-1,1,1,-1,1,1,1,-1,-1,1,-1,-1,-1,-1,-1,1,1,-1,1,0.0,-157.26673216365793,5
50,-1,1,-1,1,1,-1,-1,-1,-1,1,-1,-1,1,-1,1,1,-1,-1,1,-1,1,1,-1,-1,1,-1,1,-1,1,1,1,-1,1,-1,1,1,-1,-1,1,-1,0.0,-157.23813643600977,3
51,-1,1,-1,1,1,-1,-1,-1,-1,1,-1,-1,1,-1,1,1,-1,-1,-1,-1,1,1,-1,-1,1,-1,1,-1,1,1,-1,-1,1,1,1,1,-1,-1,1,-1,0.0,-157.19574704782332,1
52,-1,1,1,1,1,1,-1,-1,-1,1,-1,-1,1,-1,1,1,1,-1,-1,-1,-1,1,-1,-1,1,-1,1,-1,1,1,-1,1,1,1,1,1,-1,-1,1,-1,0.0,-157.08056395378082,2
53,1,-1,-1,-1,-1,-1,1,1,1,-1,1,1,-1,1,-1,-1,-1,1,1,1,1,-1,1,1,-1,1,-1,1,-1,-1,1,-1,-1,-1,-1,-1,1,1,-1,1,0.0,-157.08056395378082,2
54,1,1,1,1,-1,1,1,1,1,-1,1,1,-1,1,-1,-1,1,1,-1,1,-1,-1,1,1,1,1,1,1,-1,-1,-1,1,-1,-1,1,-1,1,1,-1,-1,0.0,-157.022288709295,4
55,-1,-1,-1,-1,1,-1,-1,-1,-1,1,-1,-1,1,-1,1,1,-1,-1,1,-1,1,1,-1,-1,-1,-1,-1,-1,1,1,1,-1,1,1,-1,1,-1,-1,1,1,0.0,-157.022288709295,2
56,1,-1,1,-1,-1,-1,1,1,1,-1,1,1,-1,1,-1,-1,-1,1,-1,1,-1,-1,1,1,-1,1,-1,1,-1,-1,-1,-1,-1,-1,-1,-1,1,1,-1,1,0.0,-156.8942456704883,2
57,-1,1,-1,1,1,1,-1,-1,-1,1,-1,-1,1,-1,1,1,1,-1,1,-1,1,1,-1,-1,1,-1,1,-1,1,1,1,1,1,1,1,1,-1,-1,1,-1,0.0,-156.8942456704883,1
58,1,-1,1,-1,-1,1,1,1,1,-1,1,1,-1,1,-1,1,-1,1,-1,1,-1,-1,1,1,-1,1,-1,1,-1,-1,-1,1,-1,-1,-1,-1,1,1,-1,1,0.0,-156.85687782697485,1
59,-1,1,-1,1,1,-1,-1,-1,-1,1,-1,-1,1,-1,1,-1,1,-1,1,-1,1,1,-1,-1,1,-1,1,-1,1,1,1,-1,1,1,1,1,-1,-1,1,-1,0.0,-156.85687782697485,2
60,-1,1,-1,1,1,-1,-1,-1,-1,1,-1,-1,1,-1,-1,-1,-1,-1,1,-1,1,1,-1,-1,-1,-1,1,-1,1,1,1,-1,1,-1,1,1,-1,-1,1,-1,0.0,-156.84825593313673,2
61,1,-1,1,-1,-1,1,1,1,1,-1,1,1,-1,1,1,1,1,1,-1,1,-1,-1,1,1,1,1,-1,1,-1,-1,-1,1,-1,1,-1,-1,1,1,-1,1,0.0,-156.84825593313673,2
62,1,1,1,1,1,1,-1,1,-1,-1,-1,1,-1,-1,1,1,-1,-1,-1,-1,1,-1,-1,1,1,-1,-1,-1,1,1,-1,1,1,1,-1,1,1,1,1,-1,0.0,-156.81379746081177,1
63,-1,-1,-1,-1,1,-1,-1,-1,1,1,-1,-1,1,-1,-1,-1,1,-1,1,-1,1,1,-1,-1,-1,-1,1,-1,1,1,1,-1,-1,-1,1,1,-1,-1,1,1,0.0,-156.78258459845154,4
64,1,1,1,1,-1,1,1,1,-1,-1,1,1,-1,1,1,1,-1,1,-1,1,-1,-1,1,1,1,1,-1,1,-1,-1,-1,1,1,1,-1,-1,1,1,-1,-1,0.0,-156.78258459845154,1
65,-1,1,1,1,1,1,-1,-1,-1,1,-1,-1,1,-1,1,1,1,-1,1,-1,1,1,-1,-1,1,-1,1,-1,1,1,1,1,1,1,1,1,-1,-1,1,-1,0.0,-156.75995945868664,2
66,1,-1,-1,-1,-1,-1,1,1,1,-1,1,1,-1,1,-1,-1,-1,1,-1,1,-1,-1,1,1,-1,1,-1,1,-1,-1,-1,-1,-1,-1,-1,-1,1,1,-1,1,0.0,-156.75995945868664,1
67,-1,-1,-1,-1,1,-1,-1,-1,1,1,-1,-1,1,-1,-1,-1,1,-1,1,-1,1,1,-1,-1,-1,-1,1,-1,1,1,1,-1,1,-1,1,1,-1,-1,1,1,0.0,-156.74925064376842,5
68,1,1,1,1,-1,1,1,1,-1,-1,1,1,-1,1,1,1,-1,1,-1,1,-1,-1,1,1,1,1,-1,1,-1,-1,-1,1,-1,1,-1,-1,1,1,-1,-1,0.0,-156.74925064376842,2
69,1,1,1,-1,-1,1,1,1,1,-1,1,1,-1,1,-1,1,1,1,-1,1,-1,-1,1,1,1,1,-1,1,-1,-1,-1,1,-1,1,-1,-1,1,1,-1,1,0.0,-156.70889264635372,1
70,1,-1,-1,-1,-1,-1,1,1,1,-1,1,1,-1,1,-1,-1,-1,1,1,1,-1,-1,1,-1,-1,1,1,1,-1,-1,1,-1,-1,-1,-1,-1,1,1,-1,1,0.0,-156.68476470969807,2
71,-1,-1,-1,-1,1,-1,-1,-1,1,1,-1,-1,1,-1,1,-1,1,-1,1,-1,1,1,-1,-1,-1,-1,1,-1,1,1,1,-1,-1,-1,1,1,-1,-1,1,1,0.0,-156.64390760095495,10
72,1,1,1,1,-1,1,1,1,-1,-1,1,1,-1,1,-1,1,-1,1,-1,1,-1,-1,1,1,1,1,-1,1,-1,-1,-1,1,1,1,-1,-1,1,1,-1,-1,0.0,-156.64390760095495,2
73,1,1,1,1,-1,1,1,1,-1,-1,1,1,-1,1,-1,1,-1,1,-1,1,-1,-1,1,1,1,1,-1,1,-1,-1,-1,1,-1,1,-1,-1,1,1,-1,-1,0.025,-157.91407584300546,6
74,-1,-1,-1,-1,1,-1,-1,-1,1,1,-1,-1,1,-1,1,-1,1,-1,1,-1,1,1,-1,-1,-1,-1,1,-1,1,1,1,-1,1,-1,1,1,-1,-1,1,1,0.025,-157.91407584300546,3
75,1,1,1,-1,-1,1,1,1,1,-1,1,1,-1,1,-1,1,1,1,-1,1,-1,-1,1,1,1,1,1,1,-1,-1,-1,1,-1,1,1,-1,1,1,-1,-1,0.0,-156.56225486557355,1
76,1,1,1,1,-1,1,1,1,1,-1,1,1,-1,1,1,1,1,1,-1,1,-1,-1,1,1,1,1,1,1,-1,-1,-1,1,-1,1,1,-1,1,1,-1,-1,0.0,-156.51310916060064,1
77,-1,-1,-1,-1,1,-1,-1,-1,1,1,-1,-1,1,-1,1,-1,1,-1,1,-1,1,1,-1,-1,-1,-1,1,-1,1,1,1,-1,1,1,1,1,-1,-1,1,1,0.0,-156.44383948875128,3
78,1,1,1,1,-1,1,1,1,-1,-1,1,1,-1,1,-1,1,-1,1,-1,1,-1,-1,1,1,1,1,-1,1,-1,-1,-1,1,-1,-1,-1,-1,1,1,-1,-1,0.0,-156.44383948875128,8
79,1,1,1,-1,-1,1,1,1,-1,-1,1,1,-1,1,-1,1,1,1,-1,1,-1,-1,1,1,1,1,-1,1,-1,-1,-1,1,-1,1,-1,-1,1,1,-1,-1,0.0,-156.44011871954166,2
80,1,1,1,1,1,1,-1,1,-1,-1,-1,-1,-1,-1,1,1,-1,-1,-1,-1,1,1,-1,1,1,-1,-1,-1,1,1,-1,1,1,1,-1,1,-1,1,1,-1,0.0,-156.43760999055598,2
81,1,-1,-1,-1,-1,-1,1,1,1,-1,1,1,-1,1,-1,-1,-1,1,1,1,-1,-1,1,1,-1,1,-1,1,-1,-1,-1,-1,-1,-1,-1,-1,1,1,-1,1,0.0,-156.41495205983068,2
82,-1,1,-1,1,1,-1,-1,-1,-1,1,-1,-1,1,-1,-1,1,-1,-1,1,-1,1,1,-1,-1,1,-1,1,-1,1,1,1,-1,1,-1,1,1,-1,-1,1,-1,0.0,-156.2745656988934,2
83,1,1,1,1,-1,1,-1,1,1,-1,1,1,-1,1,-1,1,-1,1,-1,1,-1,-1,1,1,1,1,-1,1,-1,-1,-1,1,-1,1,-1,-1,1,1,-1,-1,0.0,-156.23666371369575,1
84,-1,-1,-1,-1,1,-1,1,-1,-1,1,-1,-1,1,-1,1,-1,1,-1,1,-1,1,1,-1,-1,-1,-1,1,-1,1,1,1,-1,1,-1,1,1,-1,-1,1,1,0.0,-156.23666371369575,2
85,-1,1,-1,1,1,-1,-1,-1,-1,1,-1,-1,1,-1,1,-1,1,-1,1,-1,1,1,-1,-1,1,-1,1,-1,1,1,1,-1,1,-1,1,1,-1,-1,1,-1,0.0,-156.205343416598,5
86,1,-1,1,-1,-1,1,1,1,1,-1,1,1,-1,1,-1,1,-1,1,-1,1,-1,-1,1,1,-1,1,-1,1,-1,-1,-1,1,-1,1,-1,-1,1,1,-1,1,0.0,-156.205343416598,1
87,-1,-1,-1,-1,-1,-1,1,-1,1,1,-1,-1,1,1,1,-1,1,1,1,1,-1,1,1,-1,-1,1,1,1,-1,-1,1,-1,-1,-1,1,-1,1,-1,-1,1,0.0,-156.09096986573314,1
88,-1,1,-1,1,1,-1,-1,-1,-1,1,-1,-1,1,-1,-1,1,-1,-1,1,-1,1,1,-1,-1,-1,-1,1,-1,1,1,1,-1,1,-1,1,1,-1,-1,1,-1,0.0,-156.0783557808222,3
89,1,-1,-1,-1,-1,-1,1,1,1,-1,1,1,-1,1,-1,-1,-1,1,1,1,-1,-1,1,1,-1,1,1,1,-1,-1,-1,-1,-1,-1,-1,-1,1,1,-1,1,0.0,-156.04713748377597,2
90,-1,1,-1,1,1,-1,-1,-1,-1,1,-1,-1,1,-1,1,1,-1,-1,1,-1,1,1,-1,-1,-1,-1,1,-1,1,1,1,1,1,1,1,1,-1,-1,1,-1,0.0,-156.04025436301677,1
91,-1,1,-1,1,1,-1,-1,-1,-1,1,-1,-1,1,-1,1,1,1,-1,1,-1,1,1,-1,-1,-1,-1,1,-1,1,1,1,1,1,1,1,1,-1,-1,1,-1,0.0,-156.02320629512312,1
92,1,-1,1,-1,-1,1,1,1,1,-1,1,1,-1,1,-1,-1,-1,1,-1,1,-1,-1,1,1,1,1,-1,1,-1,-1,-1,-1,-1,-1,-1,-1,1,1,-1,1,0.0,-156.02320629512312,1
93,1,1,1,1,-1,1,1,1,1,-1,1,1,-1,1,-1,-1,-1,1,-1,1,-1,-1,1,1,1,1,1,1,-1,-1,-1,-1,-1,-1,1,-1,1,1,-1,-1,0.0,-155.98455751440721,1
94,-1,-1,-1,1,1,-1,-1,-1,-1,1,-1,-1,1,-1,1,-1,1,-1,1,-1,1,1,-1,-1,-1,-1,1,-1,1,1,1,-1,1,-1,1,1,-1,-1,1,1,0.025,-157.3155267572717,3
95,1,1,1,-1,-1,1,1,1,1,-1,1,1,-1,1,-1,1,-1,1,-1,1,-1,-1,1,1,1,1,-1,1,-1,-1,-1,1,-1,1,-1,-1,1,1,-1,-1,0.025,-157.3155267572717,3
96,-1,-1,-1,1,-1,-1,1,-1,1,1,-1,-1,1,1,-1,-1,1,1,1,1,-1,1,1,-1,-1,-1,1,1,-1,-1,1,-1,-1,-1,1,-1,1,-1,-1,1,0.0,-155.73460903370838,1
97,-1,-1,-1,-1,-1,-1,1,-1,1,1,1,-1,1,1,-1,-1,1,-1,1,1,-1,1,1,-1,-1,1,1,1,-1,-1,1,-1,-1,-1,1,-1,1,-1,-1,1,0.0,-155.7088148561167,2
98,1,1,1,1,-1,1,1,1,-1,-1,1,1,-1,1,1,1,-1,1,-1,1,-1,-1,1,1,1,1,-1,-1,-1,-1,-1,1,1,1,-1,-1,1,1,-1,-1,0.0,-155.5732782296719,3
99,-1,-1,-1,-1,1,-1,-1,-1,1,1,-1,-1,1,-1,-1,-1,1,-1,1,-1,1,1,-1,-1,-1,-1,1,1,1,1,1,-1,-1,-1,1,1,-1,-1,1,1,0.0,-155.5732782296719,3
100,1,1,-1,1,-1,1,1,1,1,-1,1,1,-1,1,-1,1,1,1,-1,1,-1,-1,1,1,1,1,1,1,-1,-1,-1,1,-1,-1,1,-1,1,1,-1,-1,0.0,-155.44999123692887,1
101,1,-1,1,-1,-1,1,1,1,1,-1,1,1,-1,1,-1,-1,1,1,-1,1,-1,-1,1,1,1,1,-1,1,-1,-1,-1,1,-1,1,-1,-1,1,1,-1,1,0.0,-155.4389329737379,1
102,-1,1,-1,1,1,-1,-1,-1,-1,1,-1,-1,1,-1,1,1,-1,-1,1,-1,1,1,-1,-1,-1,-1,1,-1,1,1,1,-1,1,-1,1,1,-1,-1,1,-1,0.0,-155.438932973738,3
103,-1,1,-1,1,1,-1,-1,-1,-1,1,-1,-1,1,-1,1,1,-1,-1,1,-1,1,1,-1,-1,1,-1,1,-1,1,1,-1,-1,1,-1,1,1,-1,-1,1,-1,0.0,-155.43678933017915,1
104,1,1,1,1,-1,1,-1,1,-1,-1,1,1,-1,1,-1,1,-1,1,-1,1,-1,-1,1,1,1,1,-1,1,-1,-1,-1,1,-1,1,-1,-1,1,1,-1,-1,0.0,-155.43269315561125,2
105,-1,-1,-1,-1,1,-1,1,-1,1,1,-1,-1,1,-1,1,-1,1,-1,1,-1,1,1,-1,-1,-1,-1,1,-1,1,1,1,-1,1,-1,1,1,-1,-1,1,1,0.0,-155.43269315561105,4
106,-1,-1,-1,1,1,-1,-1,-1,-1,1,-1,-1,1,-1,-1,-1,1,-1,1,-1,1,1,-1,-1,-1,-1,1,-1,1,1,1,-1,1,-1,1,1,-1,-1,1,1,0.0,-155.42938133542918,1
107,-1,-1,-1,-1,1,-1,-1,-1,1,1,-1,-1,1,-1,-1,-1,1,-1,1,-1,1,1,-1,-1,-1,-1,1,-1,1,1,1,-1,1,-1,1,1,-1,-1,1,1,0.025,-156.74925064376822,1
108,-1,1,-1,1,1,-1,-1,-1,-1,1,-1,-1,1,-1,1,1,-1,-1,1,-1,1,1,-1,-1,-1,-1,1,-1,1,1,-1,-1,1,1,1,1,-1,-1,1,-1,0.0,-155.39466708305133,3
109,1,-1,1,-1,-1,1,1,1,1,-1,1,1,-1,1,-1,-1,1,1,-1,1,-1,-1,1,1,1,1,-1,1,-1,-1,1,1,-1,-1,-1,-1,1,1,-1,1,0.0,-155.39466708305133,1
110,-1,-1,-1,-1,1,-1,1,-1,1,1,-1,-1,1,-1,1,-1,1,-1,1,-1,1,1,-1,-1,-1,-1,1,-1,1,1,1,-1,1,1,1,1,-1,-1,1,1,0.0,-155.3755361990736,2
111,1,1,1,1,-1,1,-1,1,-1,-1,1,1,-1,1,-1,1,-1,1,-1,1,-1,-1,1,1,1,1,-1,1,-1,-1,-1,1,-1,-1,-1,-1,1,1,-1,-1,0.0,-155.3755361990736,4
112,-1,1,-1,1,1,-1,-1,-1,-1,1,-1,-1,1,-1,-1,-1,-1,-1,1,-1,1,-1,-1,-1,1,-1,1,-1,1,1,1,-1,1,-1,1,1,-1,-1,1,-1,0.0,-155.35970076335767,2
113,1,1,1,-1,-1,1,1,1,-1,-1,1,1,-1,1,-1,1,-1,1,-1,1,-1,-1,1,1,1,1,-1,1,-1,-1,-1,1,-1,1,-1,-1,1,1,-1,-1,0.0,-155.32406439605398,3
114,-1,-1,-1,1,1,-1,-1,-1,1,1,-1,-1,1,-1,1,-1,1,-1,1,-1,1,1,-1,-1,-1,-1,1,-1,1,1,1,-1,1,-1,1,1,-1,-1,1,1,0.0,-155.32406439605398,2
115,-1,1,-1,1,1,-1,-1,-1,-1,1,-1,-1,1,-1,-1,1,-1,-1,1,-1,1,1,-1,-1,-1,-1,1,-1,1,1,-1,-1,1,-1,1,1,-1,-1,1,-1,0.0,-155.2256095001283,1
116,1,1,1,1,1,1,-1,1,-1,-1,-1,1,1,-1,-1,1,-1,1,-1,1,1,-1,1,1,1,-1,-1,-1,-1,-1,-1,1,1,1,-1,-1,-1,1,1,-1,0.0,-155.19010689596695,10
117,-1,1,-1,1,1,-1,-1,-1,-1,1,-1,-1,1,-1,-1,-1,1,-1,1,-1,1,1,-1,-1,-1,-1,1,-1,1,1,1,-1,1,-1,1,1,-1,-1,1,-1,0.0,-155.17345606207613,7
118,1,-1,1,-1,-1,1,1,1,1,-1,1,1,-1,1,1,1,-1,1,-1,1,-1,-1,1,1,1,1,-1,1,-1,-1,-1,1,-1,1,-1,-1,1,1,-1,1,0.0,-155.17345606207613,3
119,1,1,1,1,-1,1,1,1,-1,-1,1,1,-1,1,-1,1,-1,1,-1,1,-1,-1,1,1,1,1,-1,1,-1,-1,-1,1,-1,-1,-1,-1,1,1,-1,-1,0.025,-156.44383948875128,3
120,-1,1,-1,1,1,1,-1,-1,-1,1,-1,-1,1,-1,1,1,1,-1,-1,-1,1,1,-1,-1,1,-1,1,-1,1,1,-1,1,1,1,1,1,-1,-1,1,-1,0.0,-155.02504486337202,1
121,1,-1,1,-1,-1,-1,1,1,1,-1,1,1,-1,1,-1,-1,-1,1,1,1,-1,-1,1,1,-1,1,-1,1,-1,-1,1,-1,-1,-1,-1,-1,1,1,-1,1,0.0,-155.02504486337202,1
122,1,-1,1,-1,-1,1,1,1,1,-1,1,1,-1,1,-1,-1,1,1,-1,1,-1,-1,1,1,1,1,-1,1,-1,-1,1,1,-1,1,-1,-1,1,1,-1,1,0.0,-155.008914933158,2
123,1,1,1,1,1,1,-1,1,-1,-1,-1,1,-1,-1,1,1,-1,1,-1,-1,1,-1,-1,1,1,-1,-1,-1,1,-1,-1,1,1,1,-1,1,-1,1,1,-1,0.0,-154.99139121049294,1
124,-1,-1,-1,-1,1,-1,1,-1,-1,1,-1,-1,1,-1,1,-1,1,-1,1,-1,1,1,-1,-1,-1,-1,1,-1,1,1,1,1,1,-1,1,1,-1,-1,1,1,0.0,-154.9869831303104,2
125,1,1,1,1,-1,1,-1,1,1,-1,1,1,-1,1,-1,1,-1,1,-1,1,-1,-1,1,1,1,1,-1,1,-1,-1,-1,-1,-1,1,-1,-1,1,1,-1,-1,0.0,-154.9869831303104,1
126,-1,-1,-1,-1,1,-1,-1,-1,1,1,-1,-1,1,-1,-1,-1,1,-1,1,-1,1,1,-1,-1,-1,-1,1,-1,1,1,1,-1,-1,-1,1,1,-1,-1,1,1,0.025,-156.78258459845154,1
127,1,1,1,1,1,1,-1,1,-1,-1,-1,1,-1,-1,1,1,-1,1,-1,-1,-1,-1,-1,1,1,-1,-1,-1,1,-1,-1,1,1,1,-1,1,-1,1,1,-1,0.0,-154.9255339829634,1
128,-1,-1,-1,-1,-1,-1,1,-1,1,1,1,-1,1,1,-1,-1,1,-1,1,1,1,1,1,-1,-1,1,1,1,-1,1,1,-1,-1,-1,1,-1,1,-1,-1,1,0.0,-154.9255339829634,1
129,-1,-1,-1,-1,-1,-1,1,-1,1,1,-1,-1,1,1,-1,-1,1,1,1,1,-1,-1,1,-1,-1,-1,1,1,-1,-1,1,-1,-1,-1,1,-1,1,-1,-1,1,0.0,-154.8999480543084,2
130,-1,-1,-1,-1,-1,-1,1,-1,1,1,1,-1,1,-1,1,-1,1,-1,1,-1,1,1,-1,-1,-1,-1,1,-1,1,1,1,1,-1,-1,1,1,-1,-1,1,1,0.0,-154.88255548527584,2
131,1,-1,1,-1,-1,1,1,1,1,-1,1,1,-1,1,-1,-1,1,1,-1,1,-1,-1,1,1,1,1,1,1,-1,-1,-1,-1,-1,-1,-1,-1,1,1,-1,1,0.0,-154.87910629046158,5
132,-1,1,-1,1,1,-1,-1,-1,-1,1,-1,-1,1,-1,1,1,-1,-1,1,-1,1,1,-1,-1,-1,-1,-1,-1,1,1,1,1,1,1,1,1,-1,-1,1,-1,0.0,-154.87910629046158,2
133,-1,1,-1,1,1,-1,-1,-1,-1,1,-1,-1,1,-1,-1,-1,-1,-1,1,-1,1,1,-1,-1,1,-1,1,-1,1,1,1,-1,1,-1,1,1,-1,-1,1,-1,0.025,-158.41534014151358,2
134,-1,-1,1,-1,1,-1,-1,-1,1,1,-1,-1,1,-1,-1,-1,1,-1,1,-1,1,1,-1,-1,-1,-1,1,-1,1,1,1,-1,-1,-1,1,1,-1,-1,1,1,0.0,-154.8627234205131,1
135,1,1,1,1,1,1,-1,1,-1,-1,-1,1,1,-1,-1,1,-1,1,-1,1,1,-1,1,1,1,-1,-1,-1,1,-1,-1,1,1,1,-1,-1,-1,1,1,-1,0.0,-154.833857163797,17
136,-1,-1,-1,-1,-1,-1,1,-1,1,1,1,-1,-1,1,1,-1,1,-1,1,-1,-1,1,-1,-1,-1,1,1,1,-1,1,1,-1,-1,-1,1,1,1,-1,-1,1,0.0,-154.833857163797,1
137,-1,-1,-1,-1,1,-1,-1,-1,1,1,-1,-1,1,-1,1,-1,1,-1,1,-1,1,1,-1,-1,-1,-1,1,-1,1,1,1,-1,-1,-1,1,1,-1,-1,1,1,0.025,-156.64390760095526,1
138,-1,1,-1,1,1,-1,-1,-1,-1,1,-1,-1,1,-1,1,1,1,-1,1,-1,1,1,-1,-1,-1,-1,1,-1,1,1,1,1,1,-1,1,1,-1,-1,1,-1,0.0,-154.6577293602954,1
139,-1,-1,-1,-1,1,-1,1,-1,1,1,-1,-1,1,1,-1,-1,1,1,1,1,-1,1,1,-1,-1,1,1,1,-1,-1,1,-1,-1,-1,1,-1,1,-1,-1,1,0.0,-154.6527600203418,1
140,1,1,1,-1,-1,1,-1,1,1,-1,1,1,-1,1,-1,1,-1,1,-1,1,-1,-1,1,1,1,1,-1,1,-1,-1,-1,1,-1,1,-1,-1,1,1,-1,-1,0.0,-154.63757410031477,1
141,1,1,1,1,-1,1,1,1,-1,-1,1,1,-1,1,-1,1,1,1,-1,1,-1,-1,1,1,1,1,-1,1,-1,-1,-1,1,-1,-1,-1,-1,1,1,-1,-1,0.0,-154.59593038883105,1
142,-1,-1,-1,-1,1,-1,1,-1,-1,1,-1,-1,1,-1,1,-1,1,-1,1,-1,1,1,-1,-1,-1,-1,1,-1,1,1,1,-1,1,1,1,1,-1,-1,1,1,0.0,-154.58599991888593,1
143,1,1,1,1,-1,1,-1,1,1,-1,1,1,-1,1,-1,1,-1,1,-1,1,-1,-1,1,1,1,1,-1,1,-1,-1,-1,1,-1,-1,-1,-1,1,1,-1,-1,0.0,-154.58599991888593,2
144,-1,1,-1,1,1,-1,-1,-1,-1,1,-1,-1,1,-1,1,-1,-1,-1,1,-1,1,1,-1,-1,-1,-1,1,-1,1,1,1,-1,1,1,1,1,-1,-1,1,-1,0.0,-154.5620863343848,2
145,-1,-1,-1,-1,-1,-1,1,-1,1,1,1,-1,1,1,-1,-1,1,1,1,1,-1,-1,1,-1,-1,1,1,1,-1,-1,1,-1,-1,-1,1,-1,1,-1,-1,1,0.0,-154.46688042492968,1
146,1,-1,-1,-1,-1,-1,1,1,1,-1,1,1,-1,1,-1,-1,-1,1,1,1,1,-1,1,1,-1,1,-1,-1,-1,-1,1,-1,-1,-1,-1,-1,1,1,-1,1,0.0,-154.37853012748783,1
147,-1,1,1,1,1,1,1,-1,-1,1,-1,-1,1,-1,1,1,1,-1,-1,-1,1,1,-1,-1,-1,-1,1,-1,1,1,-1,1,1,1,1,1,-1,-1,1,-1,0.0,-154.37591816642703,1
148,1,-1,-1,-1,-1,-1,-1,1,1,-1,1,1,-1,1,-1,-1,-1,1,1,1,-1,-1,1,1,1,1,-1,1,-1,-1,1,-1,-1,-1,-1,-1,1,1,-1,1,0.0,-154.37591816642703,1
149,-1,-1,-1,1,1,-1,-1,-1,-1,1,-1,-1,1,-1,1,-1,1,-1,1,-1,1,1,-1,-1,-1,-1,1,-1,1,1,1,-1,1,-1,1,1,-1,-1,1,-1,0.0,-154.3570923802364,1
150,1,1,1,-1,-1,1,1,1,1,-1,1,1,-1,1,-1,1,-1,1,-1,1,-1,-1,1,1,1,1,-1,1,-1,-1,-1,1,-1,1,-1,-1,1,1,-1,1,0.0,-154.3570923802364,2
151,-1,-1,-1,-1,1,-1,1,-1,1,1,-1,-1,1,-1,1,-1,1,-1,1,-1,1,1,-1,-1,-1,-1,1,-1,1,1,1,-1,-1,-1,1,1,-1,-1,1,1,0.0,-154.35283665825213,3
152,1,1,1,-1,-1,1,1,1,1,-1,1,1,-1,1,-1,-1,1,1,-1,1,-1,-1,1,1,1,1,1,1,-1,-1,-1,1,-1,-1,1,-1,1,1,-1,-1,0.0,-154.29484419649768,1
153,-1,-1,-1,-1,1,-1,-1,-1,-1,1,-1,-1,1,-1,-1,-1,1,-1,1,-1,1,1,-1,-1,-1,-1,1,-1,1,1,1,-1,1,-1,1,1,-1,-1,1,1,0.0,-154.24657167107185,1
154,1,1,1,-1,-1,1,1,1,1,-1,1,1,-1,1,1,1,-1,1,-1,1,-1,-1,1,1,1,1,-1,-1,-1,-1,-1,1,-1,1,-1,-1,1,1,-1,-1,0.0,-154.21318325573864,1
155,1,1,1,-1,-1,1,1,1,-1,-1,1,1,-1,1,-1,1,1,1,-1,1,-1,-1,1,1,1,1,-1,1,-1,-1,-1,1,-1,-1,-1,-1,1,1,-1,-1,0.025,-155.5277157060602,2
156,-1,-1,-1,-1,1,-1,-1,-1,-1,1,-1,-1,1,-1,-1,-1,1,-1,1,-1,1,1,-1,-1,-1,-1,-1,-1,1,1,1,-1,1,-1,1,1,-1,-1,1,1,0.0,-154.1867750259117,1
157,-1,-1,-1,1,1,-1,-1,-1,-1,1,-1,-1,1,-1,1,-1,1,-1,1,-1,1,1,-1,-1,-1,-1,1,1,1,1,1,-1,1,-1,1,1,-1,-1,1,1,0.0,-154.17603878261318,2
158,1,1,1,-1,-1,1,1,1,1,-1,1,1,-1,1,-1,1,-1,1,-1,1,-1,-1,1,1,1,1,-1,-1,-1,-1,-1,1,-1,1,-1,-1,1,1,-1,-1,0.0,-154.17603878261318,5
159,1,1,-1,1,-1,1,1,1,1,-1,1,1,-1,1,-1,-1,-1,1,-1,1,-1,-1,1,1,1,1,1,1,-1,-1,-1,-1,-1,-1,1,-1,1,1,-1,-1,0.0,-154.16095430905258,1
160,-1,-1,-1,1,-1,-1,1,-1,1,1,-1,-1,1,1,-1,-1,1,1,1,1,-1,1,1,-1,-1,1,1,1,-1,-1,1,-1,-1,-1,1,-1,1,-1,-1,1,0.0,-154.08827448183615,1
161,1,1,1,1,-1,1,-1,1,-1,-1,1,1,-1,1,-1,1,-1,1,-1,1,-1,-1,1,1,1,1,-1,1,-1,-1,-1,1,-1,1,-1,-1,1,1,-1,-1,0.025,-155.43269315561105,1
162,-1,-1,-1,-1,1,-1,1,-1,1,1,-1,-1,1,-1,1,-1,1,-1,1,-1,1,1,-1,-1,-1,-1,1,-1,1,1,1,-1,1,-1,1,1,-1,-1,1,1,0.025,-155.43269315561105,1
163,1,-1,-1,-1,-1,1,1,1,1,-1,1,1,-1,1,-1,-1,-1,1,1,1,-1,-1,1,1,-1,1,-1,1,-1,-1,1,-1,-1,-1,-1,-1,1,1,-1,1,0.0,-154.0667429204862,1
164,-1,-1,-1,-1,1,-1,1,-1,1,1,-1,-1,1,-1,1,-1,1,-1,1,-1,1,1,-1,-1,-1,-1,1,-1,1,1,1,-1,1,1,1,1,-1,-1,1,1,0.025,-155.3755361990736,1
165,-1,1,-1,1,1,-1,-1,-1,-1,1,-1,-1,1,-1,-1,1,-1,-1,1,-1,1,1,-1,-1,1,-1,1,-1,1,1,-1,-1,1,-1,1,1,-1,-1,1,-1,0.0,-154.05049035294846,1
166,-1,1,-1,1,1,-1,-1,-1,-1,1,-1,-1,1,-1,-1,1,1,-1,1,-1,1,1,-1,-1,1,-1,1,-1,1,1,1,-1,1,-1,1,1,-1,-1,1,-1,0.0,-154.0468738268027,3
167,-1,1,-1,1,1,-1,-1,-1,-1,1,-1,-1,1,-1,1,1,-1,-1,1,-1,1,1,-1,-1,1,-1,-1,-1,1,1,1,-1,1,1,1,1,-1,-1,1,-1,0.0,-154.0087732764728,1
168,-1,1,-1,1,1,-1,-1,-1,-1,1,-1,-1,1,-1,-1,1,-1,-1,1,-1,1,1,-1,-1,-1,-1,1,-1,1,1,-1,-1,1,-1,1,1,-1,1,1,-1,0.0,-153.98825653297092,1
169,-1,-1,-1,1,1,-1,-1,-1,-1,1,-1,-1,1,-1,-1,-1,1,-1,1,-1,1,1,-1,-1,-1,-1,1,-1,1,1,1,-1,1,-1,1,1,-1,-1,1,-1,0.0,-153.9733721439428,2
170,1,1,1,-1,-1,1,1,1,-1,-1,1,1,-1,1,-1,1,-1,1,-1,1,-1,-1,1,1,1,1,-1,1,-1,-1,-1,1,-1,1,-1,-1,1,1,-1,-1,0.025,-155.32406439605398,1
171,-1,1,1,1,1,1,-1,-1,-1,1,-1,-1,1,-1,1,1,1,-1,-1,-1,1,1,-1,-1,-1,-1,1,-1,1,1,-1,1,1,1,1,1,-1,-1,1,-1,0.0,-153.95331232279048,1
172,1,-1,-1,-1,-1,-1,1,1,1,-1,1,1,-1,1,-1,-1,-1,1,1,1,-1,-1,1,1,1,1,-1,1,-1,-1,1,-1,-1,-1,-1,-1,1,1,-1,1,0.0,-153.95331232279048,3
173,1,-1,-1,-1,-1,-1,1,-1,1,-1,1,1,-1,1,-1,-1,-1,1,1,1,1,-1,1,1,-1,1,-1,1,-1,-1,1,-1,-1,-1,-1,-1,1,1,-1,1,0.0,-153.89928498479586,1
174,-1,1,1,1,1,1,-1,1,-1,-1,-1,1,-1,-1,1,1,-1,1,-1,-1,-1,-1,-1,1,1,-1,1,-1,1,-1,-1,1,1,1,1,1,-1,-1,1,-1,0.0,-153.8913934560679,1
175,-1,1,-1,-1,1,-1,1,-1,1,1,1,-1,1,-1,1,1,1,-1,1,-1,1,1,-1,-1,-1,-1,1,-1,1,1,1,1,1,1,1,1,-1,-1,1,1,0.0,-153.86722421984135,1
176,-1,-1,-1,1,1,-1,1,-1,1,1,-1,-1,1,1,-1,-1,1,1,1,1,-1,1,1,-1,-1,1,1,1,-1,-1,1,-1,-1,-1,1,-1,-1,-1,-1,1,0.0,-153.80122530937064,1
177,1,1,1,1,-1,1,-1,1,-1,-1,1,1,-1,-1,-1,1,-1,-1,-1,1,1,-1,1,1,1,-1,-1,-1,-1,1,-1,1,1,-1,-1,1,1,1,1,-1,0.0,-153.67742603423136,2
178,-1,1,-1,1,1,-1,-1,-1,-1,1,-1,-1,1,-1,1,1,1,-1,1,-1,1,1,-1,-1,1,-1,1,-1,1,1,1,1,1,-1,1,1,-1,-1,1,-1,0.0,-153.6678253590765,1
179,-1,1,-1,1,1,-1,-1,-1,-1,1,-1,-1,1,-1,1,1,1,-1,1,-1,1,1,-1,-1,-1,-1,1,-1,1,1,1,1,1,1,1,1,-1,-1,1,1,0.0,-153.6612709721104,1
180,1,1,1,1,-1,1,1,1,-1,-1,1,1,-1,1,-1,-1,1,1,-1,1,-1,-1,1,1,1,1,1,1,-1,-1,-1,1,-1,-1,1,-1,1,1,-1,-1,0.0,-153.65715516099263,1
181,1,1,1,1,-1,1,1,1,1,-1,1,1,-1,1,-1,1,-1,1,-1,1,-1,-1,1,1,1,1,-1,1,-1,-1,-1,1,-1,1,-1,-1,1,1,-1,-1,0.0,-153.61810304786678,1
182,-1,-1,-1,-1,1,-1,-1,-1,-1,1,-1,-1,1,-1,1,-1,1,-1,1,-1,1,1,-1,-1,-1,-1,1,-1,1,1,1,-1,1,-1,1,1,-1,-1,1,1,0.0,-153.61810304786678,1
183,-1,1,1,1,1,1,-1,1,-1,-1,-1,-1,1,-1,1,1,-1,-1,-1,-1,1,-1,-1,-1,1,-1,1,-1,1,1,-1,1,1,1,1,1,-1,-1,1,-1,0.0,-153.60359645930563,1
184,-1,-1,-1,-1,1,-1,-1,-1,1,1,-1,-1,1,-1,1,-1,-1,-1,1,-1,1,1,-1,-1,-1,-1,1,-1,1,1,1,-1,1,1,-1,1,-1,-1,1,1,0.0,-153.55906504356957,2
185,-1,-1,-1,-1,1,-1,1,-1,1,1,1,-1,1,-1,1,-1,1,-1,1,-1,1,1,-1,-1,-1,-1,1,-1,1,1,1,1,1,-1,1,1,-1,-1,1,1,0.0,-153.53173225311465,1
186,1,1,1,1,1,1,-1,1,-1,-1,-1,1,1,-1,-1,1,-1,1,-1,1,1,-1,1,1,1,-1,-1,-1,1,-1,-1,1,1,1,-1,1,-1,1,1,-1,0.0,-153.5217117696956,10
187,-1,-1,-1,-1,1,-1,-1,-1,1,1,-1,-1,1,-1,1,-1,1,-1,1,-1,1,1,-1,-1,-1,-1,1,1,1,1,1,-1,-1,-1,1,1,-1,-1,1,1,0.0,-153.51131133720733,3
188,1,1,1,1,-1,1,1,1,-1,-1,1,1,-1,1,-1,1,-1,1,-1,1,-1,-1,1,1,1,1,-1,-1,-1,-1,-1,1,1,1,-1,-1,1,1,-1,-1,0.0,-153.51131133720733,3
189,-1,-1,-1,-1,-1,-1,1,-1,1,1,-1,-1,1,1,-1,-1,1,1,1,1,1,1,1,-1,-1,-1,1,1,-1,-1,1,-1,-1,-1,1,-1,1,-1,-1,1,0.0,-153.41255514065355,1
190,1,1,-1,1,-1,1,1,1,1,-1,1,1,-1,1,-1,1,-1,1,-1,1,-1,-1,1,1,1,1,1,1,-1,-1,-1,1,-1,-1,1,-1,1,1,-1,-1,0.0,-153.3972991974899,1
191,-1,-1,-1,-1,1,-1,1,-1,-1,1,-1,-1,1,-1,1,-1,1,-1,1,-1,1,1,-1,-1,-1,-1,1,-1,1,1,1,1,1,1,1,1,-1,-1,1,1,0.0,-153.36495395565234,1
192,1,1,1,1,-1,1,-1,1,1,-1,1,1,-1,1,-1,1,-1,1,-1,1,-1,-1,1,1,1,1,-1,1,-1,-1,-1,-1,-1,-1,-1,-1,1,1,-1,-1,0.0,-153.36495395565234,1
193,1,1,-1,1,-1,1,1,1,1,-1,1,1,-1,1,-1,1,-1,1,-1,1,-1,-1,1,1,1,1,1,1,-1,-1,-1,1,-1,1,1,-1,1,1,-1,-1,0.0,-153.35665364870954,2
194,1,1,1,-1,-1,1,-1,1,1,-1,1,1,-1,1,-1,1,-1,1,-1,1,-1,-1,1,1,1,1,-1,1,-1,-1,-1,1,-1,1,-1,-1,1,1,-1,-1,0.025,-154.63757410031477,1
195,1,1,1,1,-1,1,1,1,-1,-1,1,1,-1,1,-1,1,1,1,-1,1,-1,-1,1,1,1,1,-1,1,-1,-1,-1,1,-1,-1,-1,-1,1,1,-1,-1,0.025,-154.59593038883105,1
196,-1,-1,-1,-1,1,-1,1,-1,-1,1,-1,-1,1,-1,1,-1,1,-1,1,-1,1,1,-1,-1,-1,-1,1,-1,1,1,1,-1,1,1,1,1,-1,-1,1,1,0.025,-154.58599991888593,1
197,-1,1,-1,1,1,-1,-1,-1,-1,1,-1,-1,1,-1,-1,1,1,-1,1,-1,1,1,-1,-1,-1,-1,1,-1,1,1,1,-1,1,-1,1,1,-1,-1,1,-1,0.0,-153.20776359405488,3
198,1,-1,1,-1,-1,1,1,1,1,-1,1,1,-1,1,-1,-1,-1,1,-1,1,-1,-1,1,1,1,1,-1,1,-1,-1,-1,1,-1,-1,-1,-1,1,1,-1,1,0.0,-153.17193634769995,1
199,-1,1,-1,1,1,-1,-1,-1,-1,1,-1,-1,1,-1,1,1,1,-1,1,-1,1,1,-1,-1,-1,-1,1,-1,1,1,1,-1,1,1,1,1,-1,-1,1,-1,0.0,-153.17193634769995,3
200,1,-1,-1,-1,-1,-1,-1,1,1,-1,1,1,-1,1,-1,-1,-1,1,1,1,1,-1,1,1,1,1,-1,1,-1,-1,1,-1,-1,-1,-1,-1,1,1,-1,1,0.0,-153.16734528491034,2
201,-1,1,-1,1,1,1,-1,-1,-1,1,-1,-1,1,-1,1,1,1,-1,1,-1,1,1,-1,-1,1,-1,1,-1,1,1,1,-1,1,1,1,1,-1,-1,1,-1,0.0,-153.14520443797906,1
202,1,1,-1,1,-1,1,1,1,-1,-1,1,1,-1,1,-1,1,1,1,-1,1,-1,-1,1,1,1,1,1,1,-1,-1,-1,1,-1,-1,1,-1,1,1,-1,-1,0.0,-152.93182117478077,1
203,-1,1,-1,1,1,-1,-1,-1,-1,1,-1,-1,1,-1,1,1,1,-1,-1,-1,1,1,-1,-1,1,-1,1,-1,1,1,-1,1,1,1,1,1,-1,-1,1,-1,0.0,-152.8367065989957,2
204,1,-1,1,-1,-1,1,1,1,1,-1,1,1,-1,1,-1,-1,-1,1,1,1,-1,-1,1,1,-1,1,-1,1,-1,-1,1,-1,-1,-1,-1,-1,1,1,-1,1,0.0,-152.8367065989957,2
205,-1,1,-1,-1,-1,-1,1,-1,-1,1,1,-1,1,-1,1,-1,1,-1,1,-1,1,1,-1,-1,-1,-1,1,-1,1,1,1,1,1,-1,1,1,1,-1,1,-1,0.0,-152.799208796832,1
206,1,-1,1,-1,-1,1,1,1,1,-1,1,1,-1,1,-1,-1,-1,1,-1,1,-1,-1,1,1,1,1,1,1,-1,-1,-1,-1,-1,-1,-1,-1,1,1,-1,-1,0.0,-152.78939476400734,1
207,-1,-1,-1,1,-1,-1,1,-1,1,1,-1,-1,1,1,1,-1,1,1,1,1,-1,1,1,-1,-1,-1,1,1,-1,-1,1,-1,-1,-1,1,-1,1,-1,-1,1,0.0,-152.74460210040053,1
208,1,1,1,1,-1,1,-1,1,1,-1,1,1,-1,1,1,1,-1,1,-1,1,-1,-1,1,1,1,1,-1,1,-1,-1,-1,1,-1,1,-1,-1,1,1,-1,-1,0.0,-152.74333896194202,1
209,-1,-1,-1,1,1,-1,-1,-1,-1,1,-1,-1,1,-1,1,-1,1,-1,1,-1,1,1,-1,-1,-1,-1,1,-1,1,1,1,-1,1,1,1,1,-1,-1,1,1,0.0,-152.70632540395613,1
210,1,1,1,-1,-1,1,1,1,1,-1,1,1,-1,1,-1,1,-1,1,-1,1,-1,-1,1,1,1,1,-1,1,-1,-1,-1,1,-1,-1,-1,-1,1,1,-1,-1,0.0,-152.70632540395584,1
211,-1,-1,-1,1,1,-1,-1,-1,1,1,-1,-1,1,-1,1,-1,1,-1,1,-1,1,1,-1,-1,-1,-1,1,1,1,1,1,-1,1,-1,1,1,-1,-1,1,1,0.0,-152.66459572028893,1
212,1,1,1,-1,-1,1,1,1,-1,-1,1,1,-1,1,-1,1,-1,1,-1,1,-1,-1,1,1,1,1,-1,-1,-1,-1,-1,1,-1,1,-1,-1,1,1,-1,-1,0.0,-152.66459572028893,3
213,1,-1,-1,-1,-1,-1,1,1,1,-1,1,1,-1,1,-1,-1,1,1,1,1,-1,-1,1,1,-1,1,-1,1,-1,-1,1,-1,-1,-1,-1,-1,1,1,-1,1,0.0,-152.49665218999107,1
214,-1,-1,-1,-1,1,-1,1,-1,1,1,-1,-1,1,-1,1,-1,1,-1,1,-1,1,1,-1,-1,-1,-1,1,-1,1,1,1,-1,-1,-1,1,1,-1,-1,1,1,0.025,-154.35283665825213,1
215,1,-1,1,-1,-1,1,1,1,1,-1,1,1,-1,1,-1,-1,-1,1,-1,1,-1,-1,1,1,1,1,1,1,-1,-1,-1,-1,-1,1,-1,-1,1,1,-1,1,0.0,-152.47778218140004,1
216,-1,1,-1,1,1,-1,-1,-1,-1,1,-1,-1,1,-1,1,1,1,-1,1,-1,1,1,-1,-1,-1,-1,-1,-1,1,1,1,1,1,-1,1,1,-1,-1,1,-1,0.0,-152.47778218140004,1
217,1,1,1,1,1,1,-1,1,-1,-1,-1,1,1,-1,-1,1,-1,1,-1,1,1,-1,1,1,1,-1,-1,-1,-1,-1,-1,1,1,1,-1,1,-1,1,1,-1,0.0,-152.41252912168872,1
218,1,-1,1,-1,-1,1,1,1,1,-1,1,1,-1,1,-1,1,-1,1,-1,1,-1,-1,1,1,1,1,-1,1,-1,-1,-1,1,-1,1,-1,-1,1,1,-1,1,0.0,-152.3923653493439,1
219,-1,1,-1,1,1,-1,-1,-1,-1,1,-1,-1,1,-1,1,-1,1,-1,1,-1,1,1,-1,-1,-1,-1,1,-1,1,1,1,-1,1,-1,1,1,-1,-1,1,-1,0.0,-152.3923653493439,2
220,-1,-1,-1,1,1,-1,-1,-1,1,1,-1,-1,1,-1,1,-1,1,-1,1,-1,1,1,-1,-1,-1,-1,1,-1,1,1,1,-1,1,1,1,1,-1,-1,1,1,0.0,-152.30836988101052,1
221,1,1,1,-1,-1,1,1,1,-1,-1,1,1,-1,1,-1,1,-1,1,-1,1,-1,-1,1,1,1,1,-1,1,-1,-1,-1,1,-1,-1,-1,-1,1,1,-1,-1,0.0,-152.30836988101052,1
222,-1,-1,-1,-1,1,-1,-1,-1,-1,1,-1,-1,1,-1,1,-1,1,-1,1,-1,1,1,-1,-1,-1,-1,1,-1,1,1,1,-1,1,-1,1,1,-1,-1,1,1,0.025,-153.61810304786678,2
223,1,1,1,-1,-1,1,-1,1,1,-1,1,1,-1,1,-1,1,-1,1,-1,1,-1,-1,1,1,1,1,-1,1,-1,-1,-1,-1,-1,1,-1,-1,1,1,-1,-1,0.0,-152.2006359319574,1
224,-1,-1,-1,1,1,-1,1,-1,-1,1,-1,-1,1,-1,1,-1,1,-1,1,-1,1,1,-1,-1,-1,-1,1,-1,1,1,1,1,1,-1,1,1,-1,-1,1,1,0.0,-152.2006359319574,1
225,-1,-1,-1,-1,-1,-1,1,-1,1,1,-1,-1,1,1,-1,-1,1,1,1,1,-1,1,1,-1,-1,1,-1,1,-1,-1,1,-1,-1,-1,-1,-1,1,-1,-1,1,0.0,-152.17908001051177,1
226,1,1,1,1,-1,1,-1,1,-1,-1,-1,1,-1,1,-1,-1,-1,1,-1,1,-1,-1,1,1,1,1,-1,1,-1,-1,-1,-1,-1,-1,-1,-1,1,1,-1,-1,0.0,-152.15744374295318,1
227,-1,1,-1,1,1,-1,-1,-1,-1,1,-1,-1,1,-1,1,1,1,-1,1,-1,1,1,-1,-1,1,-1,1,-1,1,1,-1,-1,1,1,1,1,-1,-1,1,-1,0.0,-152.10927569386325,1
228,1,1,1,-1,-1,1,1,1,1,-1,1,1,-1,1,-1,-1,1,1,-1,1,-1,-1,1,1,1,1,1,1,-1,-1,-1,-1,-1,-1,1,-1,1,1,-1,-1,0.0,-152.0996177585691,1
229,-1,1,1,1,1,1,-1,1,-1,-1,-1,-1,-1,-1,1,1,-1,1,-1,-1,-1,-1,-1,1,1,-1,1,-1,1,1,-1,1,1,1,1,-1,-1,-1,1,-1,0.0,-152.06305624747847,2
230,1,1,1,1,-1,1,-1,1,-1,-1,1,1,-1,1,-1,1,-1,1,-1,1,-1,-1,1,1,1,1,-1,1,-1,-1,-1,-1,-1,1,-1,-1,1,1,-1,-1,0.0,-152.02800313055596,1
231,1,1,1,1,1,1,-1,1,-1,-1,1,1,-1,-1,1,1,-1,1,-1,-1,1,-1,-1,1,1,-1,-1,-1,1,1,-1,1,1,1,-1,1,-1,1,1,-1,0.0,-151.99678861834968,1
232,1,1,1,1,-1,1,1,1,-1,-1,1,1,-1,1,1,1,-1,1,-1,1,-1,-1,1,1,1,1,-1,-1,-1,-1,-1,1,1,1,-1,-1,1,1,-1,-1,0.025,-155.5732782296719,1
233,-1,-1,-1,1,1,-1,-1,-1,1,1,-1,-1,1,-1,-1,1,-1,1,1,-1,1,1,1,-1,-1,-1,1,1,-1,1,-1,-1,-1,-1,1,1,-1,-1,1,1,0.0,-151.97313018998173,2
234,-1,-1,-1,1,1,-1,-1,-1,-1,1,-1,-1,1,-1,1,1,1,-1,1,-1,1,1,-1,-1,-1,-1,-1,-1,1,1,1,1,1,-1,1,1,-1,-1,1,1,0.0,-151.97180926841045,1
235,-1,1,-1,1,1,-1,-1,-1,-1,1,-1,-1,1,-1,-1,-1,-1,-1,1,-1,1,1,-1,-1,1,-1,1,-1,1,1,-1,-1,1,-1,1,1,-1,-1,1,-1,0.0,-151.91587999054647,1
236,-1,1,-1,1,1,-1,-1,-1,1,1,-1,-1,1,-1,1,1,-1,-1,1,-1,1,1,-1,-1,1,-1,1,-1,1,1,-1,-1,1,1,1,1,-1,-1,1,-1,0.0,-151.8612544474903,1
237,-1,1,-1,1,1,-1,-1,-1,-1,1,-1,-1,1,-1,1,1,1,-1,1,-1,1,1,-1,-1,-1,-1,1,-1,1,1,1,-1,1,-1,1,1,-1,-1,1,-1,0.0,-151.8350940330239,1
238,1,-1,1,-1,-1,1,1,1,1,-1,1,1,-1,1,-1,-1,-1,1,-1,1,-1,-1,1,1,1,1,-1,1,-1,-1,-1,1,-1,1,-1,-1,1,1,-1,1,0.0,-151.8350940330239,1
239,1,1,1,-1,-1,1,1,1,1,-1,1,1,-1,1,-1,1,-1,1,-1,1,-1,-1,1,1,1,1,1,1,-1,-1,-1,1,-1,1,-1,-1,1,1,-1,-1,0.0,-151.79139857015906,1
240,-1,1,-1,1,1,-1,-1,-1,1,1,-1,-1,1,-1,1,1,-1,-1,1,-1,1,1,-1,-1,-1,-1,1,-1,1,1,1,-1,1,1,1,1,-1,-1,1,-1,0.0,-151.78493476254806,1
241,-1,-1,-1,-1,-1,-1,1,-1,1,1,1,-1,-1,1,1,-1,1,-1,1,-1,-1,1,1,-1,-1,1,1,1,-1,1,1,-1,-1,-1,1,-1,1,-1,-1,1,0.0,-151.7803282238588,1
242,1,1,1,1,1,1,-1,1,-1,-1,-1,1,1,-1,-1,1,-1,1,-1,1,-1,-1,1,1,1,-1,-1,-1,-1,-1,-1,1,1,1,-1,-1,-1,1,1,-1,0.0,-151.72863023162665,2
243,-1,-1,-1,-1,1,-1,-1,-1,1,1,-1,-1,1,-1,-1,-1,1,-1,1,-1,1,1,-1,-1,-1,1,1,1,1,1,1,-1,-1,-1,1,1,-1,-1,1,1,0.0,-151.7100413327398,1
244,-1,-1,-1,-1,1,-1,-1,-1,1,1,-1,-1,1,-1,-1,-1,1,-1,1,-1,1,1,-1,-1,-1,-1,1,1,1,1,1,-1,1,-1,1,1,-1,-1,1,1,0.0,-151.6751375030223,1
245,1,-1,-1,-1,-1,1,-1,1,1,-1,1,1,-1,1,-1,-1,-1,1,1,1,-1,-1,1,1,1,1,-1,1,-1,-1,1,-1,-1,-1,-1,-1,1,1,-1,1,0.0,-151.67435224043365,2
246,1,-1,1,-1,-1,1,1,1,1,-1,-1,1,-1,1,-1,-1,-1,1,-1,1,-1,-1,1,1,-1,1,-1,1,-1,-1,-1,-1,-1,-1,-1,-1,1,1,-1,1,0.0,-151.61247413062986,1
247,-1,1,-1,1,1,-1,-1,-1,-1,1,1,-1,1,-1,1,1,1,-1,1,-1,1,1,-1,-1,1,-1,1,-1,1,1,1,1,1,1,1,1,-1,-1,1,-1,0.0,-151.61247413062986,1
248,-1,1,-1,1,1,-1,-1,-1,-1,1,-1,-1,1,-1,1,-1,-1,-1,1,-1,1,1,-1,-1,1,-1,1,-1,1,1,-1,-1,1,1,1,1,-1,-1,1,-1,0.0,-151.59420206166973,1
249,-1,-1,-1,1,1,-1,-1,-1,-1,1,-1,-1,1,-1,-1,-1,1,-1,1,-1,1,1,-1,-1,-1,-1,-1,-1,1,1,1,-1,1,-1,1,1,-1,-1,1,1,0.0,-151.58883995784933,1
250,1,-1,-1,-1,-1,1,1,1,1,-1,1,1,-1,1,-1,-1,1,1,1,1,-1,-1,1,1,-1,1,1,1,-1,-1,1,-1,-1,-1,-1,-1,1,1,-1,1,0.0,-151.5320150887595,1
251,1,-1,1,-1,-1,1,1,1,1,-1,1,1,-1,1,1,1,1,1,-1,1,-1,-1,1,1,1,1,1,1,-1,-1,-1,1,-1,1,-1,-1,1,1,-1,1,0.0,-151.52274979569165,1
252,1,-1,1,-1,-1,1,1,1,1,-1,1,1,-1,1,-1,-1,-1,1,1,1,-1,-1,1,1,-1,1,-1,1,-1,-1,1,1,-1,-1,-1,-1,1,1,-1,1,0.0,-151.47103727753836,1
253,1,1,1,1,-1,1,-1,1,-1,-1,-1,1,-1,1,-1,1,-1,1,-1,1,-1,-1,1,1,1,1,-1,1,-1,-1,-1,-1,-1,-1,-1,-1,1,1,-1,-1,0.0,-151.468496475352,1
254,1,-1,-1,-1,-1,-1,1,1,1,-1,1,1,-1,1,-1,-1,-1,1,1,1,-1,-1,1,1,1,1,1,1,-1,-1,1,-1,-1,-1,-1,-1,1,1,-1,1,0.0,-151.44848890673805,2
255,1,1,1,-1,-1,1,-1,1,1,-1,1,1,-1,1,-1,1,-1,1,-1,1,-1,-1,1,1,1,1,-1,1,-1,-1,-1,1,-1,-1,-1,-1,1,1,-1,-1,0.0,-151.44145214471567,3
256,1,1,1,-1,-1,1,1,1,-1,-1,1,1,-1,1,1,-1,1,-1,-1,1,-1,-1,-1,1,1,1,-1,-1,1,-1,-1,1,1,1,-1,-1,1,1,-1,-1,0.0,-151.43968295515705,2
257,-1,-1,-1,1,1,-1,-1,-1,1,1,-1,-1,1,-1,-1,1,-1,1,1,-1,1,1,1,-1,-1,-1,1,1,-1,1,1,-1,-1,-1,1,1,-1,-1,1,1,0.0,-151.43968295515705,2
258,-1,1,-1,1,1,-1,-1,-1,-1,1,-1,-1,1,-1,-1,-1,1,-1,1,-1,1,1,-1,-1,1,-1,1,-1,1,1,1,-1,1,1,1,1,-1,-1,1,-1,0.0,-151.43241141622914,1
259,1,1,1,-1,-1,1,-1,1,-1,-1,1,1,-1,-1,1,1,-1,-1,-1,-1,1,-1,-1,1,1,-1,-1,-1,1,1,-1,1,1,1,-1,1,1,1,1,-1,0.025,-153.80122530937064,1
260,1,1,1,1,-1,1,-1,1,-1,-1,1,1,-1,-1,-1,1,-1,1,-1,1,-1,-1,1,1,1,1,-1,1,-1,-1,-1,1,-1,1,-1,-1,1,1,-1,-1,0.0,-151.34999905840905,1
261,1,1,1,1,-1,1,1,1,1,-1,1,1,-1,1,-1,-1,-1,1,-1,1,-1,-1,1,1,1,1,1,1,-1,-1,-1,1,-1,-1,1,-1,1,1,-1,-1,0.0,-151.30244399298132,1
262,-1,-1,-1,-1,-1,-1,1,-1,1,1,-1,-1,1,1,-1,-1,1,1,1,1,-1,1,-1,-1,-1,-1,1,1,-1,-1,1,-1,-1,-1,1,-1,1,-1,-1,1,0.0,-151.25646596143892,1
263,1,-1,1,-1,-1,1,1,1,1,-1,1,1,-1,1,-1,-1,-1,1,-1,1,-1,-1,1,1,-1,1,1,1,-1,-1,-1,-1,-1,-1,-1,-1,1,1,-1,1,0.0,-151.2531521675836,1
264,1,1,1,1,1,1,-1,1,-1,-1,1,1,1,-1,-1,1,-1,1,-1,1,1,-1,1,1,1,-1,-1,-1,-1,-1,-1,1,1,1,-1,1,-1,1,1,-1,0.0,-151.24286454356277,2
265,1,1,1,1,-1,1,-1,1,1,-1,1,1,-1,1,-1,1,-1,1,-1,1,-1,-1,1,1,1,1,-1,1,-1,-1,-1,1,-1,-1,1,-1,1,1,-1,-1,0.0,-151.20502182007786,1
266,-1,-1,-1,-1,-1,-1,1,-1,1,1,-1,-1,1,1,-1,-1,1,1,1,1,-1,-1,1,-1,-1,1,1,1,-1,-1,1,-1,-1,-1,1,-1,1,-1,-1,1,0.0,-151.1120187415404,2
267,1,1,1,-1,-1,1,1,1,1,-1,1,1,-1,1,-1,1,-1,1,-1,1,-1,-1,1,1,1,1,-1,-1,-1,-1,-1,1,-1,1,-1,-1,1,1,-1,-1,0.025,-154.17603878261318,1
268,1,-1,1,-1,-1,1,-1,1,1,-1,1,1,-1,1,-1,-1,-1,1,1,1,-1,-1,1,1,1,1,-1,1,-1,-1,1,-1,-1,-1,-1,-1,1,1,-1,1,0.0,-151.07061698645217,1
269,1,1,1,-1,1,1,-1,1,-1,-1,1,1,-1,-1,-1,1,-1,-1,-1,-1,1,-1,-1,1,1,-1,-1,-1,1,1,-1,1,1,1,-1,1,-1,1,1,-1,0.0,-151.06568758380388,1
270,1,1,1,1,-1,1,1,1,1,-1,1,1,-1,1,-1,1,-1,1,-1,1,-1,-1,1,1,1,-1,1,1,-1,-1,-1,1,-1,-1,1,-1,1,1,-1,-1,0.0,-151.04480711524076,1
271,1,-1,1,1,-1,1,-1,1,-1,-1,-1,1,-1,-1,-1,-1,-1,1,-1,1,-1,-1,1,1,1,-1,-1,1,-1,-1,-1,-1,-1,-1,-1,-1,1,1,-1,-1,0.0,-151.04477136512102,1
272,1,-1,1,-1,-1,1,1,1,1,-1,1,1,-1,1,-1,-1,-1,1,-1,1,-1,-1,1,1,1,1,1,1,-1,-1,-1,-1,-1,-1,-1,-1,1,1,-1,1,0.0,-151.0346375846611,2
273,1,-1,-1,-1,-1,-1,1,-1,1,-1,1,1,-1,1,-1,-1,1,1,1,1,-1,-1,1,1,1,1,1,1,-1,-1,1,-1,-1,-1,1,-1,1,-1,-1,1,0.0,-151.03268381494436,1
274,1,1,1,-1,-1,1,1,1,1,-1,1,1,-1,1,-1,-1,1,1,-1,1,-1,-1,1,1,1,1,1,1,-1,-1,-1,1,-1,-1,1,-1,1,1,-1,-1,0.025,-154.29484419649768,1
275,1,1,-1,1,-1,1,-1,1,-1,-1,1,1,-1,1,-1,1,-1,1,-1,1,-1,-1,1,1,1,1,-1,1,-1,-1,-1,1,1,1,-1,-1,1,1,-1,-1,0.0,-150.994327150502,1
276,1,-1,1,-1,-1,1,1,1,1,-1,1,1,-1,1,1,-1,-1,1,-1,1,-1,-1,1,1,1,1,-1,-1,-1,-1,-1,1,-1,1,-1,-1,1,1,-1,1,0.0,-150.98677969990476,1
277,-1,1,-1,1,1,-1,-1,-1,-1,1,-1,-1,1,-1,1,1,1,-1,1,-1,1,1,-1,-1,-1,-1,1,-1,1,1,1,1,1,-1,1,1,-1,-1,1,1,0.0,-150.93170326173657,1
278,1,-1,1,-1,-1,1,1,1,1,-1,1,1,-1,1,-1,-1,-1,1,-1,1,-1,-1,1,1,1,1,-1,1,-1,-1,-1,-1,-1,1,-1,-1,1,1,-1,-1,0.0,-150.93170326173657,1
279,-1,-1,-1,-1,1,-1,-1,-1,1,1,-1,-1,1,-1,1,-1,1,-1,1,-1,1,1,-1,-1,-1,-1,1,1,1,1,1,-1,1,-1,1,1,-1,-1,1,1,0.0,-150.91667280729155,1
280,-1,-1,-1,-1,1,-1,-1,-1,1,1,-1,-1,1,-1,1,-1,1,-1,1,-1,1,1,-1,-1,-1,-1,-1,-1,1,1,1,-1,1,1,-1,1,-1,-1,1,1,0.0,-150.90917575026933,1
281,1,1,1,-1,-1,1,1,1,-1,-1,1,1,-1,1,1,1,-1,1,-1,1,-1,-1,1,1,1,1,-1,-1,-1,-1,-1,1,-1,1,-1,-1,1,1,-1,-1,0.0,-150.9084463709721,1
282,-1,-1,-1,-1,1,-1,-1,-1,1,1,-1,-1,1,-1,1,-1,1,-1,1,-1,1,1,-1,-1,-1,-1,-1,-1,1,1,1,-1,1,-1,1,1,-1,-1,1,1,0.0,-150.88635179243374,1
283,-1,-1,-1,1,1,-1,-1,-1,-1,1,-1,-1,1,-1,1,-1,-1,-1,1,-1,1,1,-1,-1,1,-1,1,-1,1,1,1,-1,1,-1,1,1,-1,-1,1,-1,0.0,-150.81000628736047,1
284,1,1,1,1,-1,1,-1,1,-1,-1,1,1,-1,-1,-1,1,-1,1,-1,1,1,-1,1,1,1,-1,-1,-1,-1,-1,-1,1,1,1,-1,1,1,1,1,-1,0.0,-150.76317032723645,1
285,1,1,1,1,-1,1,1,1,-1,-1,1,1,-1,1,-1,1,1,1,-1,1,-1,-1,1,1,1,1,1,1,-1,-1,-1,1,-1,1,-1,-1,1,1,-1,-1,0.0,-150.76257182885823,1
286,-1,1,-1,1,1,-1,-1,-1,1,1,-1,-1,1,-1,1,1,-1,-1,1,-1,1,1,-1,-1,-1,-1,1,-1,1,1,1,-1,1,1,1,1,-1,-1,1,1,0.0,-150.73850621941426,1
287,1,-1,-1,-1,-1,-1,1,-1,1,1,1,-1,1,1,-1,-1,1,-1,1,1,1,1,1,-1,-1,1,-1,1,-1,-1,1,-1,-1,-1,-1,-1,1,1,-1,1,0.0,-150.73544993207634,1
288,1,-1,1,-1,-1,1,1,1,1,-1,1,1,-1,1,1,-1,-1,1,-1,1,-1,-1,1,1,1,1,-1,1,-1,-1,1,1,-1,1,-1,-1,1,1,-1,1,0.0,-150.7128301028461,1
289,-1,-1,-1,-1,1,-1,1,-1,1,1,-1,-1,1,-1,1,-1,1,1,1,-1,1,1,-1,-1,-1,-1,1,-1,1,-1,1,-1,-1,-1,1,1,-1,-1,1,1,0.0,-150.69564106616008,1
290,1,1,1,-1,-1,1,1,1,-1,-1,1,1,-1,1,-1,1,-1,1,-1,1,-1,-1,1,1,1,1,-1,-1,-1,-1,-1,1,1,1,-1,-1,1,1,-1,-1,0.0,-150.60087341670246,2
291,1,1,1,1,1,1,-1,1,-1,-1,1,1,-1,-1,-1,1,-1,-1,-1,-1,1,-1,-1,1,1,-1,1,-1,1,1,-1,1,1,1,1,1,-1,1,1,-1,0.0,-150.5922777833397,1
292,1,-1,1,-1,-1,1,1,1,1,-1,1,1,-1,1,-1,-1,1,1,1,1,-1,-1,1,1,1,1,1,1,-1,-1,1,-1,-1,-1,-1,-1,1,1,-1,1,0.0,-150.54040497162282,1
293,1,1,1,1,-1,1,1,1,1,-1,1,1,-1,1,-1,1,-1,1,-1,1,-1,-1,1,1,1,1,1,1,-1,-1,-1,1,-1,1,-1,-1,1,1,-1,-1,0.025,-151.87471959317384,1
294,1,-1,-1,-1,-1,-1,1,1,1,-1,1,1,-1,1,-1,-1,1,1,1,1,1,-1,1,1,-1,1,-1,1,-1,-1,1,-1,-1,-1,-1,-1,1,1,-1,1,0.0,-150.51773593661855,2
295,1,1,1,1,1,1,-1,1,-1,-1,-1,1,-1,-1,1,1,-1,1,-1,-1,-1,-1,-1,1,1,-1,1,-1,1,-1,-1,1,1,1,1,1,-1,1,1,-1,0.0,-150.48058061511068,2
296,1,1,1,1,1,1,-1,1,-1,-1,-1,1,1,-1,-1,1,-1,1,-1,1,1,-1,1,1,1,-1,-1,-1,1,-1,-1,1,1,1,1,-1,-1,1,1,-1,0.0,-150.47193362147144,1
297,1,1,1,1,1,1,-1,1,-1,-1,-1,1,-1,1,-1,1,-1,1,-1,1,-1,-1,1,1,1,1,-1,1,-1,-1,-1,-1,-1,-1,-1,-1,-1,1,-1,-1,0.0,-150.43566412489315,1
298,-1,-1,-1,-1,1,-1,1,-1,1,1,-1,-1,1,-1,-1,-1,1,-1,1,-1,1,1,-1,-1,-1,-1,1,-1,1,1,1,-1,-1,-1,1,1,-1,-1,1,1,0.0,-150.36972028078972,1
299,1,-1,1,-1,-1,1,1,1,1,-1,1,1,-1,1,-1,-1,1,1,-1,1,-1,-1,1,1,1,1,1,1,-1,-1,-1,1,-1,1,-1,-1,1,1,-1,1,0.0,-150.36963894538843,1
300,-1,-1,-1,1,1,-1,-1,-1,-1,1,-1,-1,1,-1,1,-1,1,-1,1,-1,1,1,-1,-1,-1,-1,1,-1,1,1,1,1,1,-1,1,1,-1,-1,1,1,0.0,-150.35808257244835,1
301,-1,-1,-1,1,1,-1,-1,-1,1,1,-1,-1,1,-1,-1,-1,1,-1,1,-1,1,1,-1,-1,-1,-1,1,1,-1,1,1,-1,-1,-1,1,1,-1,-1,1,1,0.0,-150.35144562833761,2
302,1,1,1,-1,-1,1,1,1,-1,-1,1,1,-1,1,1,1,-1,1,-1,1,-1,-1,1,1,1,1,-1,-1,1,-1,-1,1,1,1,-1,-1,1,1,-1,-1,0.0,-150.35144562833761,6
303,-1,-1,-1,1,1,-1,-1,-1,1,1,-1,-1,1,-1,-1,-1,1,-1,1,-1,1,1,-1,-1,-1,-1,1,-1,1,1,1,-1,1,-1,1,1,-1,-1,1,1,0.025,-151.64462515176913,1
304,1,-1,-1,-1,-1,1,1,1,1,-1,1,1,-1,1,-1,-1,-1,1,1,1,-1,-1,1,1,1,1,-1,1,-1,-1,1,-1,-1,-1,-1,-1,1,1,-1,1,0.0,-150.22164268790524,1
305,-1,1,-1,1,1,-1,-1,-1,-1,1,-1,-1,1,-1,-1,1,1,-1,1,-1,1,1,-1,-1,1,-1,1,-1,1,1,-1,-1,1,-1,1,1,-1,-1,1,-1,0.0,-150.18061127034298,1
306,1,1,1,-1,-1,1,1,1,-1,-1,1,1,-1,1,1,1,-1,1,-1,1,-1,-1,1,1,1,1,-1,-1,-1,-1,-1,1,1,1,-1,-1,1,1,-1,-1,0.0,-150.14822626411942,1
307,1,1,1,1,1,1,1,1,-1,-1,1,1,1,-1,-1,1,-1,1,-1,1,1,-1,1,1,1,-1,1,-1,1,-1,-1,1,1,1,1,-1,-1,1,1,-1,0.0,-150.14627658881133,3
308,1,1,1,1,-1,1,-1,1,-1,-1,1,1,-1,1,1,1,-1,1,-1,1,-1,-1,1,1,1,1,-1,1,-1,-1,-1,1,-1,1,-1,-1,1,1,-1,-1,0.0,-150.14607458141475,1
309,1,-1,-1,-1,-1,-1,1,1,1,-1,1,1,-1,1,-1,-1,-1,1,1,1,1,-1,1,1,1,1,-1,1,-1,-1,1,-1,-1,-1,-1,-1,1,1,-1,1,0.0,-150.1237370389157,1
310,-1,-1,-1,-1,1,-1,-1,-1,1,1,-1,-1,1,-1,1,-1,1,-1,1,-1,1,1,-1,-1,-1,-1,1,-1,1,-1,1,-1,1,1,1,1,-1,-1,1,1,0.0,-150.04818731667524,1
311,-1,1,1,1,1,1,-1,1,-1,-1,-1,-1,1,-1,1,1,-1,-1,-1,-1,1,1,-1,-1,1,-1,1,-1,1,1,-1,1,1,1,1,1,-1,-1,1,-1,0.0,-150.039161767939,1
312,1,1,1,1,-1,1,1,1,1,-1,1,1,-1,1,-1,1,-1,1,-1,1,-1,-1,1,1,1,1,1,-1,-1,-1,-1,1,-1,1,1,-1,1,1,-1,-1,0.0,-149.98909268103188,1
313,1,1,1,1,1,1,-1,1,-1,-1,-1,-1,1,-1,1,1,-1,1,-1,-1,1,-1,-1,1,1,-1,-1,-1,1,1,-1,1,1,1,-1,1,-1,1,1,-1,0.0,-149.95754775328007,1
314,-1,-1,-1,-1,1,-1,-1,-1,1,1,-1,-1,1,-1,1,-1,1,-1,1,-1,1,1,-1,-1,-1,-1,1,-1,1,1,1,-1,1,1,-1,1,-1,-1,1,1,0.0,-149.92383401891385,1
315,1,1,1,1,-1,1,1,1,-1,-1,1,1,-1,1,-1,1,-1,1,-1,1,-1,-1,1,1,1,1,-1,-1,-1,-1,-1,1,1,1,-1,-1,1,1,-1,-1,0.025,-153.51131133720733,1
316,1,1,1,1,-1,1,-1,1,-1,-1,1,1,-1,-1,-1,1,-1,1,-1,1,-1,-1,1,1,1,-1,-1,-1,-1,-1,-1,1,1,1,-1,-1,1,1,-1,-1,0.0,-149.89511696881902,1
317,1,1,1,1,-1,1,1,1,-1,-1,1,1,-1,-1,-1,1,-1,1,-1,1,-1,-1,1,1,1,-1,-1,-1,-1,-1,-1,1,1,1,-1,-1,1,1,-1,-1,0.0,-149.81307210150646,1
318,-1,1,-1,1,1,-1,-1,-1,1,1,-1,-1,1,-1,1,1,-1,-1,1,-1,1,1,-1,-1,1,-1,1,-1,1,1,1,-1,1,1,1,1,-1,-1,1,1,0.0,-149.76693857305014,1
319,-1,1,-1,1,1,-1,-1,-1,-1,1,-1,-1,1,-1,-1,-1,1,-1,1,-1,1,1,-1,-1,-1,1,1,-1,1,1,1,-1,1,-1,1,1,-1,-1,1,-1,0.0,-149.70789397916926,2
320,-1,1,-1,1,1,-1,-1,-1,-1,1,-1,-1,1,-1,1,1,1,-1,1,-1,1,1,-1,-1,1,-1,-1,-1,1,1,1,1,1,-1,1,1,-1,-1,1,-1,0.0,-149.70314521241718,1
321,-1,-1,-1,1,1,-1,-1,-1,1,1,-1,-1,1,-1,-1,-1,-1,1,1,-1,1,-1,1,-1,-1,-1,1,1,-1,1,1,-1,-1,-1,1,1,-1,-1,1,1,0.0,-149.694970755189,2
322,1,1,1,1,1,1,-1,1,-1,-1,-1,-1,1,-1,1,1,-1,1,-1,-1,1,1,-1,1,1,-1,-1,-1,1,-1,-1,1,1,1,-1,1,-1,1,1,-1,0.0,-149.67565222296903,1
323,-1,1,-1,1,1,-1,-1,-1,1,1,-1,-1,1,-1,1,1,-1,-1,1,-1,1,1,-1,-1,-1,-1,1,-1,1,1,-1,-1,1,-1,1,1,-1,-1,1,-1,0.0,-149.61456445207122,2
324,-1,-1,-1,-1,-1,-1,1,-1,-1,1,-1,-1,1,-1,1,-1,1,-1,1,-1,1,1,-1,-1,-1,-1,1,-1,1,1,1,1,1,-1,1,1,1,-1,1,1,0.0,-149.61210639914262,1
325,1,1,1,1,1,1,-1,1,-1,-1,1,1,1,-1,-1,1,-1,1,-1,-1,1,-1,1,1,1,-1,-1,-1,-1,1,-1,1,1,-1,1,1,-1,1,1,-1,0.0,-149.56938395611888,2
326,-1,1,-1,1,1,-1,-1,-1,-1,1,-1,-1,1,-1,-1,-1,-1,-1,1,-1,1,-1,-1,-1,1,-1,1,-1,1,1,-1,-1,1,-1,1,1,-1,-1,1,-1,0.0,-149.55785650108126,1
327,-1,-1,-1,-1,1,-1,1,-1,1,1,-1,-1,1,-1,1,-1,1,-1,1,-1,1,1,-1,-1,-1,-1,1,-1,1,-1,1,-1,1,1,1,1,-1,-1,1,1,0.0,-149.55738672269456,1
328,-1,-1,-1,-1,-1,-1,-1,-1,-1,1,-1,-1,1,-1,1,-1,1,-1,1,-1,1,1,-1,-1,-1,-1,-1,-1,1,1,1,-1,1,-1,-1,1,1,-1,1,1,0.0,-149.55634421066236,1
329,-1,-1,-1,-1,-1,-1,1,-1,1,1,-1,-1,1,-1,1,-1,1,-1,1,-1,1,1,-1,-1,-1,-1,1,-1,1,1,1,-1,-1,-1,1,1,1,-1,1,1,0.0,-149.54396707947026,1
330,1,1,-1,1,-1,1,1,1,-1,-1,1,1,-1,1,-1,1,-1,1,-1,1,-1,-1,1,1,1,1,-1,1,-1,-1,-1,-1,1,1,-1,-1,1,1,-1,-1,0.0,-149.50613127085543,2
331,-1,-1,-1,1,1,-1,-1,-1,1,1,-1,-1,1,-1,1,-1,-1,-1,1,-1,1,1,-1,-1,-1,-1,-1,-1,1,1,1,-1,1,-1,1,1,-1,-1,1,1,0.0,-149.45907057445694,1
332,-1,-1,-1,1,1,-1,-1,-1,-1,1,-1,-1,1,-1,1,-1,1,-1,1,-1,1,1,-1,-1,1,-1,1,-1,1,1,1,-1,1,-1,1,1,-1,-1,1,1,0.0,-149.44921299408668,1
333,1,1,1,1,-1,1,-1,1,1,-1,-1,1,-1,1,-1,-1,-1,1,-1,1,-1,-1,1,1,1,1,-1,1,-1,-1,-1,-1,-1,-1,-1,-1,1,1,-1,-1,0.0,-149.39750320499022,1
334,1,1,1,1,1,1,-1,1,-1,-1,-1,1,1,-1,-1,1,-1,1,-1,1,-1,-1,-1,1,1,-1,-1,-1,1,-1,-1,1,1,1,-1,-1,-1,1,1,-1,0.0,-149.39685452452,1
335,1,1,1,1,1,1,-1,1,-1,-1,-1,1,1,-1,-1,1,-1,1,-1,1,1,-1,1,1,1,-1,-1,-1,1,-1,-1,1,1,1,-1,1,-1,1,1,-1,0.025,-153.5217117696956,1
336,-1,-1,-1,1,1,-1,-1,-1,1,1,-1,-1,1,1,-1,-1,-1,1,1,1,-1,1,1,-1,-1,-1,1,1,-1,-1,1,-1,-1,-1,1,-1,-1,-1,-1,1,0.0,-149.37251915145845,1
337,-1,1,-1,1,1,-1,-1,-1,-1,1,-1,-1,1,-1,-1,-1,1,-1,1,-1,1,1,-1,-1,1,-1,1,-1,1,1,-1,-1,1,-1,1,1,-1,-1,1,-1,0.0,-149.24179322364768,2
338,1,1,1,1,-1,1,1,1,-1,-1,1,1,-1,-1,-1,1,-1,1,-1,1,-1,-1,1,1,1,1,-1,-1,-1,-1,-1,1,1,1,-1,-1,1,1,-1,-1,0.0,-149.18821741384946,3
339,-1,1,-1,1,1,-1,-1,-1,-1,1,-1,-1,1,-1,-1,1,-1,-1,1,-1,1,1,-1,-1,-1,-1,-1,-1,-1,1,1,-1,1,-1,1,1,-1,-1,1,-1,0.0,-149.17752842308468,1
340,1,1,1,1,-1,1,-1,1,1,-1,1,1,-1,1,-1,1,-1,1,-1,1,-1,-1,1,1,1,1,1,1,-1,-1,-1,1,-1,1,1,-1,1,1,-1,-1,0.0,-149.1452228736762,1
341,1,1,1,1,-1,1,-1,1,1,-1,-1,1,-1,1,-1,1,-1,1,-1,1,-1,-1,1,1,1,1,-1,1,-1,-1,-1,-1,-1,-1,-1,-1,1,1,-1,-1,0.0,-149.13876450239275,1
342,1,1,1,1,-1,1,1,1,-1,-1,1,1,-1,-1,1,1,-1,-1,-1,-1,1,-1,-1,1,1,-1,-1,-1,1,1,-1,1,1,1,-1,1,1,1,1,-1,0.0,-149.11728759153425,1
343,1,1,1,1,-1,1,1,1,1,-1,1,1,-1,1,-1,1,-1,1,-1,1,-1,-1,1,1,1,1,-1,1,-1,-1,-1,1,-1,1,1,-1,1,1,-1,-1,0.0,-149.06922124940394,2
344,1,1,1,1,-1,1,-1,1,-1,-1,1,1,-1,1,-1,-1,-1,1,-1,1,-1,-1,1,1,1,1,-1,1,-1,-1,-1,-1,-1,-1,-1,-1,1,1,-1,-1,0.0,-148.97373029136978,1
345,-1,-1,-1,-1,1,-1,-1,-1,1,1,-1,-1,1,-1,1,-1,1,-1,1,-1,1,1,-1,-1,-1,1,1,-1,1,1,1,-1,-1,-1,1,1,-1,-1,1,1,0.0,-148.9204861590173,1
346,1,1,1,1,1,1,-1,1,-1,-1,1,1,1,-1,-1,1,-1,1,-1,1,1,-1,1,1,1,-1,-1,-1,-1,-1,-1,1,1,1,1,1,-1,1,1,-1,0.0,-148.86683207388165,1
347,1,1,1,-1,-1,1,1,1,1,-1,1,1,-1,1,-1,-1,-1,1,-1,1,-1,-1,1,1,1,1,-1,1,-1,-1,-1,-1,-1,1,-1,-1,1,1,-1,-1,0.0,-148.83937104953395,1
348,1,1,1,-1,-1,1,1,1,1,-1,1,1,-1,1,1,1,-1,1,-1,1,-1,-1,1,1,1,1,1,-1,-1,-1,-1,1,-1,1,-1,-1,1,1,-1,-1,0.0,-148.78533821574842,1
349,1,1,1,1,1,1,-1,1,-1,-1,1,1,1,-1,-1,1,-1,1,-1,1,1,-1,1,1,1,-1,-1,-1,-1,1,-1,1,1,-1,1,1,-1,1,1,-1,0.0,-148.7543907651771,4
350,1,1,1,1,1,1,-1,1,-1,-1,1,1,-1,1,-1,1,-1,1,-1,1,-1,-1,1,1,1,1,-1,1,-1,-1,-1,1,1,1,-1,-1,1,1,-1,-1,0.0,-148.69597218837788,1
351,1,1,1,1,1,1,-1,1,1,-1,-1,1,-1,1,-1,1,-1,1,-1,1,-1,-1,1,1,1,1,-1,1,-1,-1,-1,-1,-1,1,1,-1,-1,1,-1,-1,0.025,-147.02267637315816,1
352,1,1,1,1,1,1,-1,1,-1,-1,-1,1,1,-1,1,1,-1,1,-1,-1,1,-1,-1,1,1,-1,1,-1,1,-1,-1,1,1,1,1,1,-1,1,1,-1,0.0,-148.64044970318517,1
353,-1,1,1,1,1,1,1,1,1,-1,1,1,-1,1,1,1,1,-1,-1,-1,-1,-1,-1,1,1,1,1,-1,1,1,-1,1,1,1,1,-1,-1,-1,1,-1,0.0,-148.63192105660346,1
354,1,1,1,-1,-1,1,1,1,-1,-1,1,1,-1,1,-1,1,1,-1,-1,1,-1,-1,1,1,1,1,-1,1,-1,-1,-1,1,-1,1,-1,-1,1,1,-1,-1,0.0,-148.57652327060967,1
355,-1,1,-1,1,1,-1,-1,-1,1,1,-1,-1,1,-1,1,1,-1,-1,1,-1,1,1,-1,-1,1,-1,1,-1,1,1,1,-1,1,1,1,1,-1,-1,1,1,0.025,-149.76693857305014,1
356,-1,1,-1,1,1,-1,-1,-1,-1,1,-1,-1,1,-1,-1,-1,1,-1,1,-1,1,1,-1,-1,-1,-1,1,-1,1,1,-1,-1,1,-1,1,1,-1,-1,1,-1,0.0,-148.4031377658452,1
357,1,-1,1,-1,1,1,1,1,1,-1,1,1,-1,1,1,1,1,1,-1,-1,-1,-1,1,1,1,1,1,1,1,-1,-1,1,-1,1,1,-1,-1,-1,-1,1,0.0,-148.29204686559297,1
358,1,1,1,1,1,1,-1,1,-1,-1,-1,1,1,-1,-1,1,-1,1,-1,1,1,-1,1,1,1,-1,-1,-1,-1,-1,-1,1,1,1,1,1,-1,1,1,-1,0.0,-148.18955225135483,1
359,1,-1,-1,-1,-1,1,1,1,1,-1,1,1,-1,1,-1,-1,-1,1,1,1,-1,-1,1,1,1,1,1,1,-1,-1,1,-1,-1,-1,-1,-1,1,1,-1,1,0.0,-148.0809601513012,1
360,1,1,1,1,-1,1,-1,1,1,-1,1,1,-1,1,-1,1,-1,-1,-1,1,-1,-1,1,1,1,1,-1,1,-1,-1,-1,1,-1,1,-1,-1,1,1,-1,-1,0.0,-148.04759056793444,1
361,-1,1,-1,1,1,-1,-1,-1,-1,1,-1,-1,1,-1,1,1,1,-1,1,-1,1,1,-1,-1,1,-1,1,1,1,1,1,1,1,-1,1,1,-1,-1,1,-1,0.0,-148.03770252436283,1
362,1,1,1,-1,-1,1,1,1,1,-1,1,1,-1,1,1,1,-1,1,-1,1,-1,-1,1,1,1,1,-1,-1,1,-1,-1,1,-1,1,-1,-1,1,1,-1,-1,0.0,-147.9953584319768,2
363,-1,-1,-1,-1,1,-1,-1,-1,1,1,-1,-1,1,-1,1,-1,1,-1,1,-1,1,1,-1,-1,-1,-1,1,1,1,1,1,-1,1,1,1,1,-1,-1,1,1,0.0,-147.88638723209354,1
364,-1,1,-1,1,1,-1,-1,-1,-1,1,-1,-1,1,-1,1,1,-1,-1,1,-1,1,1,-1,-1,-1,-1,1,-1,1,1,-1,-1,1,1,1,1,-1,1,1,-1,0.0,-147.8769904022001,1
365,1,1,1,-1,-1,1,1,1,-1,-1,1,1,-1,1,1,1,-1,1,-1,1,-1,-1,1,1,1,1,-1,-1,-1,-1,-1,1,-1,1,-1,-1,1,1,-1,-1,0.025,-150.9084463709721,1
366,-1,-1,-1,1,1,-1,-1,-1,-1,1,-1,-1,1,-1,-1,-1,1,-1,1,-1,1,1,-1,-1,-1,-1,1,1,-1,1,1,-1,-1,-1,1,1,-1,-1,1,1,0.0,-147.80538024343394,1
367,-1,-1,-1,-1,-1,-1,1,-1,1,1,-1,-1,1,-1,-1,-1,1,1,1,1,-1,1,1,-1,-1,-1,1,1,-1,-1,1,-1,-1,-1,1,-1,1,-1,-1,1,0.0,-147.72058712257328,2
368,-1,-1,1,1,1,-1,-1,-1,-1,1,-1,-1,1,-1,1,-1,1,-1,1,-1,1,1,-1,-1,-1,-1,1,-1,1,1,1,-1,1,-1,1,1,-1,-1,1,1,0.0,-147.71604102766597,1
369,-1,-1,-1,1,1,-1,-1,-1,1,1,-1,-1,1,-1,-1,1,-1,1,1,-1,1,-1,1,-1,-1,-1,1,1,-1,1,-1,-1,-1,-1,1,1,-1,-1,1,1,0.0,-147.71050639980848,1
370,1,1,1,1,1,1,-1,1,-1,-1,-1,1,1,-1,-1,1,-1,1,-1,1,1,-1,1,1,1,-1,-1,-1,-1,-1,-1,-1,1,1,-1,-1,-1,1,-1,-1,0.0,-147.7054362061525,1
371,-1,-1,-1,-1,1,-1,-1,-1,-1,1,-1,-1,1,-1,-1,-1,1,-1,1,-1,1,1,-1,-1,-1,1,-1,-1,1,1,1,-1,1,-1,-1,1,-1,-1,1,1,0.0,-147.69173342796344,1
372,1,1,1,1,1,1,-1,1,-1,-1,1,1,1,-1,-1,1,-1,1,-1,1,1,-1,1,1,1,-1,-1,-1,-1,1,-1,1,1,-1,1,-1,-1,1,1,-1,0.0,-147.6338262241758,2
373,1,1,1,-1,-1,1,1,1,1,-1,1,1,-1,1,1,1,-1,1,-1,1,-1,-1,1,1,1,1,1,-1,1,-1,-1,1,-1,1,-1,-1,1,1,-1,-1,0.0,-147.61150377440822,2
374,1,1,1,1,-1,1,-1,1,-1,-1,-1,1,-1,-1,-1,1,-1,1,-1,1,-1,-1,1,1,1,-1,-1,1,-1,-1,-1,1,-1,1,-1,-1,1,1,-1,-1,0.025,-148.95287497518814,1
375,1,1,1,1,1,1,-1,1,-1,-1,1,1,1,-1,-1,1,-1,-1,-1,-1,1,-1,1,1,1,-1,-1,-1,1,1,-1,1,1,-1,1,1,-1,1,1,-1,0.0,-147.5305541154879,2
376,1,-1,1,-1,-1,-1,1,1,1,-1,1,1,-1,1,-1,-1,-1,1,1,1,-1,-1,1,1,1,1,-1,1,-1,-1,1,-1,-1,-1,-1,-1,1,1,-1,1,0.0,-147.48315466261474,1
377,-1,-1,-1,-1,-1,-1,1,-1,1,1,-1,-1,1,-1,1,-1,1,-1,1,-1,1,1,-1,-1,-1,-1,1,-1,1,1,1,1,1,-1,1,1,1,-1,1,1,0.0,-147.47338974141175,1
378,1,1,1,1,1,1,1,1,-1,-1,1,1,1,-1,-1,1,-1,1,-1,1,1,-1,1,1,1,-1,1,-1,1,-1,-1,1,1,1,1,1,-1,1,1,-1,0.0,-147.47256920887313,1
379,1,1,1,-1,-1,1,1,1,-1,-1,1,1,-1,1,-1,-1,1,-1,-1,1,-1,-1,-1,1,1,1,-1,-1,-1,-1,1,1,1,1,-1,-1,1,1,-1,-1,0.0,-147.4672842445002,1
380,1,1,1,1,1,1,-1,1,-1,-1,1,1,-1,-1,-1,1,-1,-1,-1,-1,1,-1,1,1,1,-1,-1,-1,1,1,-1,1,1,1,-1,1,-1,1,1,-1,0.0,-147.3328738018339,1
381,1,-1,-1,-1,-1,-1,1,-1,1,1,1,1,1,1,-1,-1,1,-1,1,1,1,1,1,-1,-1,1,1,1,-1,-1,1,-1,-1,-1,1,-1,1,-1,-1,1,0.0,-147.2532431697555,1
382,1,-1,-1,-1,-1,-1,1,1,1,-1,1,1,-1,1,-1,-1,-1,1,1,1,-1,-1,1,1,-1,1,1,1,-1,-1,1,-1,-1,1,-1,-1,1,1,-1,1,0.0,-147.21739219303007,1
383,1,-1,1,-1,-1,1,1,1,1,-1,-1,1,-1,1,-1,-1,-1,1,-1,1,-1,-1,1,1,1,1,-1,1,-1,-1,-1,-1,-1,-1,-1,-1,1,1,-1,-1,0.0,-147.21730616972349,1
384,-1,1,-1,1,1,-1,-1,-1,-1,1,-1,-1,1,-1,-1,-1,-1,-1,1,-1,1,1,-1,-1,1,-1,1,-1,1,1,-1,-1,1,-1,1,1,-1,1,1,-1,0.0,-147.21534254547225,1
385,1,1,1,1,-1,1,1,1,-1,-1,1,1,-1,1,-1,1,-1,1,-1,1,-1,-1,1,1,1,-1,-1,1,-1,-1,-1,1,-1,-1,-1,-1,1,1,-1,-1,0.0,-147.11548316233012,1
386,1,1,1,1,-1,1,1,1,1,-1,1,1,-1,1,1,1,-1,1,-1,1,-1,-1,1,1,1,1,1,-1,-1,-1,-1,1,-1,1,-1,-1,1,1,-1,-1,0.0,-147.04533892386152,2
387,1,1,1,1,-1,1,-1,1,-1,-1,1,1,-1,-1,-1,1,-1,-1,-1,1,1,-1,1,1,1,1,-1,-1,-1,1,-1,1,1,1,-1,1,1,1,1,-1,0.0,-147.03672425032727,1
388,1,1,1,1,1,1,-1,1,-1,-1,-1,1,1,-1,-1,1,-1,1,-1,1,1,-1,1,1,1,-1,1,-1,1,-1,-1,1,1,1,1,-1,-1,1,1,-1,0.0,-147.02850671533574,2
389,1,1,1,1,-1,1,-1,1,-1,-1,-1,1,-1,1,-1,-1,-1,1,-1,1,-1,-1,1,1,1,-1,-1,1,-1,-1,-1,-1,-1,-1,-1,-1,1,1,-1,-1,0.0,-147.01913001411907,1
390,1,1,-1,-1,-1,1,1,1,-1,-1,1,1,-1,1,-1,1,-1,1,-1,1,-1,-1,1,1,1,1,-1,1,-1,-1,-1,1,-1,1,-1,-1,1,1,-1,-1,0.0,-147.00175071760617,1
391,-1,-1,-1,-1,-1,-1,1,-1,1,1,1,-1,1,1,-1,-1,1,-1,1,1,1,1,1,-1,-1,-1,1,1,-1,1,1,-1,-1,-1,1,-1,1,-1,-1,1,0.0,-146.8967431170484,1
392,1,1,1,1,-1,1,1,1,-1,-1,1,1,-1,1,-1,-1,1,1,-1,1,-1,-1,1,1,1,1,-1,1,-1,-1,-1,1,-1,-1,-1,-1,1,1,-1,-1,0.0,-146.88213841702824,1
393,-1,-1,-1,-1,1,-1,1,-1,1,1,-1,-1,1,1,1,-1,1,-1,1,-1,1,1,-1,-1,-1,-1,1,1,1,1,1,-1,-1,-1,1,1,1,-1,1,1,0.0,-146.86673163994064,1
394,1,1,1,1,1,1,-1,1,-1,-1,-1,1,1,-1,-1,1,-1,1,-1,1,-1,-1,1,1,1,-1,-1,-1,-1,-1,-1,1,1,1,-1,-1,-1,1,-1,-1,0.0,-146.80054144210493,1
395,1,-1,-1,-1,-1,-1,1,1,1,-1,1,1,-1,1,-1,-1,-1,1,-1,1,-1,-1,1,1,1,1,-1,1,-1,-1,1,-1,-1,-1,-1,-1,1,1,-1,1,0.0,-146.64519901008796,1
396,1,1,1,1,-1,1,-1,1,-1,-1,1,1,-1,-1,-1,1,-1,-1,-1,1,-1,-1,1,1,1,1,-1,-1,-1,1,-1,1,1,1,-1,-1,1,1,-1,-1,0.0,-146.6168270854829,1
397,-1,-1,-1,-1,1,-1,-1,-1,1,1,-1,-1,1,-1,1,-1,1,-1,1,-1,1,1,-1,-1,-1,-1,-1,-1,1,1,1,-1,1,1,1,1,-1,-1,1,1,0.0,-146.6074939066129,1
398,1,1,1,1,1,1,1,1,-1,-1,-1,1,1,-1,-1,1,-1,1,-1,1,1,-1,1,1,1,-1,1,-1,1,-1,-1,1,1,1,1,-1,-1,1,1,-1,0.0,-146.55402584167345,1
399,-1,-1,-1,1,1,-1,-1,-1,1,1,-1,-1,1,-1,-1,-1,-1,1,1,-1,1,1,1,-1,-1,-1,1,1,-1,1,-1,-1,-1,-1,1,1,-1,-1,1,1,0.0,-146.5436969670556,1
400,1,-1,1,-1,-1,1,1,1,1,-1,1,1,-1,1,1,-1,-1,1,-1,1,-1,-1,1,1,1,1,1,-1,1,-1,-1,1,-1,1,-1,-1,1,1,-1,-1,0.0,-146.44600517585351,1
401,-1,-1,-1,-1,-1,-1,1,-1,1,1,1,-1,-1,-1,1,-1,1,-1,1,-1,1,1,-1,-1,-1,-1,1,-1,1,1,1,1,-1,-1,1,1,1,-1,1,1,0.0,-146.44445045532478,1
402,1,-1,-1,-1,-1,-1,1,1,1,-1,1,1,-1,1,-1,-1,1,1,1,1,-1,-1,1,1,1,1,1,1,-1,-1,1,-1,-1,-1,1,-1,1,-1,-1,1,0.0,-146.43214537687166,1
403,-1,-1,-1,1,1,-1,-1,-1,1,-1,-1,-1,1,1,-1,-1,-1,1,1,1,-1,-1,1,-1,-1,-1,1,1,-1,-1,-1,-1,-1,-1,1,-1,-1,-1,-1,1,0.0,-146.38088964111864,1
404,1,1,1,1,1,1,1,1,-1,-1,-1,1,1,-1,-1,1,-1,1,-1,1,-1,-1,1,1,1,-1,1,-1,1,-1,-1,1,1,1,1,-1,-1,1,1,-1,0.0,-146.3300805145349,1
405,-1,-1,-1,-1,-1,-1,1,-1,1,1,1,-1,1,1,-1,-1,1,-1,1,1,1,1,1,-1,-1,1,1,1,-1,1,1,-1,-1,-1,1,1,1,-1,-1,1,0.0,-146.3279163022342,1
406,1,1,1,1,1,1,-1,1,-1,-1,1,1,-1,1,-1,1,-1,1,-1,1,-1,-1,1,1,1,1,-1,-1,-1,-1,-1,1,1,1,-1,-1,-1,1,-1,-1,0.0,-146.30938340738325,1
407,-1,1,1,1,1,1,-1,1,-1,-1,1,1,-1,-1,1,1,1,-1,-1,-1,1,1,-1,1,1,1,-1,-1,1,1,-1,1,1,1,1,1,-1,1,1,-1,0.0,-146.30642308400752,1
408,1,1,1,1,-1,1,-1,1,-1,-1,1,1,-1,-1,-1,1,-1,1,-1,1,-1,-1,1,1,1,-1,-1,-1,-1,-1,-1,1,1,1,-1,-1,1,1,-1,-1,0.025,-149.89511696881902,1
409,1,1,1,1,-1,1,-1,1,-1,-1,1,1,-1,-1,-1,1,-1,1,-1,1,-1,-1,1,1,1,-1,-1,-1,-1,-1,-1,1,-1,1,-1,-1,1,1,-1,-1,0.0,-146.2810717944965,1
410,1,-1,-1,-1,-1,-1,1,-1,1,-1,1,1,-1,1,-1,-1,-1,1,1,1,1,-1,1,1,1,1,-1,1,-1,-1,-1,-1,-1,-1,-1,-1,1,1,-1,1,0.0,-146.2495427047228,1
411,1,1,1,1,-1,1,1,1,1,-1,1,1,-1,1,-1,-1,1,1,-1,1,-1,-1,1,1,1,-1,1,1,-1,-1,-1,1,-1,-1,1,-1,1,1,-1,-1,0.0,-146.18317766003594,1
412,1,-1,-1,-1,-1,-1,1,-1,1,-1,1,1,-1,1,-1,-1,-1,1,-1,1,-1,-1,1,1,-1,1,-1,-1,-1,-1,-1,-1,-1,-1,-1,-1,1,1,-1,1,0.0,-146.11985806362495,1
413,-1,-1,-1,-1,-1,-1,1,-1,1,-1,-1,-1,1,1,-1,-1,1,1,1,1,-1,-1,1,-1,-1,1,1,1,-1,-1,1,-1,-1,-1,1,-1,1,-1,-1,1,0.0,-146.0971157872158,1
414,1,1,1,-1,-1,1,1,1,1,-1,1,1,-1,1,1,1,-1,1,-1,1,-1,-1,1,1,1,1,1,1,-1,-1,-1,1,-1,1,-1,-1,1,1,-1,1,0.0,-146.01613826400404,1
415,1,1,1,1,1,1,-1,1,-1,-1,-1,1,1,-1,-1,1,-1,1,-1,1,1,-1,1,1,1,-1,-1,-1,1,-1,-1,1,1,-1,1,1,-1,1,1,-1,0.0,-145.91236505837745,1
416,1,-1,1,-1,-1,1,1,1,1,-1,1,1,-1,1,-1,-1,1,1,-1,1,-1,-1,1,1,1,1,-1,1,-1,-1,1,-1,-1,-1,-1,-1,1,1,-1,1,0.025,-150.56404633315114,1
417,-1,1,-1,1,1,1,-1,-1,-1,1,-1,-1,1,-1,1,1,1,-1,1,-1,1,1,-1,-1,1,-1,-1,1,1,1,1,1,1,1,1,1,-1,-1,1,-1,0.0,-145.8313149663076,1
418,-1,-1,-1,-1,-1,-1,1,-1,-1,1,-1,-1,1,-1,1,-1,1,-1,1,-1,1,1,-1,-1,-1,-1,1,-1,1,1,1,-1,1,-1,1,1,1,-1,1,1,0.0,-145.82911923030383,1
419,1,1,1,-1,-1,1,1,1,1,-1,1,1,-1,1,-1,-1,-1,1,-1,1,-1,-1,1,1,1,1,-1,1,-1,-1,-1,1,-1,1,-1,-1,1,1,-1,-1,0.025,-147.12131923822253,1
420,1,1,1,-1,-1,1,1,1,-1,-1,1,1,-1,1,-1,1,1,1,-1,1,-1,-1,1,1,1,1,1,1,-1,-1,-1,1,-1,-1,-1,-1,1,1,-1,-1,0.0,-145.73804602940882,1
421,1,-1,1,-1,-1,1,1,1,1,-1,1,1,-1,1,-1,-1,-1,1,-1,1,-1,-1,1,1,1,-1,-1,-1,-1,-1,-1,1,-1,1,-1,-1,1,1,-1,1,0.0,-145.73298502358676,1
422,1,1,-1,1,-1,1,1,1,-1,-1,1,1,-1,1,-1,1,1,1,-1,1,-1,-1,1,1,1,1,-1,1,-1,-1,-1,1,-1,-1,-1,-1,1,1,-1,-1,0.0,-145.7018152012378,1
423,-1,1,-1,1,1,-1,-1,-1,1,1,-1,-1,1,-1,1,-1,-1,-1,1,-1,1,1,-1,-1,-1,-1,1,-1,1,1,1,-1,1,-1,1,1,-1,-1,1,-1,0.0,-145.6825645436472,1
424,-1,-1,-1,-1,1,-1,1,-1,-1,1,1,-1,1,-1,1,-1,1,-1,1,-1,1,1,-1,-1,-1,1,1,-1,1,1,1,1,1,-1,1,1,-1,-1,1,1,0.0,-145.6727282834909,1
425,1,1,1,-1,-1,1,1,1,-1,-1,1,1,-1,-1,1,1,1,-1,-1,-1,1,-1,-1,1,1,-1,1,-1,1,1,-1,1,1,1,-1,1,1,1,1,-1,0.0,-145.60721770672032,1
426,-1,-1,-1,-1,-1,-1,1,-1,1,1,-1,-1,-1,1,1,-1,1,-1,1,-1,-1,1,-1,-1,-1,1,1,1,1,-1,1,-1,-1,1,1,-1,1,-1,-1,1,0.0,-145.54014911155326,1
427,1,1,1,1,-1,1,1,1,-1,-1,-1,1,-1,1,-1,-1,-1,1,-1,1,-1,-1,1,1,1,1,-1,1,-1,-1,-1,-1,-1,-1,-1,-1,1,1,-1,-1,0.0,-145.52548356356056,1
428,-1,-1,-1,-1,-1,-1,-1,-1,1,1,-1,-1,1,-1,1,-1,1,-1,1,-1,1,1,-1,-1,-1,-1,1,-1,1,1,1,-1,-1,-1,1,1,1,-1,1,1,0.0,-145.4390920873069,1
429,-1,-1,-1,-1,-1,-1,1,-1,1,1,-1,-1,1,-1,1,-1,1,-1,1,-1,1,1,-1,-1,-1,-1,1,-1,1,1,1,-1,1,-1,1,1,-1,-1,1,1,0.0,-145.39630312333833,1
430,-1,-1,-1,1,1,-1,-1,-1,1,-1,-1,-1,1,1,-1,-1,-1,1,1,1,-1,-1,1,-1,1,-1,1,1,-1,-1,1,-1,-1,-1,1,-1,-1,-1,-1,1,0.0,-145.3352648121049,1
431,1,1,1,1,1,1,-1,1,-1,-1,-1,1,1,-1,-1,1,-1,1,-1,1,1,-1,1,1,1,-1,-1,-1,1,-1,-1,1,1,-1,1,-1,-1,1,1,-1,0.0,-145.28275193457185,1
432,1,1,-1,-1,-1,1,1,1,-1,-1,1,1,-1,1,-1,1,-1,1,-1,1,-1,-1,1,1,1,1,-1,1,-1,-1,-1,1,1,1,-1,-1,1,1,-1,-1,0.0,-145.247735535765,1
433,1,-1,1,-1,-1,1,1,1,1,-1,1,1,-1,1,-1,-1,-1,1,-1,1,-1,-1,1,1,1,1,-1,-1,-1,-1,-1,1,-1,-1,-1,-1,1,1,-1,-1,0.0,-145.21342580897735,1
434,1,1,1,1,-1,1,1,1,1,-1,1,1,-1,1,-1,1,-1,1,-1,1,-1,-1,1,1,1,-1,1,-1,-1,-1,-1,1,-1,-1,1,-1,1,1,-1,-1,0.0,-145.15393004740434,1
435,-1,1,1,1,1,1,-1,-1,-1,1,-1,-1,1,-1,1,1,1,-1,1,-1,1,1,-1,-1,1,-1,1,-1,1,1,1,1,1,-1,1,1,-1,-1,1,-1,0.025,-149.13989693951729,1
436,-1,1,-1,1,1,-1,-1,-1,-1,1,-1,-1,1,-1,-1,1,-1,-1,1,-1,1,1,-1,-1,-1,-1,1,1,1,1,-1,-1,1,-1,1,1,-1,1,1,-1,0.0,-145.06089294228084,1
437,1,1,1,1,1,1,-1,1,-1,-1,1,1,1,-1,-1,1,-1,1,-1,1,1,-1,1,1,1,-1,1,-1,1,-1,-1,1,1,1,1,1,-1,1,1,-1,0.0,-145.03414501237776,3
438,1,-1,-1,-1,-1,-1,1,1,1,-1,1,1,-1,1,-1,-1,1,1,1,1,-1,-1,1,1,-1,1,-1,1,-1,-1,1,-1,-1,-1,-1,-1,1,-1,-1,1,0.0,-144.98654132559676,1
439,-1,-1,-1,1,-1,-1,1,-1,1,1,-1,-1,1,-1,-1,-1,1,1,1,1,-1,1,1,-1,-1,-1,1,1,-1,-1,1,-1,-1,-1,1,-1,-1,-1,-1,1,0.0,-144.98425800994374,1
440,-1,1,-1,1,1,1,-1,-1,-1,1,-1,-1,1,-1,1,1,-1,-1,-1,-1,-1,1,-1,-1,1,-1,1,-1,1,1,-1,1,1,1,1,1,-1,-1,1,-1,0.0,-144.92605256858323,1
441,1,1,1,1,-1,1,1,1,-1,-1,1,1,-1,-1,-1,1,-1,1,-1,1,1,-1,1,1,1,-1,-1,-1,-1,-1,-1,1,1,1,-1,1,1,1,1,-1,0.0,-144.87473304397682,1
442,-1,1,-1,1,1,-1,-1,-1,1,1,-1,-1,1,-1,1,1,1,-1,1,-1,1,1,-1,-1,1,-1,1,1,1,1,1,-1,1,1,1,1,-1,-1,1,1,0.0,-144.8389515328909,1
443,-1,-1,-1,1,1,-1,-1,-1,-1,1,-1,-1,1,-1,1,-1,1,-1,1,-1,1,1,-1,-1,-1,-1,1,1,1,1,1,-1,-1,-1,1,1,-1,-1,1,-1,0.0,-144.6859726537829,1
444,-1,1,-1,1,1,-1,-1,-1,-1,1,-1,-1,1,-1,1,1,-1,-1,1,-1,1,1,-1,-1,-1,-1,1,-1,1,1,1,-1,1,1,1,1,-1,-1,1,-1,0.025,-158.87906678997595,1
445,-1,1,-1,1,1,-1,-1,-1,-1,1,-1,-1,1,-1,1,1,1,-1,1,-1,1,1,-1,-1,-1,-1,-1,-1,1,1,-1,1,1,-1,1,1,-1,-1,1,-1,0.0,-144.49202679960257,1
446,1,-1,1,-1,-1,1,1,1,1,-1,1,1,-1,1,-1,-1,1,1,-1,1,1,-1,1,1,1,-1,-1,1,-1,-1,-1,1,-1,-1,-1,-1,1,1,-1,1,0.0,-144.3939911592796,1
447,-1,1,-1,1,1,-1,-1,-1,-1,1,-1,-1,1,-1,1,1,1,-1,1,-1,1,1,-1,-1,-1,-1,1,-1,1,1,1,-1,1,-1,1,1,-1,-1,1,1,0.0,-144.3492097547349,1
448,1,1,1,1,1,1,-1,1,1,-1,1,1,-1,1,-1,1,-1,1,-1,1,-1,-1,1,1,1,1,-1,1,-1,-1,-1,1,-1,-1,1,-1,1,1,-1,-1,0.0,-144.34113444643,1
449,1,1,1,1,1,1,-1,1,-1,-1,-1,1,1,-1,-1,1,-1,1,-1,1,1,-1,1,1,1,-1,-1,-1,1,-1,-1,1,1,-1,-1,-1,-1,1,1,-1,0.0,-144.27671873547823,1
450,1,1,1,1,1,1,-1,1,-1,-1,1,1,1,-1,-1,1,-1,1,-1,1,1,-1,1,1,1,-1,-1,-1,1,-1,-1,1,1,-1,1,1,-1,1,1,-1,0.0,-144.23968492837278,1
451,1,-1,1,-1,-1,1,1,1,1,-1,1,1,-1,1,-1,-1,-1,1,-1,1,-1,-1,1,1,1,1,-1,1,-1,-1,1,-1,-1,-1,-1,-1,1,1,-1,1,0.025,-148.90481105474265,1
452,1,1,1,1,1,1,-1,1,-1,-1,-1,1,1,-1,-1,1,-1,1,-1,1,-1,-1,1,1,1,-1,-1,-1,-1,-1,-1,1,1,1,1,-1,-1,1,-1,-1,0.0,-144.15599489000866,1
453,-1,1,1,-1,-1,1,-1,1,-1,1,1,1,1,-1,-1,1,1,-1,1,1,1,-1,-1,-1,-1,-1,-1,-1,-1,1,1,1,1,-1,-1,1,1,1,1,-1,0.0,-144.06953429020706,1
454,1,-1,1,-1,-1,1,1,1,1,-1,1,1,-1,1,1,1,-1,1,-1,1,-1,-1,1,1,1,1,-1,-1,-1,-1,-1,1,-1,1,-1,-1,1,1,-1,-1,0.0,-143.9291693114746,1
455,1,1,1,-1,-1,1,1,1,1,-1,1,1,-1,1,1,1,1,1,-1,1,-1,-1,1,1,1,1,1,-1,-1,-1,-1,1,-1,1,1,-1,1,1,-1,-1,0.0,-143.89315783609248,1
456,-1,1,1,1,1,1,-1,1,-1,-1,-1,1,1,-1,-1,1,-1,-1,-1,-1,1,-1,-1,-1,1,-1,1,-1,1,1,-1,1,1,1,1,1,-1,1,1,-1,0.0,-143.8906827154314,1
457,1,1,1,1,1,1,-1,1,-1,-1,-1,1,1,-1,-1,1,-1,1,-1,1,1,-1,1,1,1,-1,1,-1,1,-1,-1,1,1,1,1,1,-1,1,1,-1,0.0,-143.88587818830652,1
458,-1,1,-1,1,1,-1,-1,-1,-1,1,-1,-1,1,-1,1,-1,1,-1,1,-1,1,1,-1,-1,1,-1,-1,-1,1,1,1,-1,1,-1,1,1,-1,-1,1,-1,0.0,-143.58409686394933,1
459,1,1,1,1,-1,1,1,1,-1,-1,1,1,-1,1,1,1,-1,1,-1,1,-1,-1,1,1,1,-1,1,-1,-1,-1,-1,1,1,1,-1,-1,1,1,-1,-1,0.0,-143.45004112573395,1
460,1,-1,-1,-1,-1,-1,1,-1,1,-1,1,1,-1,1,-1,-1,-1,1,1,1,-1,-1,1,1,1,1,1,1,-1,-1,1,-1,-1,-1,-1,-1,1,1,-1,1,0.0,-143.4357030164856,1
461,-1,-1,-1,-1,1,-1,-1,-1,1,1,-1,-1,1,-1,1,-1,1,-1,1,-1,1,1,-1,-1,-1,-1,1,-1,1,1,1,-1,-1,-1,1,1,1,-1,1,1,0.0,-143.4330632184921,1
462,1,1,1,-1,-1,1,1,1,-1,-1,1,1,-1,1,1,1,-1,1,-1,1,-1,-1,1,1,1,-1,-1,-1,1,-1,-1,1,1,1,-1,-1,1,1,-1,-1,0.0,-143.41002440161344,1
463,1,1,1,1,-1,1,-1,1,-1,-1,1,1,1,-1,-1,1,-1,1,-1,1,1,-1,1,1,1,-1,-1,-1,-1,-1,-1,1,1,1,-1,-1,-1,1,1,-1,0.025,-149.44781166884835,1
464,1,1,1,1,-1,1,1,1,1,-1,1,1,-1,1,-1,1,-1,1,-1,1,-1,-1,1,1,1,1,1,1,-1,-1,-1,-1,1,1,1,-1,1,1,-1,-1,0.0,-143.27561469362843,1
465,1,1,1,1,1,1,-1,1,-1,-1,1,1,1,-1,-1,1,-1,1,-1,1,1,-1,1,1,1,-1,-1,-1,1,-1,-1,1,1,1,1,-1,-1,1,1,-1,0.0,-143.23710430912664,1
466,-1,1,1,1,1,-1,-1,-1,-1,1,-1,-1,1,-1,-1,1,-1,-1,1,-1,1,1,-1,-1,-1,-1,1,-1,1,1,-1,-1,-1,-1,1,1,-1,-1,1,-1,0.0,-143.19549235286132,1
467,-1,-1,-1,-1,-1,-1,1,-1,1,1,-1,-1,-1,1,1,-1,1,-1,1,-1,-1,1,-1,-1,-1,1,1,1,-1,-1,1,-1,-1,-1,-1,-1,1,-1,-1,1,0.0,-143.06597733089023,1
468,1,1,1,1,1,-1,1,1,-1,-1,1,1,1,-1,-1,1,-1,1,-1,1,1,-1,1,1,1,-1,1,-1,1,-1,-1,1,1,1,1,-1,-1,1,1,-1,0.0,-143.0522621635432,1
469,-1,1,1,-1,-1,1,1,1,-1,-1,1,1,-1,1,1,1,1,-1,-1,1,-1,-1,-1,1,1,1,1,-1,1,-1,-1,1,1,1,-1,-1,1,1,1,-1,0.0,-142.98205863470446,1
470,-1,1,-1,1,1,-1,-1,-1,-1,1,-1,-1,1,-1,1,1,1,-1,1,-1,1,1,-1,-1,-1,-1,-1,-1,1,1,1,-1,1,-1,1,1,-1,-1,1,-1,0.0,-142.93837936676766,1
471,-1,-1,-1,1,1,-1,-1,-1,1,1,-1,-1,1,-1,-1,-1,1,-1,1,-1,1,1,-1,-1,-1,-1,1,-1,-1,1,1,-1,1,-1,1,1,-1,-1,1,1,0.0,-142.88591483224207,1
472,1,1,1,1,1,1,1,1,-1,-1,1,1,-1,1,-1,1,-1,1,-1,1,-1,-1,1,1,1,1,-1,1,-1,-1,-1,1,1,1,-1,-1,1,1,-1,-1,0.025,-147.51839481383286,1
473,-1,-1,-1,1,1,-1,-1,-1,-1,1,-1,-1,1,-1,1,-1,1,-1,1,-1,1,1,-1,-1,-1,-1,1,-1,1,1,-1,-1,1,-1,1,1,-1,-1,1,1,0.0,-142.81735822491677,1
474,1,1,-1,-1,-1,-1,-1,1,-1,1,1,1,1,-1,-1,1,-1,-1,1,1,1,-1,-1,-1,-1,-1,-1,-1,-1,1,1,1,1,-1,-1,1,1,1,1,-1,0.0,-142.75467107951607,1
475,-1,-1,-1,1,1,-1,-1,-1,1,1,-1,-1,1,1,-1,-1,-1,1,1,-1,1,-1,1,-1,-1,-1,1,1,-1,1,-1,-1,-1,-1,1,-1,-1,-1,1,1,0.0,-142.73562169033175,1
476,1,1,1,1,1,1,1,1,-1,-1,1,1,1,-1,-1,1,-1,1,-1,1,1,-1,1,1,1,-1,-1,-1,-1,-1,-1,1,1,1,1,-1,-1,1,1,-1,0.0,-142.62358260828293,1
477,-1,-1,-1,1,1,-1,1,-1,1,1,-1,-1,1,1,-1,-1,1,1,1,1,-1,-1,1,-1,-1,-1,1,1,-1,-1,1,-1,-1,-1,1,-1,-1,-1,-1,1,0.0,-142.61932041118354,1
478,-1,-1,-1,-1,-1,-1,-1,-1,1,1,-1,-1,1,-1,1,-1,1,-1,1,-1,1,1,-1,-1,-1,-1,1,1,-1,1,1,-1,-1,-1,-1,1,1,-1,1,1,0.0,-142.61692961355524,1
479,1,1,-1,-1,-1,1,1,1,-1,-1,1,1,-1,1,-1,1,1,-1,-1,1,-1,-1,-1,1,1,1,-1,-1,-1,-1,1,1,1,1,-1,-1,1,1,-1,-1,0.0,-142.57303004098293,1
480,1,-1,1,-1,-1,1,1,1,-1,-1,1,1,-1,1,-1,-1,1,1,-1,1,-1,-1,1,1,-1,1,-1,1,-1,-1,1,1,-1,-1,-1,-1,1,1,-1,-1,0.025,-145.831606151438,1
481,1,-1,-1,-1,-1,1,1,1,1,-1,1,1,-1,1,-1,-1,-1,1,1,1,-1,-1,1,1,-1,1,-1,1,-1,-1,-1,-1,-1,-1,-1,-1,1,1,-1,1,0.025,-148.52291916173112,1
482,-1,-1,-1,1,-1,-1,1,-1,1,1,-1,-1,1,1,-1,-1,-1,1,1,1,-1,-1,1,-1,-1,-1,1,1,-1,1,1,-1,-1,-1,1,-1,1,-1,-1,1,0.0,-142.46678829972294,1
483,1,-1,1,-1,-1,1,1,1,1,-1,1,1,-1,1,1,-1,-1,1,-1,1,-1,-1,1,1,1,1,1,-1,1,-1,-1,1,-1,1,-1,-1,1,1,-1,1,0.0,-142.431179273087,1
484,1,1,1,1,-1,1,-1,1,-1,-1,1,1,-1,-1,-1,1,-1,1,-1,1,1,-1,1,1,1,-1,-1,-1,-1,-1,-1,1,-1,-1,-1,-1,1,1,-1,-1,0.0,-142.26325465388817,1
485,1,1,1,-1,-1,1,1,1,1,-1,1,1,-1,1,-1,1,-1,1,-1,1,-1,-1,1,1,1,1,-1,1,-1,-1,-1,1,-1,1,-1,-1,1,1,-1,-1,0.05,-157.3155267572717,1
486,1,-1,1,-1,-1,1,-1,1,1,-1,1,1,-1,1,-1,-1,-1,1,-1,1,-1,-1,1,1,-1,1,-1,1,-1,-1,-1,1,-1,-1,-1,-1,1,1,-1,1,0.0,-142.0557398119984,1
487,-1,-1,-1,-1,1,-1,1,-1,1,1,-1,-1,1,-1,1,-1,-1,1,1,-1,1,1,-1,-1,-1,-1,1,-1,1,1,1,-1,-1,1,1,1,-1,-1,1,1,0.05,-143.54406035972625,1
488,1,1,1,1,-1,1,1,1,-1,-1,1,1,-1,1,-1,-1,1,1,-1,1,-1,-1,1,1,1,1,-1,1,-1,-1,-1,-1,-1,-1,-1,-1,1,1,-1,-1,0.0,-141.9709906174111,1
489,1,1,1,1,-1,1,1,1,-1,-1,1,1,-1,-1,-1,1,-1,1,-1,1,-1,-1,1,1,1,-1,-1,-1,-1,-1,-1,1,1,1,1,-1,1,1,-1,-1,0.0,-141.94551162717775,1
490,1,-1,-1,-1,-1,-1,1,-1,1,1,1,-1,-1,1,-1,-1,1,1,1,1,-1,-1,1,-1,-1,1,1,1,-1,-1,1,-1,-1,-1,-1,-1,1,-1,-1,1,0.0,-141.75616385648763,1
491,-1,1,-1,1,1,-1,-1,-1,1,1,-1,-1,1,-1,-1,1,-1,1,1,-1,1,1,1,-1,-1,-1,1,1,-1,1,-1,-1,-1,-1,1,1,-1,-1,1,-1,0.0,-141.7345077429848,1
492,-1,1,1,1,1,1,-1,1,-1,-1,-1,-1,1,-1,1,1,-1,1,-1,-1,-1,-1,-1,1,1,-1,1,-1,1,-1,-1,1,1,1,1,1,-1,1,1,-1,0.0,-141.6782778946122,1
493,-1,1,-1,1,1,-1,-1,-1,-1,1,-1,-1,1,-1,-1,-1,1,-1,1,-1,1,1,-1,-1,-1,-1,1,-1,-1,1,1,-1,1,-1,1,1,-1,-1,1,-1,0.0,-141.59513643006304,1
494,1,1,1,1,1,1,-1,1,-1,-1,-1,1,-1,-1,-1,1,-1,1,-1,1,-1,-1,1,1,1,-1,-1,-1,-1,-1,-1,1,1,1,-1,-1,-1,1,-1,-1,0.0,-141.48113852521698,1
495,1,1,1,1,-1,1,1,1,-1,-1,1,1,-1,1,1,-1,-1,1,-1,1,-1,-1,1,1,1,1,-1,-1,-1,-1,-1,1,-1,1,-1,-1,1,1,-1,-1,0.0,-141.338642519072,1
496,1,1,1,1,1,1,1,1,-1,-1,1,1,1,-1,-1,1,-1,1,-1,1,1,-1,1,1,1,-1,-1,-1,1,-1,-1,1,1,1,1,-1,-1,1,1,-1,0.0,-141.31323324090081,1
497,-1,1,-1,1,1,-1,-1,-1,1,1,-1,-1,1,-1,1,1,1,-1,1,-1,1,1,-1,-1,-1,-1,1,-1,1,1,-1,-1,1,-1,1,1,-1,-1,1,1,0.0,-140.82087289074195,1
498,1,-1,-1,-1,-1,-1,-1,1,1,-1,1,1,-1,1,-1,-1,-1,1,1,1,1,-1,1,1,1,1,1,1,-1,-1,1,-1,-1,-1,-1,-1,1,1,-1,1,0.0,-140.78808150705535,1
499,-1,1,1,-1,1,1,-1,1,-1,1,1,1,-1,-1,1,1,1,-1,-1,-1,1,1,-1,1,1,1,-1,-1,1,1,-1,1,1,1,-1,1,-1,1,1,-1,0.0,-140.74805196684486,1
500,-1,-1,-1,1,1,-1,-1,-1,-1,1,-1,-1,1,-1,-1,-1,-1,-1,1,-1,1,1,1,-1,-1,-1,1,-1,1,1,1,-1,1,-1,1,1,-1,-1,1,-1,0.0,-140.7253238978274,1
501,1,1,1,1,1,1,-1,1,-1,-1,1,1,-1,-1,-1,1,-1,1,-1,-1,1,-1,1,1,1,-1,1,-1,1,1,-1,1,1,1,1,1,-1,1,1,-1,0.0,-140.67225409564426,1
502,-1,-1,1,-1,1,-1,1,-1,1,1,-1,-1,1,-1,1,-1,-1,1,1,-1,-1,1,-1,-1,-1,-1,1,-1,1,1,-1,-1,-1,-1,1,1,-1,-1,1,1,0.0,-140.6548087550114,1
503,-1,-1,-1,-1,1,-1,1,-1,1,1,-1,-1,1,1,-1,-1,-1,1,1,1,1,-1,1,-1,-1,-1,1,1,-1,1,1,-1,-1,-1,1,-1,-1,-1,1,1,0.0,-140.58781463046415,1
504,-1,1,1,1,1,1,-1,1,-1,-1,-1,1,1,-1,-1,1,-1,1,-1,1,-1,-1,-1,-1,1,-1,1,-1,1,-1,-1,1,1,1,1,-1,-1,-1,1,-1,0.0,-140.57127389026772,1
505,-1,1,1,1,1,1,-1,1,-1,-1,1,1,1,-1,-1,1,1,-1,-1,-1,1,-1,-1,-1,1,-1,1,-1,1,1,-1,1,1,1,1,1,-1,-1,1,-1,0.0,-140.53501513301575,1
506,-1,-1,-1,-1,1,-1,1,-1,1,1,-1,-1,1,-1,1,-1,1,-1,1,-1,-1,1,-1,-1,-1,-1,1,-1,1,1,1,1,1,1,1,1,-1,-1,1,1,0.0,-140.48885219657856,1
507,-1,-1,-1,1,1,-1,-1,-1,1,1,-1,-1,1,-1,-1,1,1,-1,1,-1,1,1,-1,-1,-1,-1,1,-1,1,1,1,-1,1,-1,1,1,-1,-1,1,1,0.0,-140.47220504602237,1
508,1,-1,1,-1,-1,1,1,1,-1,-1,1,1,-1,1,1,-1,1,1,-1,1,-1,-1,1,1,1,1,-1,-1,1,-1,1,1,1,1,-1,-1,1,1,-1,1,0.0,-140.35433493817808,1
509,-1,1,1,1,1,1,-1,1,-1,-1,1,1,1,-1,-1,1,-1,1,-1,1,1,-1,1,1,1,-1,-1,-1,1,1,-1,1,1,-1,1,-1,-1,1,1,-1,0.0,-140.2174430994904,1
510,1,1,1,-1,-1,1,1,1,1,-1,1,1,-1,1,1,1,-1,1,-1,1,-1,-1,1,1,1,-1,1,-1,1,-1,-1,1,-1,1,-1,-1,1,1,-1,-1,0.0,-140.17597454461753,1
511,-1,1,-1,1,1,-1,-1,-1,-1,1,-1,-1,1,-1,1,1,-1,-1,1,-1,1,1,-1,-1,-1,-1,1,-1,1,1,-1,-1,1,-1,1,1,-1,-1,1,-1,0.025,-155.008914933158,1
512,1,1,1,-1,-1,1,1,1,-1,-1,1,1,-1,1,-1,1,-1,1,-1,1,-1,-1,1,1,1,1,-1,1,-1,-1,1,1,-1,1,-1,-1,1,1,-1,-1,0.025,-144.11918424831254,1
513,1,1,1,1,1,1,1,1,-1,-1,1,1,1,-1,-1,1,-1,1,-1,1,1,-1,1,1,1,-1,-1,-1,-1,-1,-1,1,1,-1,1,-1,-1,1,1,-1,0.0,-139.8239232591175,1
514,-1,1,-1,1,1,-1,-1,-1,1,1,-1,-1,1,-1,-1,1,1,-1,1,-1,1,1,-1,-1,-1,1,1,1,-1,1,1,-1,-1,-1,1,1,-1,-1,1,1,0.0,-139.63834359334436,1
515,1,-1,1,-1,-1,1,1,1,1,-1,1,1,-1,1,-1,-1,-1,1,-1,1,-1,-1,1,1,1,1,-1,1,-1,-1,1,1,-1,-1,-1,-1,1,1,-1,-1,0.0,-139.55066389346769,1
516,1,1,1,1,-1,1,1,1,1,-1,1,1,-1,1,-1,-1,1,1,-1,1,-1,-1,1,1,1,1,1,1,-1,-1,-1,1,-1,-1,1,-1,1,1,-1,-1,0.025,-157.022288709295,1
517,1,1,1,-1,-1,1,1,1,-1,-1,1,1,-1,1,-1,1,-1,1,-1,1,-1,-1,1,1,1,1,-1,-1,-1,-1,-1,1,-1,1,-1,-1,1,1,-1,-1,0.025,-152.66459572028913,1
518,-1,-1,-1,1,1,-1,-1,-1,1,1,-1,-1,1,-1,-1,-1,-1,1,1,1,1,1,1,-1,-1,-1,1,1,-1,1,1,-1,-1,-1,1,-1,-1,-1,1,1,0.0,-138.93689215414523,1
519,-1,-1,-1,-1,1,-1,-1,-1,1,1,-1,-1,1,-1,-1,-1,1,-1,1,-1,1,1,-1,-1,-1,-1,1,1,1,1,1,-1,-1,-1,1,1,-1,-1,1,1,0.025,-155.5732782296719,1
520,1,1,-1,1,1,1,1,1,1,-1,1,1,-1,1,-1,1,-1,1,-1,1,-1,-1,1,1,1,1,-1,1,-1,-1,-1,-1,1,1,-1,-1,1,1,-1,-1,0.0,-138.50534738045334,1
521,-1,-1,-1,1,1,-1,-1,-1,-1,1,-1,-1,1,-1,1,-1,-1,-1,1,-1,1,1,-1,-1,-1,-1,-1,-1,1,1,1,-1,1,-1,1,1,-1,-1,1,1,0.025,-153.7962742695978,1
522,-1,1,-1,1,1,-1,-1,-1,1,1,-1,-1,1,-1,-1,1,-1,-1,1,-1,1,1,-1,-1,-1,-1,1,-1,-1,1,1,-1,1,-1,1,1,-1,-1,1,-1,0.0,-138.28391922395966,1
523,1,1,1,1,1,1,1,1,-1,-1,-1,1,1,-1,-1,1,-1,1,-1,1,-1,-1,1,1,1,-1,-1,-1,-1,-1,-1,1,1,1,1,-1,-1,1,1,-1,0.025,-140.37198310215715,1
524,1,1,1,-1,-1,1,1,1,-1,-1,1,1,-1,-1,1,1,-1,1,-1,-1,-1,-1,-1,1,1,-1,1,-1,1,-1,-1,1,1,1,-1,1,1,1,1,-1,0.0,-137.68187889889137,1
525,1,-1,1,-1,-1,1,1,1,-1,-1,1,1,-1,1,1,-1,-1,1,-1,1,-1,-1,1,1,1,1,-1,-1,1,-1,1,1,-1,1,-1,-1,1,1,-1,-1,0.0,-137.53580572484472,1
526,1,-1,1,-1,-1,1,1,1,-1,-1,-1,1,-1,-1,1,-1,-1,1,-1,1,-1,-1,1,1,1,-1,-1,-1,1,-1,-1,1,1,1,-1,-1,1,1,-1,-1,0.0,-137.42704385812172,1
527,1,1,1,-1,-1,1,1,1,-1,-1,1,1,-1,1,1,1,-1,1,-1,1,-1,-1,1,1,1,1,-1,-1,-1,-1,-1,1,-1,1,-1,-1,1,1,-1,-1,0.025,-150.9084463709721,1
528,1,1,1,1,-1,1,-1,1,-1,-1,1,1,-1,1,-1,1,-1,1,-1,1,-1,-1,1,1,1,1,-1,1,-1,-1,-1,1,-1,-1,-1,-1,1,1,-1,-1,0.025,-155.3755361990736,1
529,1,1,-1,-1,-1,1,1,1,1,-1,1,1,-1,1,1,1,-1,1,-1,1,-1,-1,1,1,1,1,-1,1,1,-1,-1,1,1,1,-1,-1,1,1,-1,1,0.0,-137.24651208271715,1
530,1,1,1,-1,-1,1,1,1,-1,-1,1,1,-1,1,1,-1,1,1,-1,1,-1,-1,-1,1,1,1,-1,-1,-1,-1,-1,1,-1,1,-1,-1,1,1,-1,-1,0.0,-136.34674553697104,1
531,-1,-1,-1,-1,-1,-1,1,-1,-1,1,-1,-1,1,-1,1,-1,1,-1,1,-1,1,1,-1,-1,-1,-1,-1,-1,1,1,1,-1,-1,-1,-1,1,1,-1,1,1,0.025,-141.95372539747999,1
532,1,1,1,1,1,1,1,1,-1,-1,1,1,-1,1,-1,1,-1,1,-1,1,-1,-1,1,1,1,1,-1,1,-1,-1,-1,1,-1,-1,1,-1,1,1,-1,-1,0.025,-140.0618004006446,1
533,-1,-1,-1,-1,-1,-1,-1,-1,1,1,-1,-1,1,-1,-1,-1,1,1,1,1,1,1,1,-1,-1,-1,1,1,-1,-1,1,-1,-1,-1,1,1,1,-1,1,1,0.0,-136.1297888322489,1
534,1,1,1,-1,-1,1,1,1,-1,-1,1,1,-1,1,-1,1,-1,1,-1,1,1,-1,1,1,1,-1,-1,-1,-1,-1,-1,1,1,1,-1,-1,1,1,1,-1,0.0,-135.89667582060451,1
535,1,1,-1,1,-1,1,1,1,-1,-1,1,1,-1,-1,1,1,1,-1,-1,-1,1,-1,-1,1,1,-1,1,-1,1,-1,-1,1,1,1,1,1,-1,1,1,-1,0.0,-135.12360009076113,1
536,1,1,-1,-1,-1,1,1,1,1,-1,1,1,-1,1,1,1,-1,1,-1,1,-1,-1,1,1,1,1,1,-1,1,-1,-1,1,1,1,-1,-1,1,1,-1,-1,0.0,-135.02308699786468,1
537,1,1,1,1,-1,1,1,1,-1,-1,1,1,-1,1,-1,1,-1,1,-1,1,-1,-1,1,1,1,-1,-1,1,-1,-1,-1,1,-1,1,-1,-1,1,1,-1,-1,0.025,-148.01758797461125,1
538,1,1,1,1,-1,1,1,1,-1,-1,-1,1,-1,1,1,1,-1,1,-1,1,-1,-1,1,1,1,1,-1,-1,1,-1,-1,1,-1,1,-1,-1,1,1,-1,-1,0.0,-134.40967991110912,1
539,-1,1,-1,1,1,-1,-1,-1,1,1,-1,-1,1,1,-1,1,-1,-1,1,1,1,-1,1,-1,1,-1,1,1,-1,1,1,-1,1,-1,1,-1,1,-1,1,1,0.0,-133.53071969976716,1
540,1,1,1,1,1,1,-1,1,-1,-1,1,1,-1,-1,-1,1,-1,-1,-1,1,-1,-1,1,1,1,1,-1,-1,1,1,-1,1,1,1,1,-1,-1,1,-1,-1,0.0,-133.0172341023061,1
541,1,1,1,1,1,1,-1,1,-1,-1,1,1,1,-1,-1,1,-1,1,1,1,1,-1,1,1,1,-1,-1,-1,-1,1,-1,1,1,-1,1,1,-1,1,1,-1,0.0,-132.47810638836017,1
542,1,-1,1,-1,-1,1,1,1,1,-1,1,1,-1,1,1,-1,-1,1,-1,1,-1,-1,-1,1,-1,1,1,-1,1,-1,-1,1,-1,1,-1,-1,1,1,-1,-1,0.0,-132.12312483003612,1
543,-1,-1,-1,-1,1,-1,1,-1,1,1,1,-1,1,-1,1,-1,1,-1,1,-1,1,1,-1,-1,-1,1,1,-1,1,1,1,-1,1,-1,1,1,-1,-1,1,1,0.025,-147.1653896157558,1
544,1,1,1,1,1,1,-1,1,-1,-1,1,1,1,-1,-1,1,-1,1,-1,1,1,-1,1,1,1,-1,-1,-1,-1,-1,-1,1,1,-1,-1,1,-1,1,1,-1,0.025,-145.95207275332888,1
545,1,1,1,1,-1,1,-1,1,-1,-1,1,1,-1,-1,-1,1,-1,1,-1,1,1,-1,1,1,1,1,-1,-1,1,1,-1,1,1,1,-1,1,-1,1,1,-1,0.0,-130.1004035253021,1
546,1,1,1,1,1,1,-1,1,-1,-1,1,1,-1,-1,-1,1,-1,1,-1,1,1,-1,1,1,1,-1,1,-1,1,-1,-1,1,1,1,-1,1,-1,1,1,-1,0.0,-129.12926595255877,1
547,1,-1,-1,-1,-1,-1,1,1,1,-1,1,1,-1,1,1,-1,-1,1,-1,1,-1,-1,1,1,1,-1,1,-1,1,-1,1,1,1,1,-1,-1,1,-1,-1,1,0.0,-129.0728168343583,1
548,1,1,1,1,1,1,1,1,-1,-1,1,1,1,1,-1,1,-1,1,-1,1,1,-1,1,1,1,-1,1,-1,1,-1,-1,1,1,1,1,-1,-1,1,-1,-1,0.0,-128.80119197932672,1
549,-1,-1,-1,1,1,-1,-1,-1,1,1,-1,-1,1,-1,-1,1,-1,1,1,-1,1,1,1,-1,-1,-1,1,-1,-1,-1,1,-1,-1,-1,1,1,-1,-1,-1,1,0.0,-127.4455571543522,1
550,1,1,-1,1,1,1,1,1,-1,-1,1,1,-1,1,-1,1,-1,1,-1,1,-1,-1,1,1,-1,1,-1,1,-1,-1,-1,1,-1,-1,-1,-1,1,1,-1,-1,0.025,-121.49455016995226,1
551,1,-1,1,-1,-1,1,1,1,1,-1,-1,1,-1,1,1,-1,-1,1,-1,1,-1,-1,1,1,1,1,-1,-1,1,-1,-1,1,1,1,-1,-1,1,1,-1,-1,0.025,-129.29944623010283,1
552,-1,1,-1,-1,1,-1,-1,-1,-1,1,1,-1,1,-1,1,1,1,-1,1,-1,1,1,-1,-1,-1,1,1,-1,1,1,1,1,1,-1,1,1,-1,-1,1,1,0.025,-138.24094665149474,1
