,2,3,4,5,6,7,8,9,10,11,12,13,14,15,16,17,18,19,20,21,26,27,28,29,30,31,32,33,34,35,36,37,38,39,40,41,42,43,44,45
0,0.0,-0.6219816601574482,0.0,0.0,0.0,0.0,0.0,0.0,0.0,0.0,0.0,0.0,0.0,0.0,0.0,0.0,0.0,0.0,0.0,0.0,0.0,0.0,-0.7378876249271017,-0.8272156740269386,1.4600820514521313,-1.7367021740691135,0.0,0.0,0.0,0.0,0.0,0.0,0.0,0.0,0.0,0.0,0.0,0.0,0.0,0.0
1,-0.6219816601574482,0.0,0.0,0.0,0.0,0.0,0.0,0.0,0.0,0.0,0.0,0.0,0.0,0.0,0.0,0.0,0.0,0.0,0.0,0.0,0.0,0.0,-1.0858754401947155,2.6352936910362414,-0.1506080612975429,1.02968586727821,0.0,0.0,0.0,0.0,0.0,0.0,0.0,0.0,0.0,0.0,0.0,0.0,0.0,0.0
2,0.0,0.0,0.0,1.5065916094373348,0.0,0.0,0.0,0.0,0.0,0.0,0.0,0.0,0.0,0.0,0.0,0.0,0.0,0.0,0.0,0.0,0.0,0.0,0.0,0.0,0.0,0.0,0.0,0.0,0.0,0.0,0.0,0.0,0.0,0.0,-3.099966980746129,-0.7644098594930729,-2.5933634726570385,-0.244887497357028,0.0,0.0
3,0.0,0.0,1.5065916094373348,0.0,0.0,0.0,0.0,0.0,0.0,0.0,0.0,0.0,0.0,0.0,0.0,0.0,0.0,0.0,0.0,0.0,0.0,0.0,0.0,0.0,0.0,0.0,0.0,0.0,0.0,0.0,0.0,0.0,0.0,0.0,-1.2948875958996697,0.5040452727708999,-0.5426619857232748,-1.873860690298122,0.0,0.0
4,0.0,0.0,0.0,0.0,0.0,0.6065788661715842,0.0,0.0,0.0,0.0,0.0,0.0,0.0,0.0,0.0,0.0,0.0,0.0,0.0,0.0,0.0,0.0,0.0,0.0,0.0,0.0,0.0,0.0,0.0,0.0,-0.042373336744154305,-0.9101817169647933,0.9771228134284657,-0.24107399881219135,0.19980001294070476,-1.4986244471535624,1.2891368836178037,-0.33375280017771763,0.0,0.0
5,0.0,0.0,0.0,0.0,0.6065788661715842,0.0,0.0,0.0,0.0,0.0,0.0,0.0,0.0,0.0,0.0,0.0,0.0,0.0,0.0,0.0,0.0,0.0,0.0,0.0,0.0,0.0,0.0,0.0,0.0,0.0,0.5948516252778194,0.5003024123447812,0.25014675449981894,0.4892219755403004,-0.1346020303492259,0.7299239866735945,-0.3888920203761547,-0.015350040651352329,0.0,0.0
6,0.0,0.0,0.0,0.0,0.0,0.0,0.0,-1.5194309802422672,0.0,0.0,0.0,0.0,0.0,0.0,0.0,0.0,0.0,0.0,0.0,0.0,0.0,0.0,0.0,0.0,1.6219659291228155,0.8881970867429774,0.0,0.0,0.0,0.0,-0.7229041390951838,-0.3265981088245768,-0.5357865057858558,0.3595403444902528,1.147190613357654,0.07845289383630163,0.0,0.0,0.0,0.0
7,0.0,0.0,0.0,0.0,0.0,0.0,-1.5194309802422672,0.0,0.0,0.0,0.0,0.0,0.0,0.0,0.0,0.0,0.0,0.0,0.0,0.0,0.0,0.0,0.0,0.0,0.8990288542339862,-0.8395773367166091,0.0,0.0,0.0,0.0,0.6225240687926863,1.0122815781050007,0.3437397966050934,-0.8834906170627957,1.3379525588412216,0.7331400438491351,0.0,0.0,0.0,0.0
8,0.0,0.0,0.0,0.0,0.0,0.0,0.0,0.0,0.0,0.7490162217658298,0.0,0.0,0.0,0.0,0.0,0.0,0.0,0.0,0.0,0.0,0.0,0.0,0.0,0.0,1.72587829380307,-0.3212681797191187,0.3057483402369476,0.5982022087808297,0.233461381145865,0.1733229801170055,-0.170343580566548,-0.10202192396966016,-0.25674732189234534,0.8505241952770126,0.2574369958669408,0.5484233553881327,0.0,0.0,0.0,0.0
9,0.0,0.0,0.0,0.0,0.0,0.0,0.0,0.0,0.7490162217658298,0.0,0.0,0.0,0.0,0.0,0.0,0.0,0.0,0.0,0.0,0.0,0.0,0.0,0.0,0.0,0.018163079261180385,0.1594770158708022,0.6013013328638093,-0.3374626864875402,0.8891335833053234,0.38121620801032385,-0.4233423516833252,-0.24100878349545768,0.9573475625301753,1.290826130769801,0.9823059871288686,-1.420951183215794,0.0,0.0,0.0,0.0
10,0.0,0.0,0.0,0.0,0.0,0.0,0.0,0.0,0.0,0.0,0.0,1.480890655647476,0.0,0.0,0.0,0.0,0.0,0.0,0.0,0.0,-0.9727623581966639,-0.7419809283793605,0.5452392222310214,-0.9789326465639903,-1.0328707549676575,0.7076889807704957,0.13559689897322805,-1.0400547550522241,1.0134798511158294,-0.12610206953105058,-0.7602796074044806,0.939615595827855,0.0,0.0,0.0,0.0,0.0,0.0,0.0,0.0
11,0.0,0.0,0.0,0.0,0.0,0.0,0.0,0.0,0.0,0.0,1.480890655647476,0.0,0.0,0.0,0.0,0.0,0.0,0.0,0.0,0.0,1.3288992363147871,-0.07817918429246733,0.638706724453767,-0.3387385717794177,0.6270223695680586,-0.6757066849336396,-0.21525038419476802,-0.19761195880485258,-1.3891838577576792,0.8912718616546716,0.07110588185701149,0.1876074832255884,0.0,0.0,0.0,0.0,0.0,0.0,0.0,0.0
12,0.0,0.0,0.0,0.0,0.0,0.0,0.0,0.0,0.0,0.0,0.0,0.0,0.0,-0.3862216883030927,0.0,0.0,0.0,0.0,0.0,0.0,-0.6522888120994237,0.778858246069187,0.0,0.0,0.0,0.0,0.8393950635042703,0.16422197172351022,-1.4263520829452485,0.34419552766710715,0.03540560582286998,-0.21771353254778575,0.0,0.0,0.0,0.0,0.0,0.0,0.0,0.0
13,0.0,0.0,0.0,0.0,0.0,0.0,0.0,0.0,0.0,0.0,0.0,0.0,-0.3862216883030927,0.0,0.0,0.0,0.0,0.0,0.0,0.0,0.3948310570318379,-2.371782684276162,0.0,0.0,0.0,0.0,1.2620529006147274,1.3061400610936933,-1.4355931852307553,-0.5878481255543827,0.29939365097449894,-0.3988309067165972,0.0,0.0,0.0,0.0,0.0,0.0,0.0,0.0
14,0.0,0.0,0.0,0.0,0.0,0.0,0.0,0.0,0.0,0.0,0.0,0.0,0.0,0.0,0.0,-0.24413344736506437,0.0,0.0,0.0,0.0,0.0,0.0,0.0,0.0,0.0,0.0,0.0,0.0,0.680703020989448,0.08729449751497893,-0.4928587627486066,0.38173095609426383,-0.6452105272990974,0.8452251702604462,0.0,0.0,0.0,0.0,-1.2583144667977897,0.23426425332671116
15,0.0,0.0,0.0,0.0,0.0,0.0,0.0,0.0,0.0,0.0,0.0,0.0,0.0,0.0,-0.24413344736506437,0.0,0.0,0.0,0.0,0.0,0.0,0.0,0.0,0.0,0.0,0.0,0.0,0.0,-0.72951686797618,1.2037214454105893,-1.760618805833129,-0.6534227030862595,-1.5856119748496762,0.7976903112994663,0.0,0.0,0.0,0.0,-1.994911935405462,0.4663183821727877
16,0.0,0.0,0.0,0.0,0.0,0.0,0.0,0.0,0.0,0.0,0.0,0.0,0.0,0.0,0.0,0.0,0.0,0.6361556008854097,0.0,0.0,0.0,0.0,0.0,0.0,0.0,0.0,0.0,0.0,0.22858974362474524,0.17015445325817233,0.0,0.0,0.0,0.0,0.0,0.0,0.0,0.0,-0.6497706178597481,-2.6303684561729854
17,0.0,0.0,0.0,0.0,0.0,0.0,0.0,0.0,0.0,0.0,0.0,0.0,0.0,0.0,0.0,0.0,0.6361556008854097,0.0,0.0,0.0,0.0,0.0,0.0,0.0,0.0,0.0,0.0,0.0,-0.5704422506944764,-0.9627100785955649,0.0,0.0,0.0,0.0,0.0,0.0,0.0,0.0,-0.3498816399457145,0.8174467794876246
18,0.0,0.0,0.0,0.0,0.0,0.0,0.0,0.0,0.0,0.0,0.0,0.0,0.0,0.0,0.0,0.0,0.0,0.0,0.0,0.6367464632588665,0.0,0.0,0.0,0.0,0.0,0.0,0.9130174385323689,1.557972875032061,-1.4520245688699103,0.43423142910873386,0.0,0.0,0.0,0.0,0.0,0.0,0.0,0.0,0.0,0.0
19,0.0,0.0,0.0,0.0,0.0,0.0,0.0,0.0,0.0,0.0,0.0,0.0,0.0,0.0,0.0,0.0,0.0,0.0,0.6367464632588665,0.0,0.0,0.0,0.0,0.0,0.0,0.0,1.8281907646942788,0.6264710493112244,-0.10031852050697633,-0.28517504920704145,0.0,0.0,0.0,0.0,0.0,0.0,0.0,0.0,0.0,0.0
20,0.0,0.0,0.0,0.0,0.0,0.0,0.0,0.0,0.0,0.0,-0.9727623581966639,1.3288992363147871,-0.6522888120994237,0.3948310570318379,0.0,0.0,0.0,0.0,0.0,0.0,0.0,-1.3293504713456503,0.0,0.0,0.0,0.0,0.0,0.0,0.0,0.0,0.0,0.0,0.0,0.0,0.0,0.0,0.0,0.0,0.0,0.0
21,0.0,0.0,0.0,0.0,0.0,0.0,0.0,0.0,0.0,0.0,-0.7419809283793605,-0.07817918429246733,0.778858246069187,-2.371782684276162,0.0,0.0,0.0,0.0,0.0,0.0,-1.3293504713456503,0.0,0.0,0.0,0.0,0.0,0.0,0.0,0.0,0.0,0.0,0.0,0.0,0.0,0.0,0.0,0.0,0.0,0.0,0.0
22,-0.7378876249271017,-1.0858754401947155,0.0,0.0,0.0,0.0,0.0,0.0,0.0,0.0,0.5452392222310214,0.638706724453767,0.0,0.0,0.0,0.0,0.0,0.0,0.0,0.0,0.0,0.0,0.0,0.45391557528917903,0.0,0.0,0.0,0.0,0.0,0.0,0.0,0.0,0.0,0.0,0.0,0.0,0.0,0.0,0.0,0.0
23,-0.8272156740269386,2.6352936910362414,0.0,0.0,0.0,0.0,0.0,0.0,0.0,0.0,-0.9789326465639903,-0.3387385717794177,0.0,0.0,0.0,0.0,0.0,0.0,0.0,0.0,0.0,0.0,0.45391557528917903,0.0,0.0,0.0,0.0,0.0,0.0,0.0,0.0,0.0,0.0,0.0,0.0,0.0,0.0,0.0,0.0,0.0
24,1.4600820514521313,-0.1506080612975429,0.0,0.0,0.0,0.0,1.6219659291228155,0.8990288542339862,1.72587829380307,0.018163079261180385,-1.0328707549676575,0.6270223695680586,0.0,0.0,0.0,0.0,0.0,0.0,0.0,0.0,0.0,0.0,0.0,0.0,0.0,-0.5800684998285074,0.0,0.0,0.0,0.0,0.0,0.0,0.0,0.0,0.0,0.0,0.0,0.0,0.0,0.0
25,-1.7367021740691135,1.02968586727821,0.0,0.0,0.0,0.0,0.8881970867429774,-0.8395773367166091,-0.3212681797191187,0.1594770158708022,0.7076889807704957,-0.6757066849336396,0.0,0.0,0.0,0.0,0.0,0.0,0.0,0.0,0.0,0.0,0.0,0.0,-0.5800684998285074,0.0,0.0,0.0,0.0,0.0,0.0,0.0,0.0,0.0,0.0,0.0,0.0,0.0,0.0,0.0
26,0.0,0.0,0.0,0.0,0.0,0.0,0.0,0.0,0.3057483402369476,0.6013013328638093,0.13559689897322805,-0.21525038419476802,0.8393950635042703,1.2620529006147274,0.0,0.0,0.0,0.0,0.9130174385323689,1.8281907646942788,0.0,0.0,0.0,0.0,0.0,0.0,0.0,-0.23774972320772675,0.0,0.0,0.0,0.0,0.0,0.0,0.0,0.0,0.0,0.0,0.0,0.0
27,0.0,0.0,0.0,0.0,0.0,0.0,0.0,0.0,0.5982022087808297,-0.3374626864875402,-1.0400547550522241,-0.19761195880485258,0.16422197172351022,1.3061400610936933,0.0,0.0,0.0,0.0,1.557972875032061,0.6264710493112244,0.0,0.0,0.0,0.0,0.0,0.0,-0.23774972320772675,0.0,0.0,0.0,0.0,0.0,0.0,0.0,0.0,0.0,0.0,0.0,0.0,0.0
28,0.0,0.0,0.0,0.0,0.0,0.0,0.0,0.0,0.233461381145865,0.8891335833053234,1.0134798511158294,-1.3891838577576792,-1.4263520829452485,-1.4355931852307553,0.680703020989448,-0.72951686797618,0.22858974362474524,-0.5704422506944764,-1.4520245688699103,-0.10031852050697633,0.0,0.0,0.0,0.0,0.0,0.0,0.0,0.0,0.0,1.4162859734977369,0.0,0.0,0.0,0.0,0.0,0.0,0.0,0.0,0.0,0.0
29,0.0,0.0,0.0,0.0,0.0,0.0,0.0,0.0,0.1733229801170055,0.38121620801032385,-0.12610206953105058,0.8912718616546716,0.34419552766710715,-0.5878481255543827,0.08729449751497893,1.2037214454105893,0.17015445325817233,-0.9627100785955649,0.43423142910873386,-0.28517504920704145,0.0,0.0,0.0,0.0,0.0,0.0,0.0,0.0,1.4162859734977369,0.0,0.0,0.0,0.0,0.0,0.0,0.0,0.0,0.0,0.0,0.0
30,0.0,0.0,0.0,0.0,-0.042373336744154305,0.5948516252778194,-0.7229041390951838,0.6225240687926863,-0.170343580566548,-0.4233423516833252,-0.7602796074044806,0.07110588185701149,0.03540560582286998,0.29939365097449894,-0.4928587627486066,-1.760618805833129,0.0,0.0,0.0,0.0,0.0,0.0,0.0,0.0,0.0,0.0,0.0,0.0,0.0,0.0,0.0,-1.0317003955279271,0.0,0.0,0.0,0.0,0.0,0.0,0.0,0.0
31,0.0,0.0,0.0,0.0,-0.9101817169647933,0.5003024123447812,-0.3265981088245768,1.0122815781050007,-0.10202192396966016,-0.24100878349545768,0.939615595827855,0.1876074832255884,-0.21771353254778575,-0.3988309067165972,0.38173095609426383,-0.6534227030862595,0.0,0.0,0.0,0.0,0.0,0.0,0.0,0.0,0.0,0.0,0.0,0.0,0.0,0.0,-1.0317003955279271,0.0,0.0,0.0,0.0,0.0,0.0,0.0,0.0,0.0
32,0.0,0.0,0.0,0.0,0.9771228134284657,0.25014675449981894,-0.5357865057858558,0.3437397966050934,-0.25674732189234534,0.9573475625301753,0.0,0.0,0.0,0.0,-0.6452105272990974,-1.5856119748496762,0.0,0.0,0.0,0.0,0.0,0.0,0.0,0.0,0.0,0.0,0.0,0.0,0.0,0.0,0.0,0.0,0.0,0.882995189173221,0.0,0.0,0.0,0.0,0.0,0.0
33,0.0,0.0,0.0,0.0,-0.24107399881219135,0.4892219755403004,0.3595403444902528,-0.8834906170627957,0.8505241952770126,1.290826130769801,0.0,0.0,0.0,0.0,0.8452251702604462,0.7976903112994663,0.0,0.0,0.0,0.0,0.0,0.0,0.0,0.0,0.0,0.0,0.0,0.0,0.0,0.0,0.0,0.0,0.882995189173221,0.0,0.0,0.0,0.0,0.0,0.0,0.0
34,0.0,0.0,-3.099966980746129,-1.2948875958996697,0.19980001294070476,-0.1346020303492259,1.147190613357654,1.3379525588412216,0.2574369958669408,0.9823059871288686,0.0,0.0,0.0,0.0,0.0,0.0,0.0,0.0,0.0,0.0,0.0,0.0,0.0,0.0,0.0,0.0,0.0,0.0,0.0,0.0,0.0,0.0,0.0,0.0,0.0,-0.7574511501747428,0.0,0.0,0.0,0.0
35,0.0,0.0,-0.7644098594930729,0.5040452727708999,-1.4986244471535624,0.7299239866735945,0.07845289383630163,0.7331400438491351,0.5484233553881327,-1.420951183215794,0.0,0.0,0.0,0.0,0.0,0.0,0.0,0.0,0.0,0.0,0.0,0.0,0.0,0.0,0.0,0.0,0.0,0.0,0.0,0.0,0.0,0.0,0.0,0.0,-0.7574511501747428,0.0,0.0,0.0,0.0,0.0
36,0.0,0.0,-2.5933634726570385,-0.5426619857232748,1.2891368836178037,-0.3888920203761547,0.0,0.0,0.0,0.0,0.0,0.0,0.0,0.0,0.0,0.0,0.0,0.0,0.0,0.0,0.0,0.0,0.0,0.0,0.0,0.0,0.0,0.0,0.0,0.0,0.0,0.0,0.0,0.0,0.0,0.0,0.0,-0.3238337664771382,0.0,0.0
37,0.0,0.0,-0.244887497357028,-1.873860690298122,-0.33375280017771763,-0.015350040651352329,0.0,0.0,0.0,0.0,0.0,0.0,0.0,0.0,0.0,0.0,0.0,0.0,0.0,0.0,0.0,0.0,0.0,0.0,0.0,0.0,0.0,0.0,0.0,0.0,0.0,0.0,0.0,0.0,0.0,0.0,-0.3238337664771382,0.0,0.0,0.0
38,0.0,0.0,0.0,0.0,0.0,0.0,0.0,0.0,0.0,0.0,0.0,0.0,0.0,0.0,-1.2583144667977897,-1.994911935405462,-0.6497706178597481,-0.3498816399457145,0.0,0.0,0.0,0.0,0.0,0.0,0.0,0.0,0.0,0.0,0.0,0.0,0.0,0.0,0.0,0.0,0.0,0.0,0.0,0.0,0.0,1.7869861453784663
39,0.0,0.0,0.0,0.0,0.0,0.0,0.0,0.0,0.0,0.0,0.0,0.0,0.0,0.0,0.23426425332671116,0.4663183821727877,-2.6303684561729854,0.8174467794876246,0.0,0.0,0.0,0.0,0.0,0.0,0.0,0.0,0.0,0.0,0.0,0.0,0.0,0.0,0.0,0.0,0.0,0.0,0.0,0.0,1.7869861453784663,0.0
