,2,3,4,5,6,7,8,9,10,11,12,13,14,15,16,17,18,19,20,21,26,27,28,29,30,31,32,33,34,35,36,37,38,39,40,41,42,43,44,45
0,0.0,-0.553438217914574,0.0,0.0,0.0,0.0,0.0,0.0,0.0,0.0,0.0,0.0,0.0,0.0,0.0,0.0,0.0,0.0,0.0,0.0,0.0,0.0,-1.3560386723628208,-0.46195007667790955,0.43767601623977387,1.5023709218100902,0.0,0.0,0.0,0.0,0.0,0.0,0.0,0.0,0.0,0.0,0.0,0.0,0.0,0.0
1,-0.553438217914574,0.0,0.0,0.0,0.0,0.0,0.0,0.0,0.0,0.0,0.0,0.0,0.0,0.0,0.0,0.0,0.0,0.0,0.0,0.0,0.0,0.0,0.32348706866204546,1.7167810446388867,1.2716440452537157,-0.923571101701337,0.0,0.0,0.0,0.0,0.0,0.0,0.0,0.0,0.0,0.0,0.0,0.0,0.0,0.0
2,0.0,0.0,0.0,-0.7556553179694072,0.0,0.0,0.0,0.0,0.0,0.0,0.0,0.0,0.0,0.0,0.0,0.0,0.0,0.0,0.0,0.0,0.0,0.0,0.0,0.0,0.0,0.0,0.0,0.0,0.0,0.0,0.0,0.0,0.0,0.0,-1.4472546916928997,1.4204517899316367,-0.03034639985329383,1.2130237422843932,0.0,0.0
3,0.0,0.0,-0.7556553179694072,0.0,0.0,0.0,0.0,0.0,0.0,0.0,0.0,0.0,0.0,0.0,0.0,0.0,0.0,0.0,0.0,0.0,0.0,0.0,0.0,0.0,0.0,0.0,0.0,0.0,0.0,0.0,0.0,0.0,0.0,0.0,1.3369032649491341,-1.0710483218581401,-0.024745027825914114,-0.10738582543704259,0.0,0.0
4,0.0,0.0,0.0,0.0,0.0,0.030299117483436267,0.0,0.0,0.0,0.0,0.0,0.0,0.0,0.0,0.0,0.0,0.0,0.0,0.0,0.0,0.0,0.0,0.0,0.0,0.0,0.0,0.0,0.0,0.0,0.0,-1.3158602321505224,-0.40404058807825866,-1.1399420411187633,-1.0837919557151845,0.8893856317813783,1.1615606934639178,-0.6625831443908324,-0.5718193123822294,0.0,0.0
5,0.0,0.0,0.0,0.0,0.030299117483436267,0.0,0.0,0.0,0.0,0.0,0.0,0.0,0.0,0.0,0.0,0.0,0.0,0.0,0.0,0.0,0.0,0.0,0.0,0.0,0.0,0.0,0.0,0.0,0.0,0.0,-1.5182321711683682,-0.2869518993170545,-0.46664638955439325,0.34440665985526164,-0.3826122736565819,1.0011134713207417,-0.3550094762912042,0.23636725215663,0.0,0.0
6,0.0,0.0,0.0,0.0,0.0,0.0,0.0,1.1553384189699238,0.0,0.0,0.0,0.0,0.0,0.0,0.0,0.0,0.0,0.0,0.0,0.0,0.0,0.0,0.0,0.0,-1.1743242674736856,-0.36480778478702386,0.0,0.0,0.0,0.0,0.8985939982521676,0.19756047371163582,0.4537961093076963,-1.4909540375666828,0.46973895749998035,-0.022664176639634725,0.0,0.0,0.0,0.0
7,0.0,0.0,0.0,0.0,0.0,0.0,1.1553384189699238,0.0,0.0,0.0,0.0,0.0,0.0,0.0,0.0,0.0,0.0,0.0,0.0,0.0,0.0,0.0,0.0,0.0,-0.202029414790825,1.148112991749401,0.0,0.0,0.0,0.0,2.0681183512906305,-1.5806192275747584,-0.16192611267887133,-0.6198199080336975,-1.5047305198410283,0.38363591945457465,0.0,0.0,0.0,0.0
8,0.0,0.0,0.0,0.0,0.0,0.0,0.0,0.0,0.0,-0.17691382423394447,0.0,0.0,0.0,0.0,0.0,0.0,0.0,0.0,0.0,0.0,0.0,0.0,0.0,0.0,-1.4539954669744148,1.76539759581954,0.7873626670496692,-0.08892911592704016,-1.0225236450229482,-1.1973546312632433,-1.3635108156729034,2.0365322270222093,-0.41441220304680143,0.7230887789625462,-0.5616046040984335,-1.4766727947966036,0.0,0.0,0.0,0.0
9,0.0,0.0,0.0,0.0,0.0,0.0,0.0,0.0,-0.17691382423394447,0.0,0.0,0.0,0.0,0.0,0.0,0.0,0.0,0.0,0.0,0.0,0.0,0.0,0.0,0.0,0.8402941698498737,-0.12761367089168532,0.8258952316289402,-0.6805054918759429,0.5598305224502339,0.19120626232161064,1.0933763890831771,-0.10276537607048197,0.5394147378171128,-0.5952528373613214,1.0934446233934036,-0.6919703606123444,0.0,0.0,0.0,0.0
10,0.0,0.0,0.0,0.0,0.0,0.0,0.0,0.0,0.0,0.0,0.0,1.3836227839684903,0.0,0.0,0.0,0.0,0.0,0.0,0.0,0.0,-1.56133586582851,-0.30339652993197597,-1.5999605976078806,0.5255022965308976,0.24290628215948165,-0.5510547979543975,0.4526115259944295,-1.5962646305994275,0.49544920607927817,-1.0290712347854378,2.0999917775056005,-0.10143650618877716,0.0,0.0,0.0,0.0,0.0,0.0,0.0,0.0
11,0.0,0.0,0.0,0.0,0.0,0.0,0.0,0.0,0.0,0.0,1.3836227839684903,0.0,0.0,0.0,0.0,0.0,0.0,0.0,0.0,0.0,2.1633697706305557,-2.5658841341609184,-0.026012389372545124,-0.5170124256845612,0.5741232751369344,-0.0181505682993017,0.7030718873965591,1.2458145885591552,-0.31330023024512393,-0.44305166782792416,-0.07191181513579596,-0.4620903939019716,0.0,0.0,0.0,0.0,0.0,0.0,0.0,0.0
12,0.0,0.0,0.0,0.0,0.0,0.0,0.0,0.0,0.0,0.0,0.0,0.0,0.0,0.7670474391607865,0.0,0.0,0.0,0.0,0.0,0.0,-0.09685632409021697,1.3223440573468785,0.0,0.0,0.0,0.0,1.1773550221841909,-0.6141055990156479,-0.29648925322219605,0.5706779394400326,-0.13622276489086957,0.9904595854354336,0.0,0.0,0.0,0.0,0.0,0.0,0.0,0.0
13,0.0,0.0,0.0,0.0,0.0,0.0,0.0,0.0,0.0,0.0,0.0,0.0,0.7670474391607865,0.0,0.0,0.0,0.0,0.0,0.0,0.0,-0.14891068291645135,2.1067892105490835,0.0,0.0,0.0,0.0,-1.545671238327587,1.5765705783940527,0.12193440968183587,0.5523746409196966,-0.6524783917748274,0.948791653947909,0.0,0.0,0.0,0.0,0.0,0.0,0.0,0.0
14,0.0,0.0,0.0,0.0,0.0,0.0,0.0,0.0,0.0,0.0,0.0,0.0,0.0,0.0,0.0,0.2566121178707656,0.0,0.0,0.0,0.0,0.0,0.0,0.0,0.0,0.0,0.0,0.0,0.0,0.3216868026938909,0.5727284904084354,0.07379374760104132,-2.0362748531775656,0.6634265039412643,-0.3668657090637301,0.0,0.0,0.0,0.0,-2.2883548939500824,-1.4352154023113668
15,0.0,0.0,0.0,0.0,0.0,0.0,0.0,0.0,0.0,0.0,0.0,0.0,0.0,0.0,0.2566121178707656,0.0,0.0,0.0,0.0,0.0,0.0,0.0,0.0,0.0,0.0,0.0,0.0,0.0,0.03967854092078225,0.06254504202879366,-2.2246812337396724,1.5934801662160591,-0.7279073900052443,1.3918390088662602,0.0,0.0,0.0,0.0,-1.7306508590332201,-0.993341913708003
16,0.0,0.0,0.0,0.0,0.0,0.0,0.0,0.0,0.0,0.0,0.0,0.0,0.0,0.0,0.0,0.0,0.0,0.33863863882050105,0.0,0.0,0.0,0.0,0.0,0.0,0.0,0.0,0.0,0.0,-0.4848850256760973,0.5783438850549354,0.0,0.0,0.0,0.0,0.0,0.0,0.0,0.0,0.6178905251900737,-0.433891451562844
17,0.0,0.0,0.0,0.0,0.0,0.0,0.0,0.0,0.0,0.0,0.0,0.0,0.0,0.0,0.0,0.0,0.33863863882050105,0.0,0.0,0.0,0.0,0.0,0.0,0.0,0.0,0.0,0.0,0.0,0.6141113239615732,-0.6501012661763719,0.0,0.0,0.0,0.0,0.0,0.0,0.0,0.0,0.7365314437807282,0.8297543425578299
18,0.0,0.0,0.0,0.0,0.0,0.0,0.0,0.0,0.0,0.0,0.0,0.0,0.0,0.0,0.0,0.0,0.0,0.0,0.0,-0.14353702117643616,0.0,0.0,0.0,0.0,0.0,0.0,0.4690193074018758,0.31830606694931807,1.1824829186988017,0.46904649087196953,0.0,0.0,0.0,0.0,0.0,0.0,0.0,0.0,0.0,0.0
19,0.0,0.0,0.0,0.0,0.0,0.0,0.0,0.0,0.0,0.0,0.0,0.0,0.0,0.0,0.0,0.0,0.0,0.0,-0.14353702117643616,0.0,0.0,0.0,0.0,0.0,0.0,0.0,-0.24512765842097597,-1.129577907907557,-0.011274149941691266,1.1367752270633709,0.0,0.0,0.0,0.0,0.0,0.0,0.0,0.0,0.0,0.0
20,0.0,0.0,0.0,0.0,0.0,0.0,0.0,0.0,0.0,0.0,-1.56133586582851,2.1633697706305557,-0.09685632409021697,-0.14891068291645135,0.0,0.0,0.0,0.0,0.0,0.0,0.0,-1.7160371632410854,0.0,0.0,0.0,0.0,0.0,0.0,0.0,0.0,0.0,0.0,0.0,0.0,0.0,0.0,0.0,0.0,0.0,0.0
21,0.0,0.0,0.0,0.0,0.0,0.0,0.0,0.0,0.0,0.0,-0.30339652993197597,-2.5658841341609184,1.3223440573468785,2.1067892105490835,0.0,0.0,0.0,0.0,0.0,0.0,-1.7160371632410854,0.0,0.0,0.0,0.0,0.0,0.0,0.0,0.0,0.0,0.0,0.0,0.0,0.0,0.0,0.0,0.0,0.0,0.0,0.0
22,-1.3560386723628208,0.32348706866204546,0.0,0.0,0.0,0.0,0.0,0.0,0.0,0.0,-1.5999605976078806,-0.026012389372545124,0.0,0.0,0.0,0.0,0.0,0.0,0.0,0.0,0.0,0.0,0.0,-1.0358450181931629,0.0,0.0,0.0,0.0,0.0,0.0,0.0,0.0,0.0,0.0,0.0,0.0,0.0,0.0,0.0,0.0
23,-0.46195007667790955,1.7167810446388867,0.0,0.0,0.0,0.0,0.0,0.0,0.0,0.0,0.5255022965308976,-0.5170124256845612,0.0,0.0,0.0,0.0,0.0,0.0,0.0,0.0,0.0,0.0,-1.0358450181931629,0.0,0.0,0.0,0.0,0.0,0.0,0.0,0.0,0.0,0.0,0.0,0.0,0.0,0.0,0.0,0.0,0.0
24,0.43767601623977387,1.2716440452537157,0.0,0.0,0.0,0.0,-1.1743242674736856,-0.202029414790825,-1.4539954669744148,0.8402941698498737,0.24290628215948165,0.5741232751369344,0.0,0.0,0.0,0.0,0.0,0.0,0.0,0.0,0.0,0.0,0.0,0.0,0.0,-0.632966690977611,0.0,0.0,0.0,0.0,0.0,0.0,0.0,0.0,0.0,0.0,0.0,0.0,0.0,0.0
25,1.5023709218100902,-0.923571101701337,0.0,0.0,0.0,0.0,-0.36480778478702386,1.148112991749401,1.76539759581954,-0.12761367089168532,-0.5510547979543975,-0.0181505682993017,0.0,0.0,0.0,0.0,0.0,0.0,0.0,0.0,0.0,0.0,0.0,0.0,-0.632966690977611,0.0,0.0,0.0,0.0,0.0,0.0,0.0,0.0,0.0,0.0,0.0,0.0,0.0,0.0,0.0
26,0.0,0.0,0.0,0.0,0.0,0.0,0.0,0.0,0.7873626670496692,0.8258952316289402,0.4526115259944295,0.7030718873965591,1.1773550221841909,-1.545671238327587,0.0,0.0,0.0,0.0,0.4690193074018758,-0.24512765842097597,0.0,0.0,0.0,0.0,0.0,0.0,0.0,-1.0671249740843343,0.0,0.0,0.0,0.0,0.0,0.0,0.0,0.0,0.0,0.0,0.0,0.0
27,0.0,0.0,0.0,0.0,0.0,0.0,0.0,0.0,-0.08892911592704016,-0.6805054918759429,-1.5962646305994275,1.2458145885591552,-0.6141055990156479,1.5765705783940527,0.0,0.0,0.0,0.0,0.31830606694931807,-1.129577907907557,0.0,0.0,0.0,0.0,0.0,0.0,-1.0671249740843343,0.0,0.0,0.0,0.0,0.0,0.0,0.0,0.0,0.0,0.0,0.0,0.0,0.0
28,0.0,0.0,0.0,0.0,0.0,0.0,0.0,0.0,-1.0225236450229482,0.5598305224502339,0.49544920607927817,-0.31330023024512393,-0.29648925322219605,0.12193440968183587,0.3216868026938909,0.03967854092078225,-0.4848850256760973,0.6141113239615732,1.1824829186988017,-0.011274149941691266,0.0,0.0,0.0,0.0,0.0,0.0,0.0,0.0,0.0,-1.2156014248626397,0.0,0.0,0.0,0.0,0.0,0.0,0.0,0.0,0.0,0.0
29,0.0,0.0,0.0,0.0,0.0,0.0,0.0,0.0,-1.1973546312632433,0.19120626232161064,-1.0290712347854378,-0.44305166782792416,0.5706779394400326,0.5523746409196966,0.5727284904084354,0.06254504202879366,0.5783438850549354,-0.6501012661763719,0.46904649087196953,1.1367752270633709,0.0,0.0,0.0,0.0,0.0,0.0,0.0,0.0,-1.2156014248626397,0.0,0.0,0.0,0.0,0.0,0.0,0.0,0.0,0.0,0.0,0.0
30,0.0,0.0,0.0,0.0,-1.3158602321505224,-1.5182321711683682,0.8985939982521676,2.0681183512906305,-1.3635108156729034,1.0933763890831771,2.0999917775056005,-0.07191181513579596,-0.13622276489086957,-0.6524783917748274,0.07379374760104132,-2.2246812337396724,0.0,0.0,0.0,0.0,0.0,0.0,0.0,0.0,0.0,0.0,0.0,0.0,0.0,0.0,0.0,0.7459738854543464,0.0,0.0,0.0,0.0,0.0,0.0,0.0,0.0
31,0.0,0.0,0.0,0.0,-0.40404058807825866,-0.2869518993170545,0.19756047371163582,-1.5806192275747584,2.0365322270222093,-0.10276537607048197,-0.10143650618877716,-0.4620903939019716,0.9904595854354336,0.948791653947909,-2.0362748531775656,1.5934801662160591,0.0,0.0,0.0,0.0,0.0,0.0,0.0,0.0,0.0,0.0,0.0,0.0,0.0,0.0,0.7459738854543464,0.0,0.0,0.0,0.0,0.0,0.0,0.0,0.0,0.0
32,0.0,0.0,0.0,0.0,-1.1399420411187633,-0.46664638955439325,0.4537961093076963,-0.16192611267887133,-0.41441220304680143,0.5394147378171128,0.0,0.0,0.0,0.0,0.6634265039412643,-0.7279073900052443,0.0,0.0,0.0,0.0,0.0,0.0,0.0,0.0,0.0,0.0,0.0,0.0,0.0,0.0,0.0,0.0,0.0,-0.3570165151234258,0.0,0.0,0.0,0.0,0.0,0.0
33,0.0,0.0,0.0,0.0,-1.0837919557151845,0.34440665985526164,-1.4909540375666828,-0.6198199080336975,0.7230887789625462,-0.5952528373613214,0.0,0.0,0.0,0.0,-0.3668657090637301,1.3918390088662602,0.0,0.0,0.0,0.0,0.0,0.0,0.0,0.0,0.0,0.0,0.0,0.0,0.0,0.0,0.0,0.0,-0.3570165151234258,0.0,0.0,0.0,0.0,0.0,0.0,0.0
34,0.0,0.0,-1.4472546916928997,1.3369032649491341,0.8893856317813783,-0.3826122736565819,0.46973895749998035,-1.5047305198410283,-0.5616046040984335,1.0934446233934036,0.0,0.0,0.0,0.0,0.0,0.0,0.0,0.0,0.0,0.0,0.0,0.0,0.0,0.0,0.0,0.0,0.0,0.0,0.0,0.0,0.0,0.0,0.0,0.0,0.0,0.004571435546268698,0.0,0.0,0.0,0.0
35,0.0,0.0,1.4204517899316367,-1.0710483218581401,1.1615606934639178,1.0011134713207417,-0.022664176639634725,0.38363591945457465,-1.4766727947966036,-0.6919703606123444,0.0,0.0,0.0,0.0,0.0,0.0,0.0,0.0,0.0,0.0,0.0,0.0,0.0,0.0,0.0,0.0,0.0,0.0,0.0,0.0,0.0,0.0,0.0,0.0,0.004571435546268698,0.0,0.0,0.0,0.0,0.0
36,0.0,0.0,-0.03034639985329383,-0.024745027825914114,-0.6625831443908324,-0.3550094762912042,0.0,0.0,0.0,0.0,0.0,0.0,0.0,0.0,0.0,0.0,0.0,0.0,0.0,0.0,0.0,0.0,0.0,0.0,0.0,0.0,0.0,0.0,0.0,0.0,0.0,0.0,0.0,0.0,0.0,0.0,0.0,1.229547044902916,0.0,0.0
37,0.0,0.0,1.2130237422843932,-0.10738582543704259,-0.5718193123822294,0.23636725215663,0.0,0.0,0.0,0.0,0.0,0.0,0.0,0.0,0.0,0.0,0.0,0.0,0.0,0.0,0.0,0.0,0.0,0.0,0.0,0.0,0.0,0.0,0.0,0.0,0.0,0.0,0.0,0.0,0.0,0.0,1.229547044902916,0.0,0.0,0.0
38,0.0,0.0,0.0,0.0,0.0,0.0,0.0,0.0,0.0,0.0,0.0,0.0,0.0,0.0,-2.2883548939500824,-1.7306508590332201,0.6178905251900737,0.7365314437807282,0.0,0.0,0.0,0.0,0.0,0.0,0.0,0.0,0.0,0.0,0.0,0.0,0.0,0.0,0.0,0.0,0.0,0.0,0.0,0.0,0.0,0.6912530241294801
39,0.0,0.0,0.0,0.0,0.0,0.0,0.0,0.0,0.0,0.0,0.0,0.0,0.0,0.0,-1.4352154023113668,-0.993341913708003,-0.433891451562844,0.8297543425578299,0.0,0.0,0.0,0.0,0.0,0.0,0.0,0.0,0.0,0.0,0.0,0.0,0.0,0.0,0.0,0.0,0.0,0.0,0.0,0.0,0.6912530241294801,0.0
