,2,3,4,5,6,7,8,9,10,11,12,13,14,15,16,17,18,19,20,21,26,27,28,29,30,31,32,33,34,35,36,37,38,39,40,41,42,43,44,45,chain_break_fraction,energy,num_occurrences
0,1,1,1,-1,1,1,1,-1,-1,1,1,-1,-1,-1,-1,1,1,-1,1,-1,1,1,-1,-1,-1,-1,-1,-1,1,1,1,1,1,1,1,1,1,-1,-1,-1,0.0,-74.31453708449467,6
1,-1,-1,-1,1,-1,-1,-1,1,1,-1,-1,1,1,1,1,-1,-1,1,-1,1,-1,-1,1,1,1,1,1,1,-1,-1,-1,-1,-1,-1,-1,-1,-1,1,1,1,0.0,-74.31453708449467,23
2,1,1,1,-1,-1,1,1,-1,-1,1,1,-1,-1,-1,1,1,1,-1,1,-1,1,1,-1,-1,-1,-1,-1,-1,1,1,1,1,-1,1,1,1,1,-1,-1,-1,0.0,-73.71692671868159,15
3,-1,-1,-1,1,1,-1,-1,1,1,-1,-1,1,1,1,-1,-1,-1,1,-1,1,-1,-1,1,1,1,1,1,1,-1,-1,-1,-1,1,-1,-1,-1,-1,1,1,1,0.0,-73.71692671868159,11
4,1,1,1,-1,1,1,1,-1,-1,1,1,-1,-1,-1,1,1,1,-1,1,-1,1,1,-1,-1,-1,-1,-1,-1,1,1,1,1,-1,1,1,1,1,-1,-1,-1,0.0,-73.46241853924448,4
5,-1,-1,-1,1,-1,-1,-1,1,1,-1,-1,1,1,1,-1,-1,-1,1,-1,1,-1,-1,1,1,1,1,1,1,-1,-1,-1,-1,1,-1,-1,-1,-1,1,1,1,0.0,-73.46241853924448,8
6,1,1,1,-1,1,1,1,-1,-1,1,1,-1,-1,-1,1,1,1,-1,1,-1,1,1,-1,-1,-1,-1,-1,-1,1,1,1,1,1,1,1,1,1,-1,-1,-1,0.0,-73.07982693476758,1
7,-1,-1,-1,1,-1,-1,-1,1,1,-1,-1,1,1,1,-1,-1,-1,1,-1,1,-1,-1,1,1,1,1,1,1,-1,-1,-1,-1,-1,-1,-1,-1,-1,1,1,1,0.0,-73.07982693476758,4
8,-1,-1,-1,1,-1,-1,-1,1,1,-1,1,1,1,1,1,-1,-1,1,1,-1,-1,-1,1,-1,1,1,-1,1,-1,-1,-1,-1,-1,-1,-1,-1,-1,1,1,1,0.0,-73.0403018538694,6
9,1,1,1,-1,1,1,1,-1,-1,1,-1,-1,-1,-1,-1,1,1,-1,-1,1,1,1,-1,1,-1,-1,1,-1,1,1,1,1,1,1,1,1,1,-1,-1,-1,0.0,-73.0403018538694,1
10,1,1,1,-1,-1,1,1,-1,-1,1,1,-1,-1,-1,-1,1,1,-1,1,-1,1,1,-1,-1,-1,-1,-1,-1,1,1,1,1,-1,1,1,1,1,-1,-1,-1,0.0,-72.80044089889743,7
11,-1,-1,-1,1,1,-1,-1,1,1,-1,-1,1,1,1,1,-1,-1,1,-1,1,-1,-1,1,1,1,1,1,1,-1,-1,-1,-1,1,-1,-1,-1,-1,1,1,1,0.0,-72.80044089889743,9
12,-1,-1,-1,1,-1,-1,-1,1,1,-1,-1,1,1,1,1,-1,-1,1,1,-1,-1,-1,1,1,1,1,-1,1,-1,-1,-1,-1,-1,-1,-1,-1,-1,1,1,1,0.0,-72.79410697369507,4
13,-1,-1,-1,1,-1,-1,-1,1,1,-1,1,1,1,1,1,-1,-1,1,1,-1,-1,-1,1,1,1,1,-1,1,-1,-1,-1,-1,-1,-1,-1,-1,-1,1,1,1,0.0,-72.72753895066687,7
14,1,1,1,-1,1,1,1,-1,-1,1,-1,-1,-1,-1,-1,1,1,-1,-1,1,1,1,-1,-1,-1,-1,1,-1,1,1,1,1,1,1,1,1,1,-1,-1,-1,0.0,-72.72753895066687,1
15,1,1,1,-1,1,1,1,-1,-1,1,1,-1,-1,-1,-1,1,-1,-1,1,-1,1,1,-1,-1,-1,-1,-1,-1,1,1,1,1,1,1,1,1,1,-1,-1,-1,0.0,-72.68597562505276,4
16,-1,-1,-1,1,-1,-1,-1,1,1,-1,-1,1,1,1,1,-1,1,1,-1,1,-1,-1,1,1,1,1,1,1,-1,-1,-1,-1,-1,-1,-1,-1,-1,1,1,1,0.0,-72.68597562505276,5
17,-1,-1,-1,1,-1,-1,-1,1,1,-1,-1,1,1,1,1,-1,-1,1,-1,1,-1,-1,1,-1,1,1,1,1,-1,-1,-1,-1,-1,-1,-1,-1,-1,1,1,1,0.0,-72.59393894715245,4
18,-1,-1,-1,1,-1,-1,-1,1,1,-1,-1,1,1,1,1,-1,-1,1,-1,1,-1,-1,1,1,1,1,1,1,-1,-1,-1,-1,1,-1,-1,-1,-1,1,1,1,0.0,-72.54593271946032,4
19,-1,-1,1,-1,1,1,1,1,-1,1,1,1,1,1,-1,1,-1,1,-1,-1,-1,-1,1,-1,-1,1,1,-1,-1,-1,-1,1,1,1,1,1,1,-1,1,1,0.0,-72.54253841948176,4
20,1,1,-1,1,-1,-1,-1,-1,1,-1,-1,-1,-1,-1,1,-1,1,-1,1,1,1,1,-1,1,1,-1,-1,1,1,1,1,-1,-1,-1,-1,-1,-1,1,-1,-1,0.0,-72.54253841948176,4
21,-1,-1,-1,1,1,-1,-1,1,1,-1,1,1,1,1,-1,-1,-1,1,1,-1,-1,-1,1,-1,1,1,-1,1,-1,-1,-1,-1,1,-1,-1,-1,-1,1,1,1,0.0,-72.44269148805631,5
22,1,1,1,-1,-1,1,1,-1,-1,1,-1,-1,-1,-1,1,1,1,-1,-1,1,1,1,-1,1,-1,-1,1,-1,1,1,1,1,-1,1,1,1,1,-1,-1,-1,0.0,-72.44269148805631,2
23,1,1,1,-1,1,1,1,-1,-1,1,-1,-1,-1,-1,-1,1,1,-1,-1,1,1,1,-1,1,1,-1,1,-1,1,1,1,1,1,1,1,1,1,-1,-1,-1,0.0,-72.39276927015213,6
24,-1,-1,-1,1,-1,-1,-1,1,1,-1,1,1,1,1,1,-1,-1,1,1,-1,-1,-1,1,-1,-1,1,-1,1,-1,-1,-1,-1,-1,-1,-1,-1,-1,1,1,1,0.0,-72.39276927015213,3
25,-1,-1,-1,1,-1,-1,-1,1,1,-1,-1,1,1,1,1,-1,-1,1,-1,-1,-1,-1,1,1,1,1,1,1,-1,-1,-1,-1,-1,-1,-1,-1,-1,1,1,1,0.0,-72.33804649532375,2
26,1,1,1,-1,1,1,1,-1,-1,1,1,-1,-1,-1,-1,1,-1,-1,1,-1,1,1,-1,-1,-1,-1,-1,-1,1,1,1,1,1,1,1,1,1,-1,1,1,0.0,-72.26893645239382,4
27,-1,-1,-1,1,-1,-1,-1,1,1,-1,-1,1,1,1,1,-1,1,1,-1,1,-1,-1,1,1,1,1,1,1,-1,-1,-1,-1,-1,-1,-1,-1,-1,1,-1,-1,0.0,-72.26893645239382,3
28,-1,-1,1,-1,1,1,1,1,-1,1,1,1,1,1,-1,1,-1,1,-1,-1,-1,-1,1,1,-1,1,1,-1,-1,-1,-1,1,1,1,1,1,1,-1,1,1,0.0,-72.22977551627923,2
29,1,1,-1,1,-1,-1,-1,-1,1,-1,-1,-1,-1,-1,1,-1,1,-1,1,1,1,1,-1,-1,1,-1,-1,1,1,1,1,-1,-1,-1,-1,-1,-1,1,-1,-1,0.0,-72.22977551627923,5
30,1,1,1,-1,-1,1,1,-1,-1,1,1,-1,-1,-1,1,1,1,-1,-1,1,1,1,-1,-1,-1,-1,1,-1,1,1,1,1,-1,1,1,1,1,-1,-1,-1,0.0,-72.19649660788198,3
31,-1,-1,-1,1,1,-1,-1,1,1,-1,-1,1,1,1,-1,-1,-1,1,1,-1,-1,-1,1,1,1,1,-1,1,-1,-1,-1,-1,1,-1,-1,-1,-1,1,1,1,0.0,-72.19649660788198,3
32,-1,-1,-1,1,-1,-1,-1,1,1,-1,-1,1,1,1,1,-1,1,-1,-1,1,-1,-1,1,1,1,1,1,1,-1,-1,-1,-1,-1,-1,-1,-1,-1,1,-1,-1,0.0,-72.1625838314465,5
33,1,1,1,-1,1,1,1,-1,-1,1,1,-1,-1,-1,-1,1,-1,1,1,-1,1,1,-1,-1,-1,-1,-1,-1,1,1,1,1,1,1,1,1,1,-1,1,1,0.0,-72.1625838314465,10
34,1,1,-1,1,-1,-1,-1,-1,1,-1,-1,-1,-1,-1,1,-1,1,-1,1,-1,1,1,-1,1,1,-1,-1,1,1,1,1,-1,-1,-1,-1,-1,-1,1,-1,-1,0.0,-72.14589289366234,3
35,1,1,1,-1,-1,1,1,-1,-1,1,-1,-1,-1,-1,1,1,1,-1,-1,1,1,1,-1,-1,-1,-1,1,-1,1,1,1,1,-1,1,1,1,1,-1,-1,-1,0.0,-72.12992858485379,1
36,-1,-1,-1,1,1,-1,-1,1,1,-1,1,1,1,1,-1,-1,-1,1,1,-1,-1,-1,1,1,1,1,-1,1,-1,-1,-1,-1,1,-1,-1,-1,-1,1,1,1,0.0,-72.12992858485379,1
37,-1,-1,-1,1,-1,-1,-1,1,1,-1,-1,1,1,1,1,-1,-1,1,-1,1,1,-1,1,1,1,1,1,1,-1,-1,-1,-1,-1,-1,-1,-1,-1,1,1,1,0.0,-72.11212434615697,2
38,-1,-1,-1,1,1,-1,-1,1,1,-1,-1,1,1,1,-1,-1,1,1,-1,1,-1,-1,1,1,1,1,1,1,-1,-1,-1,-1,1,-1,-1,-1,-1,1,1,1,0.0,-72.08836525923968,2
39,1,1,1,-1,-1,1,1,-1,-1,1,1,-1,-1,-1,1,1,-1,-1,1,-1,1,1,-1,-1,-1,-1,-1,-1,1,1,1,1,-1,1,1,1,1,-1,-1,-1,0.0,-72.08836525923968,3
40,1,1,1,-1,1,1,1,-1,-1,1,-1,-1,-1,-1,-1,1,1,-1,-1,1,1,1,-1,-1,1,-1,1,-1,1,1,1,1,1,1,1,1,1,-1,-1,-1,0.0,-72.0800063669496,1
41,1,1,1,-1,-1,1,1,-1,-1,1,1,-1,-1,-1,1,1,1,-1,1,-1,1,1,-1,1,-1,-1,-1,-1,1,1,1,1,-1,1,1,1,1,-1,-1,-1,0.0,-71.99632858133938,1
42,-1,-1,-1,-1,1,-1,-1,1,1,-1,-1,1,1,1,-1,-1,-1,1,-1,1,-1,-1,1,1,1,1,1,1,-1,-1,-1,-1,1,-1,-1,-1,1,-1,1,1,0.0,-71.97638449147401,2
43,1,1,1,1,-1,1,1,-1,-1,1,1,-1,-1,-1,1,1,1,-1,1,-1,1,1,-1,-1,-1,-1,-1,-1,1,1,1,1,-1,1,1,1,-1,1,-1,-1,0.0,-71.97638449147401,2
44,-1,-1,-1,1,-1,-1,-1,1,1,-1,1,1,1,1,-1,-1,-1,1,1,-1,-1,-1,1,1,1,1,-1,1,-1,-1,-1,-1,1,-1,-1,-1,-1,1,1,1,0.0,-71.87542040541666,1
45,1,1,1,-1,1,1,1,-1,-1,1,-1,-1,-1,-1,1,1,1,-1,-1,1,1,1,-1,-1,-1,-1,1,-1,1,1,1,1,-1,1,1,1,1,-1,-1,-1,0.0,-71.87542040541666,3
46,-1,-1,-1,1,-1,-1,-1,1,1,-1,-1,1,1,1,-1,-1,1,1,-1,1,-1,-1,1,1,1,1,1,1,-1,-1,-1,-1,1,-1,-1,-1,-1,1,1,1,0.0,-71.83385707980257,2
47,1,1,1,-1,1,1,1,-1,-1,1,1,-1,-1,-1,1,1,-1,-1,1,-1,1,1,-1,-1,-1,-1,-1,-1,1,1,1,1,-1,1,1,1,1,-1,-1,-1,0.0,-71.83385707980257,2
48,-1,-1,1,-1,1,1,1,1,-1,1,1,1,1,1,-1,1,-1,1,-1,1,-1,-1,1,1,-1,1,1,-1,-1,-1,-1,1,1,1,1,1,1,-1,1,1,0.0,-71.83312999045981,1
49,1,1,-1,1,-1,-1,-1,-1,1,-1,-1,-1,-1,-1,1,-1,1,-1,1,-1,1,1,-1,-1,1,-1,-1,1,1,1,1,-1,-1,-1,-1,-1,-1,1,-1,-1,0.0,-71.83312999045981,4
50,1,1,1,-1,1,1,1,-1,-1,1,-1,-1,-1,-1,1,1,1,-1,-1,1,1,1,-1,1,-1,-1,1,-1,1,1,1,1,1,1,1,1,1,-1,-1,-1,0.0,-71.80559170414229,2
51,1,1,1,-1,-1,1,1,-1,-1,1,-1,-1,-1,-1,1,1,1,-1,-1,1,1,1,-1,1,1,-1,1,-1,1,1,1,1,-1,1,1,1,1,-1,-1,-1,0.0,-71.79515890433905,3
52,-1,-1,-1,1,1,-1,-1,1,1,-1,1,1,1,1,-1,-1,-1,1,1,-1,-1,-1,1,-1,-1,1,-1,1,-1,-1,-1,-1,1,-1,-1,-1,-1,1,1,1,0.0,-71.79515890433905,1
53,1,1,1,-1,1,1,1,-1,-1,1,1,-1,-1,-1,1,1,1,-1,1,-1,1,1,-1,1,-1,-1,-1,-1,1,1,1,1,-1,1,1,1,1,-1,-1,-1,0.0,-71.74182040190227,1
54,1,1,1,-1,1,1,1,-1,-1,1,-1,-1,1,-1,-1,1,1,-1,1,1,1,1,-1,1,-1,-1,1,1,1,1,1,1,1,1,1,1,1,-1,-1,-1,0.0,-71.64591434500294,1
55,-1,-1,-1,1,-1,-1,-1,1,1,-1,1,1,-1,1,1,-1,-1,1,-1,-1,-1,-1,1,-1,1,1,-1,-1,-1,-1,-1,-1,-1,-1,-1,-1,-1,1,1,1,0.0,-71.64591434500294,4
56,-1,-1,-1,1,-1,-1,-1,1,1,-1,-1,1,1,1,1,-1,-1,1,-1,1,-1,-1,1,1,-1,1,1,1,-1,-1,-1,-1,-1,-1,-1,-1,-1,1,1,1,0.0,-71.62680516381484,1
57,1,1,1,-1,1,1,1,-1,-1,1,1,-1,-1,-1,-1,1,1,-1,1,-1,1,1,-1,-1,1,-1,-1,-1,1,1,1,1,1,1,1,1,1,-1,-1,-1,0.0,-71.62680516381484,4
58,1,1,1,-1,1,1,1,-1,-1,1,1,-1,-1,-1,1,1,1,-1,-1,1,1,1,-1,-1,-1,-1,1,-1,1,1,1,1,1,1,1,1,1,-1,-1,-1,0.0,-71.55939682396797,1
59,1,1,1,-1,1,1,1,-1,-1,1,-1,-1,-1,-1,1,1,1,-1,-1,1,1,1,-1,1,1,-1,1,-1,1,1,1,1,-1,1,1,1,1,-1,-1,-1,0.0,-71.54065072490192,1
60,-1,-1,-1,1,-1,-1,-1,1,1,-1,1,1,1,1,-1,-1,-1,1,1,-1,-1,-1,1,-1,-1,1,-1,1,-1,-1,-1,-1,1,-1,-1,-1,-1,1,1,1,0.0,-71.54065072490192,2
61,1,1,1,-1,-1,1,1,-1,-1,1,-1,-1,-1,-1,-1,1,1,-1,-1,1,1,1,-1,1,-1,-1,1,-1,1,1,1,1,-1,1,1,1,1,-1,-1,-1,0.0,-71.52620566827215,3
62,-1,-1,-1,1,1,-1,-1,1,1,-1,1,1,1,1,1,-1,-1,1,1,-1,-1,-1,1,-1,1,1,-1,1,-1,-1,-1,-1,1,-1,-1,-1,-1,1,1,1,0.0,-71.52620566827215,1
63,-1,-1,-1,1,-1,-1,-1,1,1,-1,-1,1,1,1,-1,-1,-1,1,-1,-1,-1,-1,1,1,1,1,1,1,-1,-1,-1,-1,1,-1,-1,-1,-1,1,1,1,0.0,-71.48592795007353,1
64,1,1,1,-1,-1,1,1,-1,-1,1,-1,-1,-1,-1,1,1,1,-1,-1,1,1,1,-1,-1,1,-1,1,-1,1,1,1,1,-1,1,1,1,1,-1,-1,-1,0.0,-71.48239600113652,1
65,1,1,1,-1,1,1,1,-1,-1,1,1,-1,-1,-1,1,1,-1,-1,1,-1,1,1,-1,-1,-1,-1,-1,-1,1,1,1,1,1,1,1,1,1,-1,-1,-1,0.0,-71.45126547532567,1
66,1,1,1,-1,-1,1,-1,-1,1,1,-1,-1,-1,-1,1,-1,1,-1,1,1,1,1,-1,1,1,-1,-1,1,1,1,1,-1,-1,-1,1,1,1,-1,-1,-1,0.0,-71.45026943861487,4
67,1,1,1,-1,-1,1,1,-1,-1,1,1,-1,-1,-1,1,1,1,-1,1,-1,1,1,-1,-1,-1,-1,-1,-1,1,1,1,1,-1,1,1,1,1,1,-1,-1,0.0,-71.44343991420665,1
68,1,1,1,-1,1,1,1,-1,-1,1,-1,-1,-1,-1,-1,1,1,-1,1,-1,1,1,-1,1,-1,-1,-1,-1,1,1,1,1,1,1,1,1,1,-1,-1,-1,0.0,-71.43594180707285,1
69,-1,-1,-1,1,-1,-1,-1,1,1,-1,1,1,1,1,1,-1,-1,1,-1,1,-1,-1,1,-1,1,1,1,1,-1,-1,-1,-1,-1,-1,-1,-1,-1,1,1,1,0.0,-71.43594180707285,2
70,1,1,1,-1,1,1,1,-1,-1,1,-1,-1,-1,-1,-1,1,-1,-1,-1,1,1,1,-1,1,-1,-1,1,-1,1,1,1,1,1,1,1,1,1,-1,-1,-1,0.0,-71.41174039442747,2
71,-1,-1,-1,1,-1,-1,-1,1,1,-1,1,1,1,1,1,-1,1,1,1,-1,-1,-1,1,-1,1,1,-1,1,-1,-1,-1,-1,-1,-1,-1,-1,-1,1,1,1,0.0,-71.41174039442747,1
72,1,1,1,-1,1,1,1,-1,-1,1,-1,-1,1,-1,-1,1,1,-1,-1,1,1,1,-1,1,-1,-1,1,-1,1,1,1,1,1,1,1,1,1,-1,-1,-1,0.0,-71.38117790349743,3
73,-1,-1,-1,1,-1,-1,-1,1,1,-1,1,1,-1,1,1,-1,-1,1,1,-1,-1,-1,1,-1,1,1,-1,1,-1,-1,-1,-1,-1,-1,-1,-1,-1,1,1,1,0.0,-71.38117790349743,2
74,-1,-1,-1,1,-1,-1,-1,1,1,-1,-1,1,1,1,-1,-1,-1,1,-1,1,-1,-1,1,-1,1,1,1,1,-1,-1,-1,-1,-1,-1,-1,-1,-1,1,1,1,0.0,-71.35922879742536,1
75,1,1,1,-1,1,1,1,-1,-1,1,1,-1,-1,-1,1,1,1,-1,1,-1,1,1,-1,1,-1,-1,-1,-1,1,1,1,1,1,1,1,1,1,-1,-1,-1,0.0,-71.35922879742536,1
76,1,1,1,-1,1,1,1,-1,-1,1,-1,-1,1,-1,-1,1,1,-1,1,1,1,1,-1,-1,-1,-1,1,1,1,1,1,1,1,1,1,1,1,-1,-1,-1,0.0,-71.33315144180042,2
77,-1,-1,-1,1,-1,-1,-1,1,1,-1,1,1,1,1,1,-1,-1,1,-1,-1,-1,-1,1,-1,1,1,-1,1,-1,-1,-1,-1,-1,-1,-1,-1,-1,1,1,1,0.0,-71.28038912060029,1
78,-1,-1,-1,1,1,-1,-1,1,1,-1,-1,1,1,1,1,-1,-1,1,1,-1,-1,-1,1,1,1,1,-1,1,-1,-1,-1,-1,1,-1,-1,-1,-1,1,1,1,0.0,-71.28001078809783,2
79,-1,-1,1,-1,1,1,1,1,-1,1,-1,1,1,1,-1,1,-1,1,-1,-1,-1,-1,1,1,-1,1,1,-1,-1,-1,-1,1,1,1,1,1,1,-1,1,1,0.0,-71.27966371640609,3
80,1,1,1,-1,1,1,1,-1,-1,1,1,-1,1,-1,-1,1,1,-1,1,-1,1,1,-1,-1,-1,-1,-1,-1,1,1,1,1,1,1,1,1,1,-1,-1,-1,0.0,-71.26961600660859,2
81,-1,-1,-1,1,-1,-1,-1,1,1,-1,-1,1,1,1,-1,-1,-1,1,-1,1,1,-1,1,1,1,1,1,1,-1,-1,-1,-1,1,-1,-1,-1,-1,1,1,1,0.0,-71.26000580090678,1
82,-1,-1,-1,1,-1,-1,-1,1,1,-1,1,1,1,1,-1,-1,-1,1,1,-1,-1,-1,1,1,-1,1,-1,1,-1,-1,-1,-1,1,-1,-1,-1,-1,1,1,1,0.0,-71.2278878216994,1
83,1,1,1,-1,1,1,1,-1,-1,1,-1,-1,-1,-1,1,1,1,-1,-1,1,1,1,-1,-1,1,-1,1,-1,1,1,1,1,-1,1,1,1,1,-1,-1,-1,0.0,-71.2278878216994,2
84,-1,-1,-1,1,1,-1,-1,1,1,-1,1,1,1,1,1,-1,-1,1,1,-1,-1,-1,1,1,1,1,-1,1,-1,-1,-1,-1,1,-1,-1,-1,-1,1,1,1,0.0,-71.21344276506963,1
85,-1,-1,-1,1,-1,-1,-1,1,1,-1,-1,1,1,1,-1,-1,-1,1,-1,1,-1,-1,1,1,1,1,1,1,-1,-1,-1,-1,-1,1,-1,-1,-1,1,1,1,0.0,-71.17781653043481,1
86,-1,-1,-1,1,1,-1,-1,1,1,-1,-1,1,1,1,1,-1,1,1,-1,1,-1,-1,1,1,1,1,1,1,-1,-1,-1,-1,1,-1,-1,-1,-1,1,1,1,0.0,-71.17187943945552,2
87,1,1,1,-1,-1,1,-1,-1,1,1,-1,-1,-1,-1,1,-1,1,-1,1,1,1,1,-1,-1,1,-1,-1,1,1,1,1,-1,-1,-1,1,1,1,-1,-1,-1,0.0,-71.13750653541236,8
88,-1,-1,-1,1,1,-1,1,1,-1,-1,1,1,1,1,-1,1,-1,1,-1,-1,-1,-1,1,1,-1,1,1,-1,-1,-1,-1,1,1,1,-1,-1,-1,1,1,1,0.0,-71.13750653541236,1
89,1,1,1,-1,1,1,1,-1,-1,1,1,-1,1,-1,-1,1,1,-1,-1,1,1,1,-1,-1,-1,-1,1,-1,1,1,1,1,1,1,1,1,1,-1,-1,-1,0.0,-71.13498302332313,2
90,-1,-1,-1,1,-1,-1,-1,1,1,-1,-1,1,-1,1,1,-1,-1,1,1,-1,-1,-1,1,1,1,1,-1,1,-1,-1,-1,-1,-1,-1,-1,-1,-1,1,1,1,0.0,-71.13498302332313,1
91,-1,-1,-1,1,1,-1,-1,1,1,-1,-1,1,1,1,1,-1,-1,1,-1,1,-1,-1,1,-1,1,1,1,1,-1,-1,-1,-1,1,-1,-1,-1,-1,1,1,1,0.0,-71.07984276155523,1
92,1,1,1,-1,-1,1,1,-1,-1,1,1,-1,-1,-1,-1,1,1,-1,1,-1,1,1,-1,1,-1,-1,-1,-1,1,1,1,1,-1,1,1,1,1,-1,-1,-1,0.0,-71.07984276155523,2
93,-1,-1,-1,1,-1,-1,-1,1,1,-1,-1,1,1,1,1,-1,-1,1,1,-1,-1,-1,1,-1,1,1,-1,1,-1,-1,-1,-1,-1,-1,-1,-1,-1,1,1,1,0.0,-71.07350883635284,1
94,-1,-1,-1,1,-1,-1,-1,1,1,-1,1,1,-1,1,1,-1,-1,1,1,-1,-1,-1,1,1,1,1,-1,1,-1,-1,-1,-1,-1,-1,-1,-1,-1,1,1,1,0.0,-71.06841500029492,1
95,-1,-1,-1,-1,1,-1,-1,1,1,-1,-1,1,1,1,1,-1,-1,1,-1,1,-1,-1,1,1,1,1,1,1,-1,-1,-1,-1,1,-1,-1,-1,1,-1,1,1,0.0,-71.05989867168985,2
96,1,1,1,1,-1,1,1,-1,-1,1,1,-1,-1,-1,-1,1,1,-1,1,-1,1,1,-1,-1,-1,-1,-1,-1,1,1,1,1,-1,1,1,1,-1,1,-1,-1,0.0,-71.05989867168985,1
97,1,1,1,-1,-1,1,-1,-1,1,1,-1,-1,-1,-1,1,-1,1,-1,1,-1,1,1,-1,1,1,-1,-1,1,1,1,1,-1,-1,-1,1,1,1,-1,-1,-1,0.0,-71.05362391279546,8
98,-1,-1,-1,1,1,-1,1,1,-1,-1,1,1,1,1,-1,1,-1,1,-1,1,-1,-1,1,-1,-1,1,1,-1,-1,-1,-1,1,1,1,-1,-1,-1,1,1,1,0.0,-71.05362391279546,1
99,1,1,1,-1,-1,1,1,-1,-1,1,-1,-1,1,-1,1,1,1,-1,1,1,1,1,-1,1,-1,-1,1,1,1,1,1,1,-1,1,1,1,1,-1,-1,-1,0.0,-71.04830397918987,1
100,-1,-1,-1,1,1,-1,-1,1,1,-1,1,1,-1,1,-1,-1,-1,1,-1,-1,-1,-1,1,-1,1,1,-1,-1,-1,-1,-1,-1,1,-1,-1,-1,-1,1,1,1,0.0,-71.04830397918987,1
101,-1,-1,-1,1,-1,-1,-1,1,1,-1,-1,1,1,1,1,-1,-1,1,-1,-1,-1,-1,1,1,1,1,-1,1,-1,-1,-1,-1,-1,-1,-1,-1,-1,1,1,1,0.0,-71.03419424042598,1
102,1,1,1,-1,-1,1,1,-1,-1,1,1,-1,-1,-1,1,1,1,-1,1,-1,1,1,-1,-1,1,-1,-1,-1,1,1,1,1,-1,1,1,1,1,-1,-1,-1,0.0,-71.02919479800175,1
103,-1,-1,-1,1,-1,-1,-1,1,1,-1,-1,1,1,1,1,-1,-1,1,1,-1,-1,-1,1,1,1,1,-1,1,-1,-1,-1,-1,1,-1,-1,-1,-1,1,1,1,0.0,-71.02550260866072,1
104,1,1,1,-1,1,1,1,-1,-1,1,-1,-1,1,-1,-1,1,1,-1,1,1,1,1,-1,1,1,-1,1,1,1,1,1,1,1,1,1,1,1,-1,-1,-1,0.0,-70.99838176128569,1
105,-1,-1,-1,1,-1,-1,-1,1,1,-1,1,1,1,1,1,-1,1,1,1,-1,-1,-1,1,-1,1,1,-1,1,-1,-1,-1,-1,-1,-1,-1,-1,-1,1,-1,-1,0.0,-70.99470122176852,1
106,1,1,1,-1,1,1,1,-1,-1,1,-1,-1,-1,-1,-1,1,1,-1,-1,1,1,1,-1,-1,-1,-1,1,-1,1,1,1,1,-1,1,1,1,1,-1,-1,-1,0.0,-70.95893458563252,1
107,-1,-1,-1,1,-1,-1,-1,1,1,-1,1,1,1,1,1,-1,-1,1,1,-1,-1,-1,1,1,1,1,-1,1,-1,-1,-1,-1,1,-1,-1,-1,-1,1,1,1,0.0,-70.95893458563252,1
108,-1,-1,-1,1,-1,-1,-1,1,1,-1,-1,1,1,1,1,-1,1,1,-1,1,-1,-1,1,1,1,1,1,1,-1,-1,-1,-1,1,-1,-1,-1,-1,1,1,1,0.0,-70.91737126001841,1
109,-1,-1,1,-1,1,1,1,1,-1,1,1,1,1,1,-1,1,1,1,-1,-1,-1,-1,1,-1,-1,1,1,-1,-1,-1,-1,1,1,1,1,1,1,-1,1,1,0.0,-70.91397696003982,1
110,1,1,1,-1,1,1,1,-1,-1,1,-1,-1,-1,-1,-1,1,-1,1,-1,1,1,1,-1,1,-1,-1,1,-1,1,1,1,1,1,1,1,1,1,-1,1,1,0.0,-70.8883486008212,1
111,-1,-1,1,-1,1,1,1,1,-1,1,-1,1,1,1,-1,1,-1,1,-1,1,-1,-1,1,1,-1,1,1,-1,-1,-1,-1,1,1,1,1,1,1,-1,1,1,0.0,-70.88301819058668,1
112,-1,-1,-1,1,1,-1,-1,1,1,-1,1,1,1,1,1,-1,-1,1,1,-1,-1,-1,1,-1,-1,1,-1,1,-1,-1,-1,-1,1,-1,-1,-1,-1,1,1,1,0.0,-70.8786730845549,1
113,1,1,1,-1,-1,1,1,-1,-1,1,-1,-1,-1,-1,-1,1,1,-1,-1,1,1,1,-1,1,1,-1,1,-1,1,1,1,1,-1,1,1,1,1,-1,-1,-1,0.0,-70.8786730845549,1
114,-1,-1,-1,1,-1,-1,-1,1,1,-1,-1,1,1,1,-1,-1,-1,1,-1,1,1,-1,1,1,1,1,1,1,-1,-1,-1,-1,-1,-1,-1,-1,-1,1,1,1,0.0,-70.87741419642988,1
115,1,1,1,-1,1,1,1,-1,-1,1,-1,-1,-1,-1,1,1,1,-1,-1,1,1,1,-1,-1,1,-1,1,-1,1,1,1,1,1,1,1,1,1,-1,-1,-1,0.0,-70.84529621722251,1
116,1,1,1,-1,-1,1,1,-1,-1,1,-1,-1,-1,-1,1,1,1,-1,1,-1,1,1,-1,1,-1,-1,-1,-1,1,1,1,1,-1,1,1,1,1,-1,-1,-1,0.0,-70.83833144125978,2
117,-1,-1,-1,1,1,-1,-1,1,1,-1,-1,1,1,1,1,-1,-1,1,-1,-1,-1,-1,1,1,1,1,1,1,-1,-1,-1,-1,1,-1,-1,-1,-1,1,1,1,0.0,-70.8239503097265,1
118,1,1,1,-1,-1,1,1,-1,-1,1,-1,-1,-1,-1,1,1,-1,-1,-1,1,1,1,-1,1,-1,-1,1,-1,1,1,1,1,-1,1,1,1,1,-1,-1,-1,0.0,-70.8141300286144,1
119,-1,-1,-1,1,-1,-1,1,1,-1,-1,1,1,1,1,-1,1,-1,1,-1,-1,-1,-1,1,-1,-1,1,1,-1,-1,-1,-1,1,1,1,-1,-1,-1,1,1,1,0.0,-70.81278031416656,1
120,1,1,1,-1,-1,1,1,-1,-1,1,-1,-1,1,-1,1,1,1,-1,-1,1,1,1,-1,1,-1,-1,1,-1,1,1,1,1,-1,1,1,1,1,-1,-1,-1,0.0,-70.78356753768436,1
121,1,1,1,-1,-1,1,1,-1,-1,1,1,-1,-1,-1,-1,1,-1,-1,1,-1,1,1,-1,-1,-1,-1,-1,-1,1,1,1,1,-1,1,1,1,1,-1,1,1,0.0,-70.75484026679658,1
122,-1,-1,-1,1,1,-1,-1,1,1,-1,-1,1,1,1,1,-1,1,1,-1,1,-1,-1,1,1,1,1,1,1,-1,-1,-1,-1,1,-1,-1,-1,-1,1,-1,-1,0.0,-70.75484026679658,1
123,-1,-1,-1,1,-1,-1,-1,1,1,-1,-1,1,1,1,1,-1,1,1,1,-1,-1,-1,1,1,1,1,-1,1,-1,-1,-1,-1,-1,-1,-1,-1,-1,1,-1,-1,0.0,-70.74850634159421,2
124,1,1,1,-1,-1,1,-1,-1,1,1,-1,-1,-1,-1,1,-1,1,-1,1,-1,1,1,-1,-1,1,-1,-1,1,1,1,1,-1,-1,-1,1,1,1,-1,-1,-1,0.0,-70.74086100959295,3
125,-1,-1,-1,1,-1,-1,-1,1,1,-1,1,1,-1,1,1,-1,-1,1,1,-1,-1,-1,1,-1,-1,1,-1,1,-1,-1,-1,-1,-1,-1,-1,-1,-1,1,1,1,0.0,-70.73364531978018,1
126,-1,-1,-1,-1,1,-1,-1,1,1,-1,1,1,1,1,-1,-1,-1,1,1,-1,-1,-1,1,-1,1,1,-1,1,-1,-1,-1,-1,1,-1,-1,-1,1,-1,1,1,0.0,-70.7021492608487,3
127,-1,-1,-1,1,-1,-1,-1,1,1,-1,1,1,1,1,1,-1,1,1,1,-1,-1,-1,1,1,1,1,-1,1,-1,-1,-1,-1,-1,-1,-1,-1,-1,1,-1,-1,0.0,-70.68193831856601,1
128,1,1,1,-1,-1,1,1,-1,-1,1,1,-1,-1,-1,-1,1,-1,1,1,-1,1,1,-1,-1,-1,-1,-1,-1,1,1,1,1,-1,1,1,1,1,-1,1,1,0.0,-70.64848764584926,7
129,-1,-1,-1,1,1,-1,-1,1,1,-1,-1,1,1,1,1,-1,1,-1,-1,1,-1,-1,1,1,1,1,1,1,-1,-1,-1,-1,1,-1,-1,-1,-1,1,-1,-1,0.0,-70.64848764584926,2
130,-1,-1,1,-1,1,1,1,1,-1,1,1,1,1,1,-1,1,1,1,-1,-1,-1,-1,1,1,-1,1,1,-1,-1,-1,-1,1,1,1,1,1,1,-1,1,1,0.0,-70.60121405683729,1
131,-1,-1,-1,1,1,-1,-1,1,1,-1,-1,1,1,1,1,-1,-1,1,-1,1,1,-1,1,1,1,1,1,1,-1,-1,-1,-1,1,-1,-1,-1,-1,1,1,1,0.0,-70.59802816055974,1
132,1,1,-1,1,1,-1,1,1,-1,-1,1,-1,-1,-1,-1,1,1,-1,1,-1,1,1,-1,-1,-1,-1,-1,-1,1,1,-1,1,1,1,-1,-1,-1,1,-1,-1,0.0,-70.59239234362066,2
133,-1,-1,1,-1,-1,1,-1,-1,1,1,-1,1,1,1,1,-1,-1,1,-1,1,-1,-1,1,1,1,1,1,1,-1,-1,1,-1,-1,-1,1,1,1,-1,1,1,0.0,-70.59239234362066,16
134,-1,-1,-1,1,-1,-1,-1,1,1,-1,1,1,1,1,-1,-1,-1,1,-1,1,-1,-1,1,-1,1,1,1,1,-1,-1,-1,-1,1,-1,-1,-1,-1,1,1,1,0.0,-70.58382326182266,1
135,-1,-1,-1,1,-1,-1,-1,1,1,-1,1,1,1,1,-1,-1,1,1,1,-1,-1,-1,1,-1,1,1,-1,1,-1,-1,-1,-1,1,-1,-1,-1,-1,1,1,1,0.0,-70.55962184917728,3
136,1,1,1,-1,1,1,1,-1,-1,1,-1,-1,-1,-1,1,1,-1,-1,-1,1,1,1,-1,1,-1,-1,1,-1,1,1,1,1,-1,1,1,1,1,-1,-1,-1,0.0,-70.55962184917728,1
137,-1,-1,-1,1,-1,-1,-1,1,1,-1,-1,1,1,1,1,-1,1,1,-1,1,-1,-1,1,-1,1,1,1,1,-1,-1,-1,-1,-1,-1,-1,-1,-1,1,-1,-1,0.0,-70.5483383150516,1
138,1,1,1,-1,-1,1,1,-1,-1,1,1,-1,1,-1,1,1,1,-1,-1,1,1,1,-1,-1,-1,-1,1,-1,1,1,1,1,-1,1,1,1,1,-1,-1,-1,0.0,-70.53737265751005,1
139,-1,-1,-1,1,1,-1,-1,1,1,-1,-1,1,-1,1,-1,-1,-1,1,1,-1,-1,-1,1,1,1,1,-1,1,-1,-1,-1,-1,1,-1,-1,-1,-1,1,1,1,0.0,-70.53737265751005,1
140,1,1,1,-1,-1,1,1,-1,-1,1,1,-1,-1,-1,-1,1,1,-1,1,-1,1,1,-1,-1,-1,-1,-1,-1,1,1,1,1,-1,1,1,1,1,1,-1,-1,0.0,-70.52695409442248,1
141,1,1,1,-1,-1,1,1,-1,-1,1,-1,-1,-1,-1,1,1,1,-1,1,-1,1,1,-1,-1,-1,-1,-1,-1,1,1,1,1,-1,1,1,1,1,-1,-1,-1,0.0,-70.52556853805726,1
142,1,1,-1,1,-1,-1,-1,-1,1,-1,-1,-1,-1,-1,1,-1,-1,-1,1,-1,1,1,-1,1,1,-1,-1,1,1,1,1,-1,-1,-1,-1,-1,-1,1,-1,-1,0.0,-70.51733143422041,1
143,1,1,1,-1,1,1,-1,-1,1,1,-1,-1,-1,-1,1,-1,1,-1,1,1,1,1,-1,-1,1,-1,-1,1,1,1,1,-1,-1,-1,1,1,1,-1,-1,-1,0.0,-70.50001741096403,2
144,-1,-1,-1,1,-1,-1,-1,1,1,-1,-1,1,1,1,1,-1,1,1,-1,1,1,-1,1,1,1,1,1,1,-1,-1,-1,-1,-1,-1,-1,-1,-1,1,1,1,0.0,-70.48356288671508,1
145,-1,-1,-1,1,-1,-1,-1,1,1,-1,1,1,-1,1,-1,-1,-1,1,-1,-1,-1,-1,1,1,1,1,-1,-1,-1,-1,-1,-1,1,-1,-1,-1,-1,1,1,1,0.0,-70.48103289655022,3
146,1,1,1,-1,1,1,1,-1,-1,1,-1,-1,1,-1,1,1,1,-1,1,1,1,1,-1,-1,-1,-1,1,1,1,1,1,1,-1,1,1,1,1,-1,-1,-1,0.0,-70.48103289655022,1
147,-1,-1,-1,1,-1,-1,-1,1,1,-1,1,1,1,1,1,-1,-1,1,-1,1,-1,-1,1,1,-1,1,1,1,-1,-1,-1,-1,-1,-1,-1,-1,-1,1,1,1,0.0,-70.47564632015307,1
148,-1,-1,-1,1,-1,-1,-1,1,1,-1,-1,1,1,1,-1,-1,-1,1,-1,1,-1,-1,1,1,1,1,1,1,-1,-1,-1,-1,1,-1,-1,-1,1,1,1,1,0.0,-70.46610102155492,1
149,1,1,1,-1,1,1,1,-1,-1,1,1,-1,-1,-1,1,1,1,-1,1,-1,1,1,-1,-1,-1,-1,-1,-1,1,1,1,1,-1,1,1,1,-1,-1,-1,-1,0.0,-70.46610102155492,2
150,1,1,1,1,-1,1,1,-1,-1,1,1,-1,-1,-1,1,1,1,-1,-1,1,1,1,-1,-1,-1,-1,1,-1,1,1,1,1,-1,1,1,1,-1,1,-1,-1,0.0,-70.4559543806744,1
151,-1,-1,-1,1,-1,-1,-1,1,1,-1,1,1,-1,1,1,-1,-1,1,1,-1,-1,-1,1,1,-1,1,-1,1,-1,-1,-1,-1,-1,-1,-1,-1,-1,1,1,1,0.0,-70.42088241657765,1
152,1,1,1,-1,1,1,1,-1,-1,1,1,-1,1,-1,1,1,1,-1,1,-1,1,1,-1,-1,-1,-1,-1,-1,1,1,1,1,-1,1,1,1,1,-1,-1,-1,0.0,-70.4174974613584,1
153,1,1,1,-1,1,1,-1,-1,1,1,-1,-1,-1,-1,1,-1,1,-1,1,-1,1,1,-1,1,1,-1,-1,1,1,1,1,-1,-1,-1,1,1,1,-1,-1,-1,0.0,-70.41613478834715,1
154,1,1,1,-1,1,1,1,-1,-1,1,-1,-1,1,-1,1,1,1,-1,1,1,1,1,-1,1,-1,-1,1,1,1,1,1,1,1,1,1,1,1,-1,-1,-1,0.0,-70.41120419527584,1
155,1,1,1,-1,-1,1,1,-1,-1,1,-1,-1,1,-1,1,1,1,-1,1,1,1,1,-1,1,1,-1,1,1,1,1,1,1,-1,1,1,1,1,-1,-1,-1,0.0,-70.4007713954726,2
156,1,1,1,-1,-1,1,-1,-1,1,1,-1,-1,-1,-1,1,-1,1,-1,1,1,1,1,-1,1,1,-1,1,1,1,1,1,-1,-1,-1,1,1,1,-1,-1,-1,0.0,-70.39011201840212,1
157,-1,-1,-1,-1,1,-1,-1,1,1,-1,1,1,1,1,-1,-1,-1,1,1,-1,-1,-1,1,1,1,1,-1,1,-1,-1,-1,-1,1,-1,-1,-1,1,-1,1,1,0.0,-70.38938635764619,2
158,1,1,1,-1,1,1,1,-1,-1,1,-1,-1,-1,-1,-1,1,-1,-1,-1,1,1,1,-1,1,1,-1,1,-1,1,1,1,1,1,1,1,1,1,-1,1,1,0.0,-70.34716863805127,1
159,-1,-1,-1,1,-1,-1,-1,1,1,-1,1,1,1,1,1,-1,1,1,1,-1,-1,-1,1,-1,-1,1,-1,1,-1,-1,-1,-1,-1,-1,-1,-1,-1,1,-1,-1,0.0,-70.34716863805127,1
160,-1,-1,-1,1,-1,-1,-1,1,1,1,-1,1,1,1,1,-1,-1,1,-1,1,-1,-1,1,1,1,1,1,1,-1,-1,-1,-1,-1,-1,-1,-1,-1,1,1,1,0.0,-70.29054687135412,6
161,-1,-1,-1,1,-1,-1,-1,1,1,-1,-1,1,-1,1,-1,-1,-1,1,1,-1,-1,-1,1,1,1,1,-1,1,-1,-1,-1,-1,1,-1,-1,-1,-1,1,1,1,0.0,-70.28286447807292,1
162,-1,-1,-1,-1,-1,-1,-1,1,1,-1,-1,1,1,1,1,-1,-1,1,-1,1,-1,-1,1,1,1,1,1,1,-1,-1,-1,-1,-1,-1,-1,-1,1,-1,1,1,0.0,-70.2601622072845,2
163,-1,-1,-1,1,-1,-1,-1,1,1,-1,1,1,1,1,-1,-1,1,1,1,-1,-1,-1,1,1,1,1,-1,1,-1,-1,-1,-1,1,-1,-1,-1,-1,1,1,1,0.0,-70.24685894597475,1
164,-1,-1,-1,1,-1,-1,-1,1,1,-1,1,1,1,1,1,-1,1,-1,1,-1,-1,-1,1,-1,-1,1,-1,1,-1,-1,-1,-1,-1,-1,-1,-1,-1,1,-1,-1,0.0,-70.24081601710395,1
165,1,1,1,-1,1,1,1,-1,-1,1,-1,-1,-1,-1,-1,1,-1,1,-1,1,1,1,-1,1,1,-1,1,-1,1,1,1,1,1,1,1,1,1,-1,1,1,0.0,-70.24081601710395,1
166,-1,-1,-1,1,-1,-1,-1,1,1,-1,-1,1,1,1,-1,-1,-1,1,1,-1,-1,-1,1,-1,1,1,-1,1,-1,-1,-1,-1,1,-1,-1,-1,-1,1,1,1,0.0,-70.22139029110268,1
167,1,1,-1,1,-1,-1,-1,-1,1,-1,-1,-1,-1,-1,1,-1,-1,-1,1,-1,1,1,-1,-1,1,-1,-1,1,1,1,1,-1,-1,-1,-1,-1,-1,1,-1,-1,0.0,-70.20456853101788,1
168,1,1,1,-1,-1,1,-1,-1,1,1,1,-1,-1,-1,1,-1,1,-1,1,1,1,1,-1,-1,1,-1,-1,1,1,1,1,-1,-1,-1,1,1,1,-1,-1,-1,0.0,-70.18739473553923,3
169,-1,-1,-1,1,-1,-1,-1,1,1,-1,-1,1,1,1,1,-1,1,-1,-1,-1,-1,-1,1,1,1,1,1,1,-1,-1,-1,-1,-1,-1,-1,-1,-1,1,-1,-1,0.0,-70.18609324227556,1
170,-1,-1,1,-1,1,1,1,1,-1,1,1,1,1,1,-1,1,1,1,-1,-1,-1,-1,1,-1,-1,1,1,-1,-1,-1,-1,1,1,1,1,1,1,-1,-1,-1,0.0,-70.18277044906927,1
171,1,1,1,-1,-1,1,1,-1,-1,1,-1,-1,-1,-1,1,1,-1,-1,-1,1,1,1,-1,1,1,-1,1,-1,1,1,1,1,-1,1,1,1,1,-1,-1,-1,0.0,-70.16659744489714,1
172,-1,-1,-1,1,-1,-1,-1,1,1,-1,1,1,-1,1,-1,-1,-1,1,1,-1,-1,-1,1,-1,1,1,-1,1,-1,-1,-1,-1,-1,-1,-1,-1,-1,1,1,1,0.0,-70.14646775377035,1
173,1,1,1,-1,-1,1,1,-1,-1,1,-1,-1,1,-1,1,1,1,-1,-1,1,1,1,-1,1,1,-1,1,-1,1,1,1,1,-1,1,1,1,1,-1,-1,-1,0.0,-70.13603495396711,2
174,-1,-1,-1,1,-1,-1,-1,1,1,-1,-1,1,1,1,1,-1,1,1,-1,1,-1,-1,1,1,1,1,1,1,-1,-1,-1,-1,-1,-1,-1,-1,-1,1,-1,1,0.0,-70.12943494630598,2
175,-1,-1,-1,1,1,-1,1,1,-1,-1,1,1,1,1,-1,1,-1,1,-1,-1,-1,-1,1,1,-1,1,1,-1,-1,-1,-1,1,1,-1,-1,-1,-1,1,1,1,0.0,-70.12870313481366,1
176,-1,-1,1,-1,1,1,1,1,-1,1,1,1,1,1,-1,1,1,-1,-1,-1,-1,-1,1,-1,-1,1,1,-1,1,-1,-1,1,1,1,1,1,1,-1,-1,-1,0.0,-70.12307555858594,2
177,1,1,-1,1,-1,-1,-1,-1,1,-1,-1,-1,-1,-1,1,-1,-1,1,1,1,1,1,-1,1,1,-1,-1,1,-1,1,1,-1,-1,-1,-1,-1,-1,1,1,1,0.0,-70.12307555858594,3
178,-1,-1,-1,1,1,-1,-1,1,1,-1,-1,1,1,1,1,-1,-1,1,-1,1,-1,-1,1,1,-1,1,1,1,-1,-1,-1,-1,1,-1,-1,-1,-1,1,1,1,0.0,-70.11270897821758,1
179,1,1,1,-1,1,1,-1,-1,1,1,-1,-1,-1,-1,1,-1,1,-1,1,-1,1,1,-1,-1,1,-1,-1,1,1,1,1,-1,-1,-1,1,1,1,-1,-1,-1,0.0,-70.10337188514463,2
180,1,1,1,-1,-1,1,1,-1,-1,1,-1,-1,1,-1,1,1,1,-1,1,1,1,1,-1,-1,1,-1,1,1,1,1,1,1,-1,1,1,1,1,-1,-1,-1,0.0,-70.08800849227008,2
181,-1,-1,1,-1,-1,1,-1,-1,1,1,-1,1,1,1,-1,-1,-1,1,-1,1,-1,-1,1,1,1,1,1,1,-1,-1,1,-1,-1,1,1,1,1,-1,1,1,0.0,-70.08588506719484,3
182,1,1,-1,1,-1,-1,-1,-1,1,-1,-1,-1,-1,-1,1,-1,-1,1,1,1,1,1,-1,1,1,-1,-1,1,1,1,1,-1,-1,-1,-1,-1,-1,1,1,1,0.0,-70.07641782812195,2
183,-1,-1,-1,1,-1,-1,-1,1,1,-1,-1,1,1,1,1,-1,1,1,-1,1,1,-1,1,1,1,1,1,1,-1,-1,-1,-1,-1,-1,-1,-1,-1,1,-1,-1,0.0,-70.06652371405613,1
184,1,1,1,1,-1,1,1,-1,-1,1,-1,-1,-1,-1,1,1,1,-1,-1,1,1,1,-1,1,1,-1,1,-1,1,1,1,1,-1,1,1,1,-1,1,-1,-1,0.0,-70.05461667713146,1
185,-1,-1,-1,1,-1,-1,-1,1,1,-1,1,1,1,1,1,-1,-1,1,1,-1,-1,-1,1,-1,1,1,-1,1,-1,-1,-1,-1,-1,-1,-1,-1,1,1,1,1,0.0,-70.04398433617983,1
186,-1,-1,-1,1,1,-1,-1,1,1,-1,-1,1,1,1,-1,-1,-1,1,1,-1,1,-1,1,1,1,1,-1,1,-1,-1,-1,-1,1,-1,-1,-1,-1,1,1,1,0.0,-69.9940838695443,1
187,-1,-1,-1,1,-1,-1,-1,1,1,-1,-1,1,1,1,1,-1,1,-1,-1,1,1,-1,1,1,1,1,1,1,-1,-1,-1,-1,-1,-1,-1,-1,-1,1,-1,-1,0.0,-69.9601710931088,1
188,1,1,-1,1,-1,-1,1,1,-1,-1,1,-1,-1,-1,-1,1,1,-1,1,-1,1,1,-1,-1,-1,-1,-1,-1,1,1,-1,1,1,1,-1,-1,-1,1,-1,-1,0.0,-69.95490321917234,1
189,-1,-1,1,-1,1,1,-1,-1,1,1,-1,1,1,1,1,-1,-1,1,-1,1,-1,-1,1,1,1,1,1,1,-1,-1,1,-1,-1,-1,1,1,1,-1,1,1,0.0,-69.95490321917234,2
190,-1,-1,-1,1,-1,-1,-1,1,1,-1,-1,1,1,1,-1,-1,1,1,1,-1,-1,-1,1,1,1,1,-1,1,-1,-1,-1,-1,-1,-1,-1,-1,-1,1,1,1,0.0,-69.93083536452606,1
191,1,1,1,-1,1,1,1,-1,-1,1,-1,-1,-1,-1,-1,1,-1,1,-1,1,1,1,-1,-1,1,-1,1,-1,1,1,1,1,1,1,1,1,1,-1,1,1,0.0,-69.92805311390143,3
192,-1,-1,-1,1,-1,-1,-1,1,1,-1,1,1,1,1,1,-1,1,-1,1,-1,-1,-1,1,1,-1,1,-1,1,-1,-1,-1,-1,-1,-1,-1,-1,-1,1,-1,-1,0.0,-69.92805311390143,2
193,-1,-1,-1,1,-1,-1,-1,-1,1,-1,-1,1,1,1,1,-1,-1,1,-1,1,-1,-1,1,1,1,1,1,1,-1,-1,1,-1,-1,-1,-1,-1,-1,1,1,1,0.0,-69.91533416349546,1
194,-1,-1,-1,1,-1,-1,-1,1,1,-1,-1,1,-1,1,1,-1,-1,1,-1,-1,-1,-1,1,1,1,1,-1,-1,-1,-1,-1,-1,-1,-1,-1,-1,-1,1,1,1,0.0,-69.90919828579692,1
195,1,1,1,-1,1,1,1,-1,-1,1,1,-1,1,-1,1,1,1,-1,-1,1,1,1,-1,-1,-1,-1,1,-1,1,1,1,1,1,1,1,1,1,-1,-1,-1,0.0,-69.90027287359604,1
196,-1,-1,-1,1,-1,-1,-1,1,1,-1,-1,1,-1,1,1,-1,-1,1,1,1,-1,-1,1,1,1,1,1,1,-1,1,-1,-1,-1,-1,-1,-1,-1,1,1,1,0.0,-69.89910747096044,1
197,-1,-1,-1,1,1,-1,-1,1,1,-1,1,1,1,1,1,-1,1,1,1,-1,-1,-1,1,-1,1,1,-1,1,-1,-1,-1,-1,1,-1,-1,-1,-1,1,1,1,0.0,-69.89764420883024,1
198,1,1,1,-1,-1,1,1,-1,-1,1,1,-1,-1,-1,1,1,-1,-1,1,-1,-1,1,-1,-1,-1,-1,-1,-1,1,1,1,1,-1,1,1,1,1,-1,-1,-1,0.0,-69.88595252090198,1
199,1,1,1,-1,-1,1,1,-1,-1,1,-1,-1,-1,-1,1,1,-1,-1,-1,1,1,1,-1,-1,1,-1,1,-1,1,1,1,1,-1,1,1,1,1,-1,-1,-1,0.0,-69.85383454169461,1
200,-1,-1,-1,1,1,-1,-1,1,1,-1,1,1,-1,1,1,-1,-1,1,-1,-1,-1,-1,1,1,1,1,-1,-1,-1,-1,-1,-1,1,-1,-1,-1,-1,1,1,1,0.0,-69.81905525620319,1
201,1,1,1,-1,-1,1,1,-1,-1,1,-1,-1,1,-1,-1,1,1,-1,1,1,1,1,-1,-1,-1,-1,1,1,1,1,1,1,-1,1,1,1,1,-1,-1,-1,0.0,-69.81905525620319,1
202,1,1,-1,1,-1,-1,-1,-1,1,-1,-1,-1,-1,-1,1,-1,-1,1,1,1,1,1,-1,-1,1,-1,-1,1,-1,1,1,-1,-1,-1,-1,-1,-1,1,1,1,0.0,-69.81031265538341,1
203,-1,-1,-1,1,-1,-1,-1,1,1,-1,1,1,1,1,1,-1,1,1,-1,1,-1,-1,1,-1,1,1,1,1,-1,-1,-1,-1,-1,-1,-1,-1,-1,1,1,1,0.0,-69.80738034763094,1
204,-1,-1,-1,1,-1,-1,-1,1,1,-1,1,1,1,1,1,-1,-1,1,-1,1,-1,-1,1,-1,1,1,-1,1,-1,-1,-1,-1,-1,-1,-1,-1,-1,1,1,1,0.0,-69.79246877795228,1
205,1,1,1,-1,-1,1,-1,-1,1,1,1,-1,-1,-1,1,-1,1,-1,1,-1,1,1,-1,-1,1,-1,-1,1,1,1,1,-1,-1,-1,1,1,1,-1,-1,-1,0.0,-69.79074920971982,1
206,-1,-1,-1,-1,1,-1,-1,1,1,-1,1,1,1,1,1,-1,-1,1,1,-1,-1,-1,1,-1,1,1,-1,1,-1,-1,-1,-1,1,-1,-1,-1,1,-1,1,1,0.0,-69.78566344106456,1
207,-1,-1,-1,1,-1,-1,1,1,-1,-1,1,1,1,1,-1,1,-1,1,-1,-1,-1,-1,1,-1,-1,1,-1,-1,-1,-1,-1,1,1,1,-1,-1,-1,1,1,1,0.0,-69.75262289395381,2
208,1,1,1,-1,1,1,1,-1,-1,1,1,-1,1,-1,-1,1,-1,1,-1,1,1,1,-1,-1,-1,-1,1,-1,-1,-1,1,1,1,1,1,1,1,-1,1,1,0.0,-69.71217128721807,3
209,-1,-1,-1,-1,1,-1,1,1,-1,-1,1,1,1,1,-1,1,-1,1,-1,-1,-1,-1,1,-1,-1,1,1,-1,-1,-1,-1,1,1,1,-1,-1,1,-1,1,1,0.0,-69.70972721140728,1
210,1,1,1,1,-1,1,-1,-1,1,1,-1,-1,-1,-1,1,-1,1,-1,1,1,1,1,-1,1,1,-1,-1,1,1,1,1,-1,-1,-1,1,1,-1,1,-1,-1,0.0,-69.70972721140728,1
211,1,1,-1,1,-1,-1,-1,-1,1,-1,-1,-1,-1,-1,1,-1,-1,1,1,-1,1,1,-1,1,1,-1,-1,1,1,1,1,-1,-1,-1,-1,-1,-1,1,1,1,0.0,-69.67977230230254,1
212,-1,-1,-1,1,-1,-1,-1,1,1,-1,-1,1,1,1,1,-1,-1,1,-1,1,-1,-1,1,1,1,1,1,1,-1,-1,1,-1,-1,-1,-1,-1,-1,1,1,1,0.0,-69.66604672484512,1
213,1,1,1,-1,1,1,1,-1,-1,1,1,-1,1,-1,-1,1,-1,-1,1,-1,1,1,-1,-1,-1,-1,-1,-1,1,1,1,1,1,1,1,1,1,-1,-1,-1,0.0,-69.64105454716666,1
214,-1,-1,-1,1,-1,-1,-1,1,1,-1,1,1,-1,1,1,-1,-1,1,1,-1,-1,-1,1,-1,1,1,-1,1,-1,-1,-1,-1,1,-1,-1,-1,-1,1,1,1,0.0,-69.61257353846308,1
215,-1,-1,-1,1,-1,-1,-1,1,1,-1,1,1,-1,1,1,-1,1,1,-1,-1,-1,-1,1,-1,1,1,-1,-1,-1,-1,-1,-1,-1,-1,-1,-1,-1,1,-1,-1,0.0,-69.60031371290206,1
216,-1,-1,1,-1,1,1,1,1,-1,1,1,1,1,1,-1,-1,-1,1,-1,-1,-1,-1,1,-1,-1,1,1,-1,-1,-1,-1,1,1,1,1,1,1,-1,1,1,0.0,-69.5836741890742,1
217,-1,-1,1,-1,-1,1,-1,-1,1,1,-1,1,1,1,1,-1,-1,1,-1,1,-1,-1,1,1,1,1,1,1,-1,-1,1,-1,-1,1,1,1,1,-1,1,1,0.0,-69.58358894302195,3
218,-1,-1,-1,1,-1,-1,-1,1,1,-1,-1,1,1,1,1,-1,1,1,-1,1,-1,-1,1,1,-1,1,1,1,-1,-1,-1,-1,-1,-1,-1,-1,-1,1,-1,-1,0.0,-69.58120453171398,1
219,1,1,1,-1,1,1,1,-1,-1,1,1,-1,-1,-1,-1,1,-1,-1,1,-1,1,1,-1,-1,1,-1,-1,-1,1,1,1,1,1,1,1,1,1,-1,1,1,0.0,-69.58120453171398,1
220,-1,-1,-1,1,-1,-1,-1,1,1,-1,1,1,-1,1,1,-1,-1,1,-1,-1,-1,-1,1,1,1,1,-1,-1,-1,-1,-1,-1,1,-1,-1,-1,-1,1,1,1,0.0,-69.56454707676608,1
221,1,1,1,-1,-1,1,-1,-1,1,1,1,-1,-1,-1,1,-1,1,-1,1,-1,1,1,-1,-1,1,-1,-1,-1,1,1,1,-1,-1,-1,1,1,1,-1,-1,-1,0.0,-69.56310690636873,2
222,1,1,1,-1,1,1,1,-1,-1,1,-1,-1,-1,-1,1,1,1,-1,1,-1,1,1,-1,1,1,-1,-1,-1,1,1,1,1,1,1,1,1,1,-1,-1,-1,0.0,-69.55369907362852,1
223,1,1,1,-1,1,1,-1,-1,1,1,1,-1,-1,-1,1,-1,1,-1,1,1,1,1,-1,-1,1,-1,-1,1,1,1,1,-1,-1,-1,1,1,1,-1,-1,-1,0.0,-69.5499056110909,1
224,1,1,1,-1,1,1,1,-1,-1,1,1,-1,-1,-1,1,1,-1,-1,1,-1,1,1,-1,-1,-1,-1,-1,-1,1,1,1,1,1,-1,1,1,1,-1,-1,-1,0.0,-69.54925507099288,1
225,1,1,-1,1,-1,-1,-1,-1,1,1,-1,-1,-1,-1,1,-1,1,-1,1,1,1,1,-1,1,1,-1,-1,1,1,1,1,-1,-1,-1,-1,-1,-1,1,-1,-1,0.0,-69.5449383416568,1
226,-1,-1,1,-1,1,1,1,1,-1,-1,1,1,1,1,-1,1,-1,1,-1,-1,-1,-1,1,-1,-1,1,1,-1,-1,-1,-1,1,1,1,1,1,1,-1,1,1,0.0,-69.5449383416568,2
227,-1,-1,-1,1,-1,-1,-1,1,1,-1,-1,1,1,1,-1,-1,-1,1,-1,1,1,-1,1,-1,1,1,1,1,-1,-1,-1,-1,1,-1,-1,-1,-1,1,1,1,0.0,-69.53940766356459,1
228,-1,-1,-1,1,-1,-1,-1,1,1,-1,1,1,1,1,-1,-1,1,1,1,-1,-1,-1,1,-1,-1,1,-1,1,-1,-1,-1,-1,-1,-1,-1,-1,-1,1,1,1,0.0,-69.52949766098311,1
229,1,1,1,-1,1,1,1,-1,-1,1,1,-1,1,-1,-1,1,1,-1,1,-1,1,1,-1,-1,-1,-1,-1,-1,1,1,1,1,-1,1,1,1,1,-1,-1,-1,0.0,-69.50101164157424,1
230,-1,-1,1,-1,1,1,1,-1,-1,1,1,1,1,1,-1,1,-1,1,-1,1,-1,-1,1,-1,-1,1,1,-1,-1,-1,-1,1,1,1,1,1,1,-1,1,1,0.0,-69.49650841636875,1
231,-1,-1,1,-1,1,1,1,1,-1,1,1,1,1,1,-1,1,1,1,-1,1,-1,-1,1,1,-1,1,1,-1,-1,-1,-1,1,1,1,1,1,1,-1,-1,-1,0.0,-69.47336202004735,2
232,1,1,1,-1,-1,1,1,-1,-1,1,-1,-1,-1,-1,-1,1,1,-1,1,1,1,1,-1,-1,-1,-1,1,-1,1,1,1,1,-1,1,1,1,1,-1,-1,-1,0.0,-69.45353003180053,1
233,-1,-1,-1,-1,1,-1,-1,1,1,-1,-1,1,1,1,1,-1,1,1,-1,1,-1,-1,1,1,1,1,1,1,-1,-1,-1,-1,1,-1,-1,-1,1,-1,1,1,0.0,-69.43133721224793,1
234,1,1,1,-1,1,1,1,-1,-1,1,1,-1,-1,-1,-1,1,1,-1,1,-1,-1,1,-1,-1,1,-1,-1,-1,1,1,1,1,1,1,1,1,1,-1,-1,-1,0.0,-69.42439242547714,1
235,1,1,1,-1,1,1,1,-1,-1,1,1,-1,1,-1,-1,1,1,-1,-1,1,1,1,-1,1,-1,-1,1,-1,1,1,1,1,1,1,1,1,1,-1,-1,-1,0.0,-69.41438488598091,1
236,-1,-1,-1,1,-1,-1,-1,1,1,-1,-1,1,-1,1,1,-1,-1,1,1,-1,-1,-1,1,-1,1,1,-1,1,-1,-1,-1,-1,-1,-1,-1,-1,-1,1,1,1,0.0,-69.41438488598091,1
237,-1,-1,-1,-1,-1,-1,-1,1,1,-1,-1,1,1,1,-1,-1,-1,1,-1,1,-1,-1,1,1,1,1,1,1,-1,-1,-1,-1,1,-1,-1,-1,1,-1,1,1,0.0,-69.40804366203433,1
238,-1,-1,-1,1,-1,-1,-1,1,1,-1,-1,1,1,1,1,-1,1,1,1,-1,-1,-1,1,1,1,1,-1,1,-1,-1,-1,-1,1,-1,-1,-1,-1,1,1,1,0.0,-69.39694114921879,1
239,1,1,1,-1,-1,1,1,-1,-1,-1,1,-1,-1,-1,1,1,1,-1,1,-1,1,1,-1,-1,-1,-1,-1,-1,1,1,1,1,-1,1,1,1,1,-1,-1,-1,0.0,-69.3957806027723,2
240,-1,-1,-1,1,1,-1,-1,1,1,1,-1,1,1,1,-1,-1,-1,1,-1,1,-1,-1,1,1,1,1,1,1,-1,-1,-1,-1,1,-1,-1,-1,-1,1,1,1,0.0,-69.3957806027723,1
241,1,1,1,-1,1,1,1,-1,-1,1,-1,-1,1,-1,-1,1,-1,1,-1,-1,1,1,-1,1,-1,-1,1,-1,-1,-1,1,1,1,1,1,1,1,-1,1,1,0.0,-69.38608138007115,1
242,1,1,1,-1,1,1,1,-1,-1,1,1,-1,1,-1,-1,1,-1,1,-1,-1,1,1,-1,-1,-1,-1,-1,-1,-1,-1,1,1,1,1,1,1,1,-1,1,1,0.0,-69.37444086695271,1
243,1,1,1,-1,-1,1,1,-1,-1,1,-1,-1,-1,-1,-1,1,-1,1,-1,1,1,1,-1,1,-1,-1,1,-1,1,1,1,1,-1,1,1,1,1,-1,1,1,0.0,-69.37425241522398,1
244,1,1,1,1,-1,1,1,-1,-1,1,1,-1,-1,-1,-1,1,1,-1,1,-1,1,1,-1,1,-1,-1,-1,-1,1,1,1,1,-1,1,1,1,-1,1,-1,-1,0.0,-69.33930053434761,1
245,-1,-1,-1,-1,1,-1,-1,1,1,-1,-1,1,1,1,1,-1,-1,1,-1,1,-1,-1,1,-1,1,1,1,1,-1,-1,-1,-1,1,-1,-1,-1,1,-1,1,1,0.0,-69.33930053434761,1
246,1,1,1,1,-1,1,-1,-1,1,1,-1,-1,-1,-1,1,-1,1,-1,1,-1,1,1,-1,1,1,-1,-1,1,1,1,1,-1,-1,-1,1,1,-1,1,-1,-1,0.0,-69.31308168558787,1
247,1,1,1,1,-1,1,1,-1,-1,1,-1,-1,1,-1,1,1,1,-1,1,1,1,1,-1,1,-1,-1,1,1,1,1,1,1,-1,1,1,1,-1,1,-1,-1,0.0,-69.30776175198227,1
248,-1,-1,-1,-1,1,-1,-1,1,1,-1,-1,1,1,1,-1,-1,-1,1,-1,1,-1,-1,1,1,-1,1,1,1,-1,-1,-1,-1,1,-1,-1,-1,1,-1,1,1,0.0,-69.28865257079416,1
249,-1,-1,-1,1,-1,-1,-1,1,1,-1,1,1,-1,1,1,-1,1,1,-1,-1,-1,-1,1,1,1,1,-1,-1,-1,-1,-1,-1,-1,-1,-1,-1,-1,1,-1,-1,0.0,-69.28755080969954,1
250,-1,-1,1,-1,1,1,1,1,-1,1,1,1,1,1,-1,-1,-1,1,-1,-1,-1,-1,1,1,-1,1,1,-1,-1,-1,-1,1,1,1,1,1,1,-1,1,1,0.0,-69.27091128587169,1
251,1,1,1,-1,1,1,1,-1,-1,1,1,-1,1,-1,-1,1,-1,-1,1,-1,1,1,-1,-1,-1,-1,-1,-1,1,1,1,1,1,1,1,1,1,-1,1,1,0.0,-69.22401537450772,1
252,-1,-1,-1,1,1,-1,-1,1,1,-1,-1,1,1,1,1,-1,1,1,-1,-1,-1,-1,1,1,1,1,1,1,-1,-1,-1,-1,1,-1,-1,-1,-1,1,1,1,0.0,-69.19538885028459,1
253,1,1,1,-1,-1,1,-1,-1,1,1,1,-1,-1,-1,1,-1,1,-1,1,1,1,1,-1,-1,1,-1,-1,1,1,1,1,-1,-1,1,1,1,1,-1,-1,-1,0.0,-69.17859133494052,2
254,1,1,1,-1,-1,1,1,-1,-1,1,-1,-1,1,-1,-1,1,1,-1,1,1,1,1,-1,-1,1,-1,1,1,1,1,1,1,-1,1,1,1,1,-1,-1,-1,0.0,-69.17152267248593,1
255,1,1,1,-1,-1,1,1,-1,-1,1,-1,-1,-1,-1,-1,1,-1,-1,-1,1,1,1,-1,-1,-1,-1,1,-1,1,1,1,1,-1,1,1,1,1,-1,1,1,0.0,-69.16784213296877,1
256,-1,-1,-1,1,-1,-1,-1,-1,1,-1,-1,-1,-1,-1,1,-1,1,-1,1,1,1,1,-1,-1,1,1,-1,1,1,1,1,-1,-1,-1,-1,-1,-1,1,-1,-1,0.0,-69.15228086380294,1
257,-1,-1,-1,1,-1,-1,-1,1,1,-1,-1,1,-1,1,1,-1,-1,1,-1,1,-1,-1,1,1,1,1,1,-1,-1,-1,-1,-1,-1,-1,-1,-1,-1,1,1,1,0.0,-69.14352528899258,1
258,-1,-1,-1,1,-1,-1,-1,1,1,1,-1,1,1,1,-1,-1,-1,1,-1,1,-1,-1,1,1,1,1,1,1,-1,-1,-1,-1,1,-1,-1,-1,-1,1,1,1,0.0,-69.1412724233352,2
259,1,1,1,-1,1,1,1,-1,-1,1,1,-1,-1,-1,-1,1,1,-1,-1,-1,1,1,-1,-1,-1,-1,1,-1,1,-1,1,1,1,1,1,1,1,-1,-1,-1,0.0,-69.13302298834677,1
260,1,1,1,-1,-1,1,1,-1,-1,1,1,-1,-1,-1,-1,1,-1,1,-1,1,1,1,-1,-1,-1,-1,1,-1,1,1,1,1,-1,1,1,1,1,-1,1,1,0.0,-69.12805753504965,1
261,-1,-1,-1,1,-1,-1,-1,1,1,-1,-1,1,-1,1,1,-1,1,-1,-1,1,-1,-1,1,1,1,1,1,1,-1,-1,-1,-1,-1,-1,-1,-1,-1,1,-1,-1,0.0,-69.11766275356041,1
262,1,1,1,-1,1,1,1,-1,-1,1,1,-1,1,-1,-1,1,-1,1,1,-1,1,1,-1,-1,-1,-1,-1,-1,1,1,1,1,1,1,1,1,1,-1,1,1,0.0,-69.11766275356041,1
263,1,1,1,-1,-1,1,-1,-1,1,1,-1,-1,-1,-1,1,-1,-1,-1,1,-1,1,1,-1,-1,1,-1,-1,1,1,1,1,-1,-1,-1,1,1,1,-1,-1,-1,0.0,-69.11229955015101,2
264,1,1,1,-1,-1,1,1,-1,-1,1,-1,-1,1,-1,1,1,-1,-1,1,1,1,1,-1,-1,-1,-1,1,1,1,1,1,1,-1,1,1,1,1,-1,-1,-1,0.0,-69.10697961654542,1
265,1,1,1,-1,-1,1,-1,-1,1,1,-1,-1,-1,-1,1,-1,-1,-1,1,1,1,1,-1,1,1,-1,-1,1,1,1,1,-1,-1,-1,1,1,1,-1,1,1,0.0,-69.09050146820239,1
266,1,1,1,-1,1,1,1,-1,-1,1,1,-1,-1,-1,1,1,1,-1,1,-1,1,1,-1,1,1,-1,-1,-1,1,1,1,1,-1,1,1,1,1,-1,-1,-1,0.0,-69.05408848122242,1
267,-1,-1,-1,-1,1,-1,-1,1,1,-1,1,1,-1,1,-1,-1,-1,1,1,-1,-1,-1,1,-1,1,1,-1,1,-1,-1,-1,-1,1,-1,-1,-1,1,-1,1,1,0.0,-69.04302531047676,1
268,1,1,1,1,-1,1,1,-1,-1,1,-1,-1,1,-1,1,1,1,-1,-1,1,1,1,-1,1,-1,-1,1,-1,1,1,1,1,-1,1,1,1,-1,1,-1,-1,0.0,-69.04302531047676,2
269,1,1,1,-1,1,1,1,-1,-1,1,-1,-1,1,-1,-1,1,-1,-1,-1,1,1,1,-1,-1,-1,-1,1,-1,1,1,1,1,1,1,1,1,1,-1,1,1,0.0,-69.02281436819405,1
270,-1,-1,-1,1,-1,-1,-1,1,1,-1,1,1,-1,1,1,-1,-1,1,1,1,-1,-1,1,-1,-1,1,-1,1,-1,1,-1,-1,-1,-1,-1,-1,-1,1,1,1,0.0,-69.0203767208395,1
271,-1,-1,-1,-1,1,-1,-1,1,1,-1,-1,1,1,1,1,-1,1,1,-1,1,-1,-1,1,1,1,1,1,1,-1,-1,-1,-1,1,-1,-1,-1,1,-1,-1,-1,0.0,-69.01429803958898,1
272,1,1,1,-1,-1,1,1,-1,-1,1,1,-1,-1,-1,1,1,-1,-1,1,-1,1,1,-1,-1,-1,-1,-1,-1,1,1,1,1,-1,1,1,1,1,-1,1,1,0.0,-68.99552199531405,2
273,1,1,1,-1,1,1,1,-1,-1,1,-1,-1,1,-1,-1,1,-1,1,-1,1,1,1,-1,1,-1,-1,1,-1,-1,-1,1,1,1,1,1,1,1,-1,1,1,0.0,-68.98943585425174,1
274,-1,-1,-1,1,-1,-1,-1,1,1,-1,-1,1,1,1,1,-1,1,1,-1,-1,-1,-1,1,1,1,1,-1,1,-1,-1,-1,-1,-1,-1,-1,-1,-1,1,-1,-1,0.0,-68.9885936083251,1
275,1,1,1,-1,-1,1,-1,-1,1,1,-1,-1,-1,-1,1,-1,-1,1,1,1,1,1,-1,1,1,-1,-1,1,1,1,1,-1,-1,-1,1,1,1,-1,1,1,0.0,-68.98414884725507,1
276,-1,-1,-1,1,-1,-1,-1,1,1,-1,-1,1,-1,1,1,-1,1,-1,1,-1,-1,-1,1,1,1,1,-1,1,-1,-1,-1,-1,-1,-1,-1,-1,-1,1,-1,-1,0.0,-68.98302977027495,1
277,-1,-1,1,-1,-1,1,-1,-1,1,1,-1,1,1,1,1,-1,1,1,-1,1,-1,-1,1,1,1,1,1,1,-1,-1,1,-1,-1,-1,1,1,1,-1,1,1,0.0,-68.96383088417875,2
278,1,1,1,-1,1,1,1,-1,-1,1,-1,-1,1,-1,-1,1,-1,-1,1,1,1,1,-1,1,1,-1,1,1,1,1,1,1,1,1,1,1,1,-1,1,1,0.0,-68.9527811291848,1
279,1,1,1,-1,-1,1,1,-1,1,1,1,-1,-1,-1,1,-1,1,-1,1,1,1,1,-1,-1,-1,-1,-1,1,1,1,1,-1,-1,1,1,1,1,-1,-1,-1,0.0,-68.92376143401214,1
280,-1,-1,1,-1,1,1,1,1,-1,1,-1,1,1,1,-1,1,1,1,-1,-1,-1,-1,1,1,-1,1,1,-1,-1,-1,-1,1,1,1,1,1,1,-1,-1,-1,0.0,-68.91989574599361,1
281,1,1,1,1,-1,1,1,-1,-1,1,1,-1,-1,-1,-1,1,-1,1,1,-1,1,1,-1,-1,-1,-1,-1,-1,1,1,1,1,-1,1,1,1,-1,1,1,1,0.0,-68.90794541864167,2
282,1,1,1,-1,-1,1,1,-1,-1,1,-1,-1,1,-1,-1,1,1,-1,-1,1,1,1,-1,-1,1,-1,1,-1,1,1,1,1,-1,1,1,1,1,-1,-1,-1,0.0,-68.90678623098043,1
283,1,1,1,-1,1,1,1,-1,-1,1,1,1,1,1,-1,1,-1,1,-1,-1,-1,-1,1,1,-1,-1,1,-1,-1,-1,-1,1,1,1,1,1,1,-1,1,1,0.0,-68.90299342515259,3
284,-1,-1,1,-1,-1,1,-1,-1,1,1,-1,1,1,1,1,-1,-1,1,-1,1,-1,-1,1,-1,1,1,1,1,-1,-1,1,-1,-1,-1,1,1,1,-1,1,1,0.0,-68.87179420627845,1
285,-1,-1,1,1,-1,1,-1,-1,1,1,-1,1,1,1,1,-1,-1,1,-1,1,-1,-1,1,1,1,1,1,1,-1,-1,1,-1,-1,-1,1,1,-1,1,1,1,0.0,-68.85185011641306,1
286,1,1,1,-1,1,1,1,-1,-1,1,-1,-1,-1,-1,-1,1,1,-1,1,-1,1,1,-1,-1,1,-1,1,-1,1,1,1,1,1,1,1,1,1,-1,-1,-1,0.0,-68.8321732910325,1
287,1,1,1,-1,-1,1,-1,-1,1,1,-1,-1,-1,-1,1,-1,-1,-1,1,1,1,1,-1,1,1,-1,-1,1,1,1,1,-1,-1,1,1,1,1,-1,-1,-1,0.0,-68.81290457857425,1
288,1,1,1,-1,-1,1,1,-1,-1,1,-1,-1,-1,-1,-1,1,1,-1,1,1,1,1,-1,-1,1,-1,1,-1,1,1,1,1,-1,1,1,1,1,-1,-1,-1,0.0,-68.80599744808326,1
289,1,1,1,-1,1,1,-1,-1,1,1,-1,-1,-1,-1,1,-1,-1,-1,1,-1,1,1,-1,1,1,-1,-1,1,1,1,1,-1,-1,-1,1,1,1,-1,-1,-1,0.0,-68.78757332890521,1
290,1,1,1,1,-1,1,1,-1,-1,1,-1,-1,-1,-1,1,1,1,-1,1,-1,1,1,-1,-1,-1,-1,-1,-1,1,1,1,1,-1,1,1,1,-1,1,-1,-1,0.0,-68.78502631084969,1
291,1,1,1,-1,-1,1,-1,-1,1,1,1,-1,-1,-1,1,-1,1,-1,1,-1,1,1,-1,-1,1,-1,-1,1,1,1,1,-1,-1,1,1,1,1,-1,-1,-1,0.0,-68.78194580912113,1
292,1,1,1,-1,-1,1,1,-1,-1,1,-1,-1,1,-1,1,1,-1,-1,1,1,1,1,-1,1,1,-1,1,1,1,1,1,1,-1,1,1,1,1,-1,-1,-1,0.0,-68.77220993603069,1
293,-1,-1,-1,1,-1,-1,-1,1,1,-1,-1,1,1,1,-1,-1,1,1,-1,1,-1,-1,1,1,-1,1,1,1,-1,-1,-1,-1,-1,-1,-1,-1,-1,1,1,1,0.0,-68.76353355464582,1
294,-1,-1,-1,1,-1,-1,-1,-1,1,-1,-1,-1,-1,-1,1,-1,1,-1,1,-1,1,1,-1,-1,1,1,-1,1,1,1,1,-1,-1,-1,-1,-1,-1,1,-1,-1,0.0,-68.75563533798353,1
295,1,1,1,-1,1,1,1,-1,-1,1,-1,-1,1,-1,-1,1,-1,1,-1,-1,1,1,-1,1,1,-1,1,-1,-1,-1,1,1,1,1,1,1,1,-1,1,1,0.0,-68.73854879635388,1
296,-1,-1,-1,1,-1,-1,-1,-1,1,1,-1,1,1,1,1,-1,-1,1,-1,1,-1,-1,1,1,1,1,1,1,-1,-1,1,-1,-1,-1,-1,-1,-1,1,1,1,0.0,-68.68706124666258,2
297,-1,-1,-1,1,-1,-1,-1,1,1,-1,1,1,1,1,1,-1,1,1,1,-1,-1,-1,1,1,-1,1,-1,1,-1,-1,-1,-1,1,-1,-1,-1,-1,1,1,1,0.0,-68.68284054247333,1
298,1,1,1,-1,-1,1,-1,-1,1,1,-1,-1,-1,-1,1,-1,-1,1,1,1,1,1,-1,-1,1,-1,-1,1,1,1,1,-1,-1,-1,1,1,1,-1,1,1,0.0,-68.67138594405256,2
299,-1,-1,-1,1,-1,-1,-1,1,1,1,-1,1,1,1,1,-1,1,1,-1,1,-1,-1,1,1,1,1,1,1,-1,-1,-1,-1,-1,-1,-1,-1,-1,1,1,1,0.0,-68.66198541191221,2
300,-1,-1,-1,1,1,-1,-1,1,-1,-1,1,1,1,1,-1,1,-1,1,-1,-1,-1,-1,1,-1,-1,1,1,-1,-1,-1,-1,1,1,-1,-1,-1,-1,1,1,1,0.0,-68.64415452367163,1
301,1,1,1,-1,1,1,1,-1,-1,1,-1,-1,-1,-1,-1,1,-1,1,1,-1,1,1,-1,1,1,-1,-1,-1,1,1,1,1,1,1,1,1,1,-1,1,1,0.0,-68.63645597030742,2
302,1,1,1,-1,-1,1,1,-1,-1,1,1,-1,-1,-1,-1,1,1,-1,1,1,-1,1,-1,-1,-1,-1,-1,-1,1,1,1,1,-1,1,1,1,1,-1,-1,-1,0.0,-68.6215375713888,1
303,1,1,-1,1,1,-1,1,1,-1,-1,1,-1,-1,-1,-1,1,1,-1,1,1,1,1,-1,-1,-1,-1,-1,-1,1,1,-1,1,1,1,-1,-1,-1,1,-1,-1,0.0,-68.61590175444972,1
304,-1,-1,-1,1,1,-1,-1,1,1,-1,-1,1,1,1,1,-1,1,1,-1,1,-1,-1,1,1,1,1,1,1,-1,-1,-1,-1,1,-1,-1,-1,-1,1,-1,1,0.0,-68.61533876070875,2
305,-1,-1,-1,1,-1,-1,-1,1,1,-1,1,1,1,1,-1,-1,-1,1,-1,-1,-1,-1,1,-1,1,1,1,1,-1,-1,-1,-1,1,-1,-1,-1,-1,1,1,1,0.0,-68.60733267265172,1
306,1,1,1,-1,-1,1,1,-1,-1,1,1,-1,1,-1,-1,1,-1,1,-1,-1,1,1,-1,-1,-1,-1,1,-1,-1,-1,1,1,-1,1,1,1,1,-1,1,1,0.0,-68.59472062744022,1
307,1,1,1,-1,-1,1,-1,-1,1,1,-1,-1,-1,-1,1,-1,-1,1,1,-1,1,1,-1,1,1,-1,-1,1,1,1,1,-1,-1,-1,1,1,1,-1,1,1,0.0,-68.58750332143566,2
308,-1,-1,-1,1,1,-1,-1,1,1,-1,1,1,1,1,1,-1,-1,1,-1,-1,-1,-1,1,-1,1,1,-1,-1,-1,-1,-1,-1,1,-1,-1,-1,-1,1,1,1,0.0,-68.58175005126373,1
309,-1,-1,1,-1,-1,1,-1,-1,1,1,-1,1,1,1,1,-1,1,1,-1,1,-1,-1,1,1,1,1,1,1,-1,-1,1,-1,-1,-1,1,1,1,-1,-1,-1,0.0,-68.5467917115198,1
310,1,1,1,-1,1,1,1,-1,-1,1,-1,-1,1,-1,-1,1,-1,1,1,1,1,1,-1,-1,1,-1,1,1,1,1,1,1,1,1,1,1,1,-1,1,1,0.0,-68.533665605035,1
311,1,1,1,-1,-1,1,-1,-1,1,1,-1,-1,-1,-1,1,1,1,-1,1,1,1,1,-1,1,1,-1,-1,1,1,1,1,-1,-1,-1,1,1,1,-1,-1,-1,0.0,-68.49140520820734,1
312,-1,-1,-1,1,1,-1,-1,1,1,1,-1,1,1,1,1,-1,-1,1,-1,1,-1,-1,1,1,1,1,1,1,-1,-1,-1,-1,1,-1,-1,-1,-1,1,1,1,0.0,-68.47929478298813,1
313,-1,-1,-1,1,-1,-1,1,1,-1,-1,1,1,1,1,-1,1,1,1,-1,1,-1,-1,1,1,-1,1,1,-1,-1,-1,-1,1,1,1,-1,-1,-1,1,1,1,0.0,-68.47481042570269,1
314,1,1,1,-1,1,1,-1,-1,1,1,-1,-1,-1,-1,1,-1,-1,-1,1,-1,1,1,-1,-1,1,-1,-1,1,1,1,1,-1,-1,-1,1,1,1,-1,-1,-1,0.0,-68.47481042570269,1
315,-1,-1,1,-1,-1,1,-1,-1,1,1,-1,1,1,1,-1,-1,1,1,-1,1,-1,-1,1,1,1,1,1,1,-1,-1,1,-1,-1,1,1,1,1,-1,1,1,0.0,-68.45732360775291,1
316,-1,-1,-1,1,-1,-1,1,1,-1,-1,1,1,1,1,-1,1,1,1,-1,-1,-1,-1,1,-1,-1,1,1,-1,-1,-1,-1,1,1,1,-1,-1,-1,1,-1,-1,0.0,-68.45301234375408,1
317,-1,-1,-1,1,-1,-1,-1,1,1,-1,-1,1,-1,1,1,-1,-1,1,1,-1,-1,-1,1,1,-1,1,-1,1,-1,-1,-1,-1,-1,-1,-1,-1,-1,1,1,1,0.0,-68.44725110264329,1
318,1,1,1,-1,1,1,1,-1,-1,1,1,-1,1,-1,-1,1,1,-1,-1,1,1,1,-1,-1,1,-1,1,-1,1,1,1,1,1,1,1,1,1,-1,-1,-1,0.0,-68.44725110264329,1
319,-1,-1,-1,1,-1,-1,-1,1,1,1,-1,1,1,1,1,-1,-1,1,-1,1,-1,-1,1,1,1,1,1,1,-1,-1,1,-1,-1,-1,-1,-1,-1,1,1,1,0.0,-68.43777380801224,1
320,1,1,1,-1,1,1,1,-1,-1,1,-1,-1,1,-1,-1,1,-1,1,-1,-1,1,1,-1,-1,1,-1,1,-1,-1,-1,1,1,1,1,1,1,1,-1,1,1,0.0,-68.42578589315136,1
321,1,1,1,1,-1,1,-1,-1,1,1,-1,-1,-1,-1,1,-1,1,-1,1,1,1,1,-1,1,1,-1,-1,1,1,1,1,-1,-1,-1,1,1,1,1,-1,-1,0.0,-68.40614870331021,1
322,-1,-1,1,-1,-1,1,-1,-1,1,1,-1,1,1,1,1,-1,-1,1,-1,1,1,-1,1,1,1,1,1,1,-1,-1,1,-1,-1,-1,1,1,1,-1,1,1,0.0,-68.38997960528297,1
323,1,1,1,-1,1,1,1,-1,-1,1,1,-1,1,-1,-1,1,-1,1,-1,-1,1,1,-1,1,-1,-1,1,-1,-1,-1,1,1,1,1,1,1,1,-1,1,1,0.0,-68.38821867569524,1
324,1,1,1,-1,-1,1,1,-1,-1,1,1,-1,-1,-1,-1,1,-1,1,1,-1,1,1,-1,-1,-1,-1,-1,-1,1,1,1,1,-1,1,1,1,1,1,1,1,0.0,-68.37500084137432,1
325,1,1,-1,1,-1,-1,-1,-1,1,1,-1,-1,-1,-1,1,-1,1,-1,1,1,1,1,-1,1,1,-1,-1,1,1,1,1,-1,-1,1,-1,-1,-1,1,-1,-1,0.0,-68.3620257356012,1
326,1,1,1,-1,1,1,-1,-1,1,1,-1,-1,-1,-1,1,-1,-1,1,1,1,1,1,-1,1,1,-1,-1,1,1,1,1,-1,-1,-1,1,1,1,-1,1,1,0.0,-68.34665972280676,2
327,-1,-1,-1,1,-1,-1,-1,1,1,-1,-1,1,-1,1,1,-1,1,-1,1,1,-1,-1,1,1,1,1,-1,1,1,1,-1,-1,1,-1,-1,-1,-1,1,-1,-1,0.0,-68.34021244800311,1
328,1,1,1,-1,-1,1,1,-1,1,1,-1,-1,-1,-1,1,-1,1,-1,1,1,1,1,-1,-1,1,-1,-1,1,1,1,1,-1,-1,1,1,1,1,-1,-1,-1,0.0,-68.3313916204691,1
329,-1,-1,1,-1,1,1,-1,-1,1,1,-1,1,1,1,1,-1,1,1,-1,1,-1,-1,1,1,1,1,1,1,-1,-1,1,-1,-1,-1,1,1,1,-1,1,1,0.0,-68.32634175973043,1
330,-1,-1,-1,1,-1,-1,-1,-1,1,-1,-1,-1,-1,-1,1,-1,1,-1,1,-1,1,1,-1,1,1,1,-1,1,1,1,1,-1,-1,-1,-1,-1,-1,1,-1,-1,0.0,-68.32606130377509,1
331,-1,-1,1,-1,-1,1,-1,-1,1,1,-1,1,1,1,1,-1,-1,1,-1,1,-1,-1,1,1,1,1,1,1,-1,-1,1,-1,-1,-1,1,1,1,1,1,1,0.0,-68.3189055391457,1
332,-1,-1,-1,1,-1,-1,-1,1,1,-1,1,1,1,1,-1,-1,-1,1,-1,1,-1,-1,1,-1,-1,1,-1,1,-1,-1,-1,-1,1,-1,-1,-1,-1,1,1,1,0.0,-68.29281764898485,1
333,1,1,1,-1,-1,1,-1,-1,1,1,-1,-1,-1,-1,1,-1,-1,1,1,-1,1,1,-1,-1,1,-1,-1,1,1,1,1,-1,-1,-1,1,1,1,-1,1,1,0.0,-68.27474041823315,2
334,1,1,1,-1,-1,1,-1,-1,-1,1,-1,-1,-1,-1,1,1,1,-1,-1,1,1,1,-1,1,1,-1,1,-1,1,1,1,1,-1,1,1,1,1,-1,-1,-1,0.0,-68.27147588643929,1
335,-1,-1,1,-1,1,1,1,-1,-1,1,1,1,1,1,-1,1,1,1,-1,-1,-1,-1,1,-1,-1,1,1,-1,-1,-1,-1,1,1,1,1,1,1,-1,1,1,0.0,-68.26459248274624,1
336,-1,-1,-1,1,1,-1,-1,1,1,-1,1,1,1,1,-1,-1,-1,1,-1,1,-1,-1,1,1,-1,1,-1,1,-1,-1,-1,-1,1,-1,-1,-1,-1,1,1,1,0.0,-68.23456292521945,1
337,1,1,1,-1,-1,1,1,-1,-1,1,1,-1,-1,-1,-1,1,1,-1,1,-1,1,1,-1,-1,-1,-1,-1,-1,1,1,1,1,-1,1,1,1,-1,1,-1,-1,0.0,-68.23327359727625,1
338,1,1,1,-1,1,1,1,-1,-1,1,1,-1,1,-1,1,1,1,-1,-1,1,1,1,-1,1,-1,-1,1,-1,1,1,1,1,1,1,1,1,1,-1,-1,-1,0.0,-68.17967473625383,1
339,1,1,1,-1,1,1,1,-1,-1,-1,1,-1,-1,-1,-1,1,-1,1,1,-1,1,1,-1,-1,-1,-1,-1,-1,1,1,1,1,1,1,1,1,1,-1,1,1,0.0,-68.13859361830596,1
340,1,1,1,-1,-1,1,1,-1,-1,1,1,-1,-1,-1,-1,1,1,-1,1,1,1,1,-1,-1,1,-1,-1,-1,1,1,1,1,-1,1,1,1,1,-1,-1,-1,0.0,-68.13621838904666,1
341,-1,-1,-1,1,1,-1,-1,1,1,-1,-1,1,1,1,1,-1,-1,1,-1,-1,-1,-1,1,1,-1,1,1,1,-1,-1,-1,-1,1,-1,-1,-1,-1,1,1,1,0.0,-68.13621838904666,1
342,-1,-1,-1,1,-1,-1,-1,1,1,-1,1,1,-1,1,-1,-1,1,1,-1,-1,-1,-1,1,-1,-1,1,-1,-1,-1,-1,-1,-1,-1,-1,-1,-1,-1,1,1,1,0.0,-68.13511015211667,1
343,-1,-1,-1,1,1,-1,-1,1,1,-1,-1,1,-1,1,1,-1,1,1,-1,1,-1,-1,1,1,1,1,1,1,-1,-1,-1,-1,1,-1,-1,-1,-1,1,1,1,0.0,-68.12695836156942,1
344,1,1,1,-1,-1,1,-1,-1,1,1,-1,-1,-1,-1,1,-1,1,-1,1,1,1,1,-1,1,1,-1,1,1,1,1,1,-1,-1,-1,1,1,1,1,-1,-1,0.0,-68.11662521392718,1
345,1,1,1,1,-1,1,-1,-1,1,1,-1,-1,-1,-1,1,-1,1,-1,1,1,1,1,-1,-1,1,-1,-1,1,1,1,1,-1,-1,-1,1,1,1,1,-1,-1,0.0,-68.09338580010768,1
346,1,1,-1,1,-1,-1,-1,-1,1,-1,1,-1,-1,-1,1,-1,-1,-1,1,-1,1,1,-1,-1,1,-1,-1,-1,1,1,1,-1,-1,-1,-1,-1,-1,1,-1,-1,0.0,-68.09075894089786,1
347,1,1,1,-1,1,1,1,-1,-1,1,1,-1,1,-1,-1,1,1,1,-1,1,1,1,-1,-1,-1,-1,1,-1,-1,-1,1,1,1,1,1,1,1,-1,1,1,0.0,-68.08360982777613,1
348,1,1,1,1,-1,1,-1,-1,1,1,-1,-1,-1,-1,1,-1,-1,-1,1,1,1,1,-1,1,1,-1,-1,1,1,1,1,-1,-1,-1,1,1,-1,1,-1,-1,0.0,-68.08116575196536,1
349,1,1,1,-1,1,1,1,-1,-1,1,1,1,1,1,-1,1,-1,1,-1,1,-1,-1,1,-1,-1,-1,1,-1,-1,-1,-1,1,1,1,1,1,1,-1,1,1,0.0,-68.07677386512476,1
350,-1,-1,-1,1,-1,-1,-1,1,1,-1,1,1,1,1,1,-1,1,1,1,-1,1,-1,1,1,1,1,-1,1,-1,-1,-1,-1,-1,-1,-1,-1,-1,1,1,1,0.0,-68.07457390138616,1
351,-1,-1,-1,-1,-1,-1,-1,1,1,-1,-1,1,1,1,1,-1,-1,1,-1,1,1,-1,1,1,1,1,1,1,-1,-1,-1,-1,-1,-1,-1,-1,1,-1,1,1,0.0,-68.05774946894681,1
352,1,1,1,1,-1,1,1,-1,-1,1,1,-1,1,-1,-1,1,1,-1,1,-1,1,1,-1,-1,-1,-1,-1,-1,1,1,1,1,-1,1,1,1,-1,1,-1,-1,0.0,-68.01497759380376,1
353,-1,-1,-1,-1,1,-1,-1,1,1,-1,-1,1,-1,1,1,-1,-1,1,-1,1,-1,-1,1,1,1,1,1,1,-1,-1,-1,-1,1,-1,-1,-1,1,-1,1,1,0.0,-68.01497759380376,1
354,1,1,1,-1,-1,1,-1,-1,1,1,-1,-1,-1,-1,1,-1,1,-1,1,-1,1,1,-1,-1,1,-1,-1,-1,1,1,1,-1,-1,1,1,1,1,-1,-1,-1,0.0,-68.01389412661142,1
355,-1,-1,-1,1,-1,-1,-1,-1,1,1,-1,1,1,1,-1,-1,-1,1,-1,1,-1,-1,1,1,1,1,1,1,-1,-1,1,-1,-1,1,-1,-1,-1,1,1,1,0.0,-68.00644476477986,1
356,1,1,1,1,-1,1,-1,-1,1,1,-1,-1,-1,-1,1,-1,1,-1,1,-1,1,1,-1,-1,1,-1,-1,1,1,1,1,-1,-1,1,1,1,-1,1,-1,-1,0.0,-67.99151538178666,1
357,1,1,1,-1,-1,1,1,-1,-1,1,-1,-1,1,-1,-1,1,-1,1,1,1,1,1,-1,1,-1,-1,1,1,1,1,1,1,-1,1,1,1,1,-1,1,1,0.0,-67.97986490635755,1
358,-1,-1,1,-1,1,1,-1,-1,1,1,-1,1,1,1,1,-1,-1,1,-1,-1,-1,-1,1,1,1,1,1,1,-1,-1,1,-1,-1,-1,1,1,1,-1,1,1,0.0,-67.97841263000142,1
359,1,1,1,-1,-1,1,-1,-1,1,1,-1,-1,-1,-1,1,-1,-1,1,1,1,1,1,-1,1,1,-1,-1,1,1,1,1,-1,-1,1,1,1,1,-1,1,1,0.0,-67.97534544665638,1
360,1,1,1,-1,-1,1,1,-1,-1,1,1,-1,-1,-1,-1,1,-1,1,1,-1,1,1,-1,-1,1,-1,-1,-1,1,1,1,1,-1,1,1,1,1,-1,1,1,0.0,-67.96075572516942,1
361,-1,-1,1,-1,1,1,1,1,-1,1,1,1,1,1,-1,-1,1,1,-1,-1,-1,-1,1,-1,-1,1,1,-1,-1,-1,-1,1,1,1,1,1,1,-1,1,1,0.0,-67.95511272963228,1
362,-1,-1,-1,1,-1,-1,1,1,-1,-1,1,1,1,1,-1,1,1,-1,-1,1,-1,-1,1,-1,-1,1,1,-1,-1,-1,-1,1,1,1,-1,-1,-1,1,-1,-1,0.0,-67.95001419698735,1
363,1,1,1,-1,-1,1,-1,-1,1,1,-1,-1,-1,-1,1,-1,-1,1,1,1,1,1,-1,-1,1,-1,-1,1,-1,1,1,-1,-1,-1,1,1,1,-1,1,1,0.0,-67.93115097178334,1
364,1,1,1,-1,-1,1,-1,-1,1,1,-1,-1,-1,-1,1,-1,-1,1,1,1,1,1,-1,1,1,-1,1,1,1,1,1,-1,-1,-1,1,1,1,-1,1,1,0.0,-67.92399142704232,2
365,1,1,-1,1,-1,-1,-1,-1,1,1,-1,-1,-1,-1,1,-1,-1,-1,1,1,1,1,-1,1,1,-1,-1,1,1,1,1,-1,-1,-1,-1,-1,-1,1,-1,-1,0.0,-67.91637688221488,1
366,-1,-1,1,-1,1,1,-1,-1,1,1,-1,1,1,1,1,-1,-1,1,-1,1,-1,-1,1,1,1,1,1,1,-1,-1,1,-1,-1,1,1,1,1,-1,1,1,0.0,-67.91103762590325,1
367,-1,-1,1,-1,1,1,-1,-1,1,1,-1,1,1,1,1,-1,1,1,-1,1,-1,-1,1,1,1,1,1,1,-1,-1,1,-1,-1,-1,1,1,1,-1,-1,-1,0.0,-67.90930258707148,1
368,-1,-1,-1,-1,-1,-1,-1,1,1,-1,-1,1,1,1,-1,-1,-1,1,1,-1,-1,-1,1,1,1,1,-1,1,-1,-1,-1,-1,1,-1,-1,-1,1,-1,1,1,0.0,-67.88761355123474,1
369,-1,-1,1,-1,1,1,1,-1,-1,1,1,1,1,1,-1,1,1,1,-1,1,-1,-1,1,-1,-1,1,1,-1,-1,-1,-1,1,1,1,1,1,1,-1,1,1,0.0,-67.86794695692682,2
370,-1,-1,-1,1,-1,-1,-1,1,1,-1,-1,1,-1,1,1,-1,1,1,-1,-1,-1,-1,1,1,1,1,-1,-1,-1,-1,-1,-1,-1,-1,-1,-1,-1,1,-1,-1,0.0,-67.86359765369605,1
371,1,1,1,-1,-1,1,1,-1,-1,1,1,-1,1,-1,-1,1,-1,1,-1,-1,1,1,-1,-1,-1,-1,-1,-1,-1,-1,1,1,-1,1,1,1,1,-1,1,1,0.0,-67.86034468135547,1
372,-1,-1,-1,-1,1,-1,-1,1,1,-1,1,1,1,1,1,-1,1,1,1,-1,-1,-1,1,1,1,1,-1,1,-1,-1,-1,-1,1,-1,-1,-1,1,-1,1,1,0.0,-67.8443390784201,1
373,-1,-1,-1,-1,-1,-1,-1,1,1,-1,1,1,1,1,-1,-1,-1,1,1,-1,-1,-1,1,1,1,1,-1,1,-1,-1,-1,-1,1,-1,-1,-1,1,-1,1,1,0.0,-67.82104552820653,1
374,-1,-1,1,-1,1,1,-1,-1,1,1,-1,1,1,1,1,-1,1,-1,-1,1,-1,-1,1,1,1,1,1,1,-1,-1,1,-1,-1,-1,1,1,1,-1,-1,-1,0.0,-67.80294996612417,1
375,1,1,1,-1,-1,1,-1,-1,1,1,-1,-1,1,-1,1,-1,-1,1,1,1,1,1,-1,1,1,-1,1,1,-1,1,1,-1,-1,-1,1,1,1,-1,1,1,0.0,-67.7879407831884,3
376,1,1,1,-1,-1,1,1,-1,-1,-1,1,-1,-1,-1,1,1,-1,-1,1,-1,1,1,-1,-1,-1,-1,-1,-1,1,1,1,1,-1,1,1,1,1,-1,-1,-1,0.0,-67.76721914333038,1
377,1,1,-1,1,-1,-1,1,1,-1,-1,1,-1,-1,-1,1,1,1,-1,1,-1,1,1,-1,-1,-1,-1,-1,-1,1,1,-1,1,1,1,-1,-1,-1,1,-1,-1,0.0,-67.74247914333796,1
378,1,1,-1,-1,-1,1,-1,-1,1,1,-1,-1,-1,-1,1,-1,1,-1,1,-1,1,1,-1,1,1,-1,-1,1,1,1,1,-1,-1,-1,1,-1,1,-1,-1,-1,0.0,-67.72666033716379,1
379,1,1,1,-1,-1,1,-1,-1,1,1,1,-1,-1,-1,1,-1,-1,1,1,1,1,1,-1,-1,1,-1,-1,1,1,1,1,-1,-1,-1,1,1,1,-1,1,1,0.0,-67.72127414417943,2
380,1,1,1,-1,-1,1,1,-1,-1,-1,1,-1,-1,-1,1,1,1,-1,1,-1,1,1,-1,1,-1,-1,-1,-1,1,1,1,1,-1,1,1,1,1,-1,-1,-1,0.0,-67.6751824654301,1
381,1,1,1,-1,1,1,1,-1,-1,1,1,-1,1,-1,-1,1,-1,1,-1,-1,1,1,-1,1,-1,-1,-1,-1,-1,-1,1,1,1,1,1,1,1,-1,1,1,0.0,-67.65384272961049,1
382,1,1,1,-1,1,1,-1,-1,1,1,-1,-1,-1,-1,1,-1,-1,1,1,-1,1,1,-1,-1,1,-1,-1,1,1,1,1,-1,-1,-1,1,1,1,-1,1,1,0.0,-67.63725129378483,1
383,-1,-1,-1,-1,1,-1,-1,1,1,-1,1,1,1,1,1,-1,1,-1,1,-1,-1,-1,1,-1,1,1,-1,1,-1,-1,-1,-1,1,-1,-1,-1,1,-1,-1,-1,0.0,-67.63371018801638,1
384,1,1,1,1,-1,1,-1,-1,1,1,-1,-1,-1,-1,1,-1,1,-1,1,-1,1,1,-1,1,1,-1,-1,-1,1,1,1,-1,-1,-1,1,1,-1,1,-1,-1,0.0,-67.59491820320505,1
385,1,1,1,1,1,1,1,-1,-1,1,-1,-1,1,-1,-1,1,1,-1,1,1,1,1,-1,1,-1,-1,1,1,1,1,1,1,1,1,1,1,-1,1,-1,-1,0.0,-67.59153946779278,1
386,1,1,1,-1,-1,1,-1,-1,1,1,1,-1,-1,-1,1,-1,1,-1,1,1,1,1,-1,-1,1,-1,-1,-1,1,1,1,-1,-1,-1,1,1,1,-1,-1,-1,0.0,-67.58661631719778,1
387,1,1,1,-1,-1,1,-1,-1,1,1,-1,-1,-1,-1,1,-1,-1,1,1,-1,1,1,-1,1,1,-1,-1,1,1,1,1,-1,-1,1,1,1,1,-1,1,1,0.0,-67.57869992083697,1
388,-1,-1,-1,1,-1,-1,-1,1,1,-1,1,1,1,1,1,-1,1,1,-1,-1,-1,-1,1,1,1,1,-1,1,-1,-1,-1,-1,1,-1,-1,-1,-1,1,1,1,0.0,-67.5704603929215,1
389,-1,-1,1,1,-1,1,-1,-1,1,1,-1,1,1,1,1,-1,-1,1,-1,1,-1,-1,1,1,1,1,1,1,-1,-1,1,-1,-1,-1,1,1,1,1,1,1,0.0,-67.54827160831599,1
390,1,1,1,1,-1,1,1,-1,-1,1,-1,-1,-1,-1,-1,1,1,-1,-1,1,1,1,-1,-1,1,-1,1,-1,1,1,1,1,-1,1,1,1,1,1,-1,-1,0.0,-67.52178944604769,1
391,1,1,1,-1,-1,1,-1,-1,1,1,-1,-1,1,-1,1,-1,-1,1,1,1,1,1,-1,-1,1,-1,1,1,-1,1,1,-1,-1,-1,1,1,1,-1,1,1,0.0,-67.47517787998592,1
392,1,1,1,-1,-1,1,-1,-1,1,1,-1,-1,1,-1,1,-1,-1,1,1,1,1,1,-1,1,1,-1,-1,1,-1,1,1,-1,-1,-1,1,1,1,-1,1,1,0.0,-67.46230107588703,1
393,-1,-1,-1,1,1,-1,-1,1,1,-1,1,1,-1,1,1,-1,1,1,-1,-1,-1,-1,1,-1,-1,1,-1,-1,-1,-1,-1,-1,1,-1,-1,-1,-1,1,-1,-1,0.0,-67.43868494358757,1
394,1,1,1,1,-1,1,1,-1,-1,1,-1,-1,1,-1,-1,1,1,-1,1,1,1,1,-1,-1,1,-1,1,1,1,1,1,1,-1,1,1,1,-1,1,-1,-1,0.0,-67.43098044527834,1
395,1,1,1,-1,1,1,1,-1,-1,1,1,-1,1,-1,-1,1,-1,1,-1,-1,1,1,-1,-1,1,-1,1,-1,-1,-1,1,1,1,1,1,1,1,-1,1,1,0.0,-67.42108489235763,1
396,1,1,-1,-1,-1,1,-1,-1,1,1,-1,-1,-1,-1,1,-1,1,-1,1,-1,1,1,-1,-1,1,-1,-1,1,1,1,1,-1,-1,-1,1,-1,1,-1,-1,-1,0.0,-67.41389743396127,1
397,1,1,-1,1,-1,-1,-1,-1,1,-1,-1,-1,1,-1,1,-1,-1,1,1,-1,1,1,-1,-1,1,-1,-1,1,-1,1,1,-1,-1,-1,-1,-1,-1,1,1,1,0.0,-67.40045511551955,1
398,1,1,1,-1,-1,1,-1,-1,1,1,-1,-1,-1,-1,1,-1,-1,-1,1,-1,1,1,-1,-1,1,-1,-1,1,1,1,1,-1,-1,1,1,1,1,-1,1,1,0.0,-67.37228963858178,1
399,1,1,1,1,-1,1,-1,-1,1,1,-1,-1,-1,-1,1,-1,-1,-1,1,1,1,1,-1,1,1,-1,-1,1,1,1,1,-1,-1,-1,1,1,-1,1,1,1,0.0,-67.3499592409948,1
400,-1,-1,-1,1,-1,-1,-1,1,1,-1,-1,1,-1,1,1,-1,1,1,-1,-1,-1,-1,1,1,1,1,-1,1,-1,-1,-1,-1,-1,-1,-1,-1,-1,1,-1,-1,0.0,-67.32946965795315,1
401,1,1,1,-1,-1,1,-1,-1,1,1,1,-1,-1,-1,1,-1,-1,1,1,-1,1,1,-1,-1,1,-1,-1,1,1,1,1,-1,-1,-1,1,1,1,-1,1,1,0.0,-67.32462861836002,1
402,-1,-1,-1,1,-1,-1,-1,1,1,-1,1,1,1,1,1,-1,-1,1,-1,1,-1,-1,1,1,1,1,1,-1,-1,-1,-1,-1,-1,-1,-1,-1,-1,1,1,1,0.0,-67.27841730677214,1
403,-1,-1,-1,-1,-1,1,-1,-1,1,1,-1,1,1,1,1,-1,-1,1,-1,1,-1,-1,1,1,1,1,1,1,-1,-1,1,-1,-1,-1,1,-1,1,-1,1,1,0.0,-67.26542876798898,1
404,-1,-1,-1,1,-1,-1,1,1,1,-1,-1,1,1,1,-1,-1,-1,1,-1,1,-1,-1,1,1,-1,1,1,1,-1,-1,-1,-1,1,-1,-1,-1,-1,1,1,1,0.0,-67.25100360066487,1
405,-1,-1,1,-1,-1,1,-1,-1,1,1,-1,1,1,1,1,-1,1,1,-1,1,-1,-1,1,-1,1,1,1,1,-1,-1,1,-1,-1,-1,1,1,1,-1,1,1,0.0,-67.24323274683654,2
406,1,1,1,-1,-1,1,-1,-1,1,1,-1,-1,-1,-1,1,-1,-1,1,1,1,1,1,-1,1,1,-1,-1,1,-1,1,1,-1,-1,1,1,1,1,-1,1,1,0.0,-67.23511047438716,1
407,1,1,1,-1,-1,1,-1,-1,1,1,-1,-1,-1,-1,1,-1,1,-1,1,1,1,1,-1,1,1,-1,-1,1,1,1,1,-1,-1,-1,1,-1,1,-1,-1,-1,0.0,-67.22714472291626,1
408,1,1,-1,-1,-1,-1,-1,-1,1,-1,1,-1,-1,-1,1,-1,1,-1,1,1,1,1,-1,-1,1,-1,-1,1,1,1,1,-1,-1,-1,-1,-1,1,-1,-1,-1,0.0,-67.22528883919594,1
409,1,1,-1,1,-1,-1,-1,-1,1,1,-1,-1,-1,-1,1,-1,-1,-1,1,-1,1,1,-1,-1,1,-1,-1,1,1,1,1,-1,-1,-1,-1,-1,-1,1,-1,-1,0.0,-67.20696845319294,1
410,1,1,1,-1,-1,1,-1,-1,1,1,1,-1,-1,-1,1,-1,-1,-1,1,-1,1,1,-1,-1,1,-1,-1,-1,1,1,1,-1,-1,-1,1,1,1,-1,1,1,0.0,-67.20333893595627,1
411,1,1,1,-1,1,1,1,-1,-1,1,-1,-1,1,-1,-1,1,1,-1,1,1,1,1,-1,-1,1,-1,-1,1,1,1,1,1,1,1,1,1,1,-1,-1,-1,0.0,-67.19180122950212,1
412,1,1,-1,1,-1,-1,-1,1,1,-1,1,-1,-1,-1,1,-1,1,-1,1,1,1,1,-1,-1,1,-1,-1,1,1,1,-1,-1,-1,-1,-1,-1,-1,1,-1,-1,0.0,-67.18507021452074,1
413,1,1,1,-1,-1,1,-1,-1,1,1,-1,-1,-1,-1,1,-1,-1,1,1,1,1,1,-1,1,1,-1,1,1,-1,1,1,-1,-1,-1,1,1,1,-1,1,1,0.0,-67.18375645477312,1
414,1,1,1,-1,-1,1,1,-1,-1,1,-1,-1,1,-1,-1,1,-1,-1,-1,1,1,1,-1,1,1,-1,1,-1,1,1,1,1,-1,1,1,1,1,-1,1,1,0.0,-67.17394850208208,1
415,1,1,1,-1,-1,1,1,-1,-1,1,-1,-1,1,-1,-1,1,-1,1,-1,1,1,1,-1,-1,-1,-1,1,-1,-1,-1,1,1,-1,1,1,1,1,-1,1,1,0.0,-67.16257676545199,1
416,1,1,1,-1,1,1,-1,-1,1,1,-1,-1,1,-1,1,-1,-1,1,1,1,1,1,-1,1,1,-1,1,1,-1,1,1,-1,-1,-1,1,1,1,-1,1,1,0.0,-67.15045165874008,2
417,1,1,1,-1,-1,1,-1,-1,1,1,-1,-1,1,-1,1,-1,-1,1,1,1,1,1,-1,-1,1,-1,-1,1,-1,1,1,-1,-1,-1,1,1,1,-1,1,1,0.0,-67.14953817268447,1
418,1,1,-1,-1,1,1,1,-1,-1,1,1,-1,-1,-1,-1,1,-1,-1,1,-1,1,1,-1,-1,-1,-1,-1,-1,1,1,1,1,1,1,1,-1,1,-1,1,1,0.0,-67.13652383121624,1
419,-1,-1,-1,1,-1,-1,1,1,-1,-1,-1,1,1,1,-1,1,-1,1,-1,1,-1,-1,1,1,-1,1,1,-1,-1,-1,-1,1,1,-1,-1,-1,-1,1,1,1,0.0,-67.10939449200242,1
420,-1,-1,-1,1,-1,-1,-1,1,1,1,1,1,1,1,1,-1,-1,1,-1,1,-1,-1,1,1,1,1,1,1,-1,-1,-1,-1,-1,-1,-1,-1,-1,1,1,1,0.0,-67.09918869072982,1
421,1,1,1,-1,-1,1,-1,-1,1,1,1,-1,-1,-1,1,-1,-1,1,1,-1,1,1,-1,-1,1,-1,-1,-1,1,1,1,-1,-1,-1,1,1,1,-1,1,1,0.0,-67.09698631500893,1
422,1,1,1,-1,1,1,-1,-1,-1,1,-1,-1,-1,-1,1,1,1,-1,-1,1,1,1,-1,-1,1,-1,1,-1,1,1,1,1,-1,-1,1,1,1,-1,-1,-1,0.0,-67.09294367319376,1
423,1,1,1,-1,-1,1,1,-1,1,1,1,-1,1,-1,1,1,1,-1,1,-1,1,1,-1,-1,-1,-1,-1,1,1,1,1,1,-1,1,1,1,1,-1,-1,-1,0.0,-67.09165244855821,1
424,-1,-1,1,-1,1,1,1,1,-1,-1,1,1,1,1,-1,1,1,-1,-1,-1,-1,-1,1,-1,-1,1,1,-1,-1,-1,-1,1,1,1,1,1,1,-1,-1,-1,0.0,-67.078817750297,1
425,1,1,1,1,-1,1,1,-1,-1,1,-1,-1,-1,-1,-1,1,1,-1,1,1,1,1,-1,-1,1,-1,1,-1,1,1,1,1,-1,1,1,1,-1,1,-1,-1,0.0,-67.06545522087568,1
426,-1,-1,-1,1,-1,-1,-1,-1,1,1,-1,1,1,1,1,-1,1,1,-1,1,-1,-1,1,1,1,1,1,1,-1,-1,1,-1,-1,-1,-1,-1,-1,1,1,1,0.0,-67.05849978722067,1
427,1,1,1,-1,-1,-1,-1,-1,1,1,-1,-1,-1,-1,1,-1,1,-1,1,1,1,1,-1,1,1,-1,-1,1,1,1,1,-1,-1,-1,1,-1,1,-1,-1,-1,0.0,-67.04832048524314,1
428,-1,-1,-1,1,-1,-1,-1,1,1,-1,1,1,1,1,-1,-1,1,-1,1,-1,-1,-1,1,-1,1,1,-1,1,-1,-1,-1,-1,-1,-1,-1,-1,-1,1,-1,-1,0.0,-66.97783435982741,1
429,1,1,1,-1,-1,1,1,-1,-1,1,1,-1,1,-1,-1,1,1,1,-1,-1,1,1,-1,-1,-1,-1,1,-1,-1,-1,1,1,-1,1,1,1,1,-1,1,1,0.0,-66.96615916799828,1
430,1,1,1,-1,1,1,1,-1,-1,1,1,-1,1,-1,1,1,1,-1,1,1,1,1,-1,1,-1,-1,1,1,1,1,1,1,1,1,1,1,1,-1,-1,-1,0.0,-66.95388999872763,1
431,1,1,1,1,-1,-1,-1,-1,1,-1,-1,-1,-1,-1,1,-1,1,-1,1,-1,1,1,-1,-1,1,-1,-1,1,1,1,1,-1,-1,-1,-1,1,-1,1,-1,-1,0.0,-66.9406313459662,1
432,1,1,1,-1,-1,1,-1,-1,1,1,-1,-1,-1,-1,-1,-1,-1,-1,1,1,1,1,-1,1,1,-1,-1,1,1,1,1,-1,-1,1,1,1,1,-1,1,1,0.0,-66.93945156015523,1
433,1,1,1,-1,1,1,1,-1,-1,1,-1,-1,1,-1,1,1,1,-1,1,1,1,1,-1,1,-1,-1,-1,1,1,1,1,1,1,1,1,1,1,-1,-1,-1,0.0,-66.91738656669482,1
434,1,1,-1,1,-1,-1,-1,1,1,-1,-1,-1,-1,-1,1,-1,1,-1,1,1,1,1,-1,1,1,-1,-1,1,1,1,1,-1,-1,-1,-1,-1,1,1,-1,-1,0.0,-66.89683642449862,1
435,1,1,1,-1,-1,1,1,-1,-1,1,-1,-1,1,-1,-1,1,-1,-1,-1,1,1,1,-1,-1,1,-1,1,-1,1,1,1,1,-1,1,1,1,1,-1,1,1,0.0,-66.86118559887949,1
436,1,1,1,-1,1,1,-1,-1,1,1,-1,-1,1,-1,1,-1,-1,1,1,1,1,1,-1,-1,1,-1,1,1,-1,1,1,-1,-1,-1,1,1,1,-1,1,1,0.0,-66.83768875553761,1
437,-1,-1,1,1,-1,-1,-1,1,1,-1,1,1,1,1,1,-1,-1,1,1,-1,-1,-1,1,-1,-1,1,-1,1,-1,-1,-1,-1,-1,-1,-1,-1,-1,1,1,1,0.0,-66.83288692765275,1
438,1,1,1,-1,1,1,1,-1,-1,1,-1,-1,1,-1,-1,1,1,1,-1,-1,1,1,-1,-1,1,-1,1,-1,-1,-1,1,1,1,1,1,1,1,-1,1,1,0.0,-66.79722443370942,1
439,1,1,1,-1,1,1,1,-1,-1,1,-1,-1,-1,-1,1,1,-1,-1,-1,1,1,1,-1,-1,-1,-1,1,-1,1,1,1,1,1,1,1,1,1,-1,1,1,0.0,-66.77142407757223,1
440,1,1,1,-1,-1,1,1,-1,-1,1,1,-1,-1,-1,-1,1,-1,-1,1,-1,1,1,-1,1,1,-1,-1,-1,1,1,1,1,-1,1,1,1,1,-1,-1,-1,0.0,-66.76354938143344,1
441,-1,-1,-1,-1,-1,1,-1,-1,1,1,-1,1,1,1,-1,-1,-1,1,-1,1,-1,-1,1,1,1,1,1,1,-1,-1,1,-1,-1,1,1,-1,1,-1,1,1,0.0,-66.75892149156317,1
442,1,1,1,-1,-1,1,1,-1,1,1,1,-1,-1,-1,1,-1,1,-1,1,-1,1,1,-1,-1,1,-1,-1,-1,1,1,1,-1,-1,1,1,1,1,-1,-1,-1,0.0,-66.75699199142548,1
443,-1,-1,-1,1,1,-1,-1,1,-1,-1,-1,1,1,1,-1,1,-1,1,-1,1,-1,-1,1,1,-1,1,1,1,-1,-1,-1,1,1,-1,-1,-1,-1,1,1,1,0.0,-66.75699199142548,1
444,1,1,-1,-1,1,1,1,-1,-1,1,-1,-1,-1,-1,1,1,1,-1,-1,1,1,1,-1,-1,-1,-1,1,-1,1,1,1,1,-1,1,1,-1,1,-1,-1,-1,0.0,-66.74300778423911,1
445,-1,-1,1,-1,1,1,1,1,-1,1,-1,1,1,1,-1,1,1,1,-1,-1,1,-1,1,1,-1,1,1,-1,-1,-1,-1,1,1,1,1,1,1,-1,-1,-1,0.0,-66.71748300765591,1
446,-1,-1,-1,1,-1,-1,-1,1,1,-1,1,1,-1,1,1,-1,1,1,-1,-1,1,-1,1,-1,1,1,-1,-1,-1,-1,-1,-1,-1,-1,-1,-1,-1,1,-1,-1,0.0,-66.70453978876863,1
447,-1,-1,-1,-1,-1,-1,-1,1,1,-1,-1,1,1,1,1,-1,1,1,1,-1,-1,-1,1,1,1,1,-1,1,-1,-1,-1,-1,-1,-1,-1,-1,1,-1,-1,-1,0.0,-66.69413146438403,1
448,1,1,-1,-1,1,1,-1,-1,1,1,-1,-1,-1,-1,1,-1,1,-1,1,1,1,1,-1,-1,1,-1,-1,1,1,1,1,-1,-1,-1,1,-1,1,-1,-1,-1,0.0,-66.68564946110527,1
449,-1,-1,1,-1,1,1,1,1,-1,1,1,1,1,1,-1,1,1,-1,-1,1,-1,-1,1,-1,-1,1,1,-1,-1,-1,-1,1,1,1,1,1,-1,-1,-1,-1,0.0,-66.68345478461299,1
450,1,1,-1,1,-1,-1,-1,-1,1,1,-1,-1,-1,-1,1,-1,-1,1,1,-1,1,1,-1,1,1,-1,-1,1,1,1,1,-1,-1,-1,-1,-1,-1,1,1,1,0.0,-66.6821722244776,1
451,1,1,1,-1,-1,1,-1,-1,-1,1,-1,-1,-1,-1,1,1,1,-1,1,-1,1,1,-1,1,1,-1,-1,-1,1,1,1,1,-1,1,1,1,1,-1,-1,-1,0.0,-66.66711583964276,1
452,-1,-1,-1,1,1,1,1,1,-1,-1,1,1,1,1,-1,1,-1,1,-1,1,-1,-1,1,-1,-1,1,1,-1,-1,-1,-1,1,1,1,-1,1,-1,1,1,1,0.0,-66.65167495942373,1
453,-1,-1,1,1,-1,1,-1,-1,1,1,-1,1,1,1,-1,-1,-1,1,-1,1,-1,-1,1,1,1,1,1,1,-1,-1,1,-1,-1,-1,1,1,-1,1,1,1,0.0,-66.6394260405787,1
454,1,1,-1,1,-1,1,-1,-1,1,-1,-1,-1,-1,-1,1,-1,1,-1,1,1,1,1,-1,1,1,-1,-1,1,1,1,1,-1,-1,-1,-1,-1,-1,1,-1,-1,0.0,-66.61150590568158,1
455,-1,-1,1,1,-1,-1,1,1,-1,-1,1,1,1,1,-1,1,-1,1,-1,1,-1,-1,1,-1,-1,1,1,-1,-1,-1,-1,1,1,1,-1,1,-1,1,1,1,0.0,-66.60176683848839,1
456,1,1,1,-1,1,1,1,-1,-1,-1,-1,-1,-1,-1,-1,1,1,-1,-1,1,1,1,-1,-1,-1,-1,1,-1,1,1,1,1,1,1,1,1,1,-1,-1,-1,0.0,-66.57196786637684,1
457,-1,-1,1,-1,-1,1,-1,-1,1,1,-1,1,-1,-1,1,-1,1,-1,1,1,1,-1,1,1,1,1,1,1,1,1,1,-1,-1,-1,1,1,1,-1,-1,-1,0.0,-66.56782953780144,1
458,-1,-1,-1,-1,1,-1,1,1,-1,1,1,1,1,1,-1,1,-1,1,-1,-1,-1,-1,1,1,-1,1,1,-1,-1,-1,-1,1,1,1,1,-1,1,-1,1,1,0.0,-66.56746957904265,1
459,-1,-1,-1,-1,-1,-1,-1,1,1,-1,-1,1,1,1,1,-1,-1,1,1,-1,1,-1,1,1,1,1,-1,1,-1,-1,-1,-1,-1,-1,-1,-1,1,-1,1,1,0.0,-66.53731935814722,1
460,-1,-1,-1,1,-1,-1,-1,-1,1,1,-1,1,1,1,1,-1,1,-1,-1,1,-1,-1,1,1,1,1,1,1,-1,-1,1,-1,-1,-1,-1,-1,-1,1,-1,-1,0.0,-66.53510799361442,1
461,-1,-1,1,-1,-1,1,-1,-1,1,1,-1,-1,-1,-1,1,-1,1,-1,1,-1,1,1,-1,-1,1,1,-1,1,1,1,1,-1,-1,-1,1,1,1,-1,-1,-1,0.0,-66.53109509136954,1
462,1,1,1,-1,-1,1,1,-1,-1,1,1,-1,1,-1,-1,1,-1,1,-1,-1,-1,1,-1,-1,-1,-1,1,-1,-1,-1,1,1,-1,1,1,1,1,-1,1,1,0.0,-66.52093755480783,1
463,1,1,1,1,-1,1,-1,-1,1,1,-1,-1,-1,-1,1,-1,-1,1,1,1,1,1,-1,1,1,-1,-1,1,-1,1,1,-1,-1,-1,1,1,-1,1,1,1,0.0,-66.50337164777827,1
464,-1,-1,1,-1,1,1,1,-1,-1,-1,1,1,1,1,-1,1,-1,1,-1,1,-1,-1,1,-1,-1,1,1,-1,-1,-1,-1,1,1,1,1,1,1,-1,1,1,0.0,-66.49890833854381,1
465,1,1,-1,1,-1,-1,-1,1,1,-1,1,-1,-1,-1,1,-1,1,-1,1,-1,1,1,-1,-1,1,-1,-1,1,1,1,1,-1,1,-1,-1,-1,-1,1,-1,-1,0.0,-66.46502934825875,1
466,1,1,1,1,-1,1,-1,-1,1,1,-1,-1,-1,-1,1,-1,-1,-1,1,1,1,1,-1,-1,1,-1,-1,1,1,1,1,-1,-1,-1,1,1,1,1,-1,-1,0.0,-66.46482434066576,1
467,1,1,1,1,-1,1,1,-1,-1,1,1,-1,1,-1,-1,1,-1,1,-1,1,1,1,-1,-1,-1,-1,1,-1,-1,-1,1,1,-1,1,1,1,-1,1,1,1,0.0,-66.45753287441325,1
468,-1,-1,-1,1,1,-1,-1,1,1,-1,1,1,1,1,1,-1,1,1,1,-1,1,-1,1,-1,1,1,-1,1,-1,-1,-1,-1,1,-1,-1,-1,-1,1,-1,-1,0.0,-66.45620144633256,1
469,-1,-1,1,-1,-1,1,-1,-1,1,1,-1,1,1,1,-1,-1,-1,1,1,-1,-1,-1,1,1,1,1,-1,1,-1,-1,1,-1,-1,1,1,1,1,-1,1,1,0.0,-66.43387408524573,1
470,-1,-1,-1,1,1,-1,-1,1,1,1,-1,1,1,1,1,-1,1,1,-1,1,-1,-1,1,1,1,1,1,1,-1,-1,-1,-1,1,-1,-1,-1,-1,1,-1,-1,0.0,-66.43369415088728,1
471,1,1,1,-1,1,1,1,-1,-1,1,1,-1,-1,-1,-1,1,-1,-1,1,1,1,1,-1,1,-1,-1,-1,-1,1,1,1,1,1,1,1,1,1,-1,1,-1,0.0,-66.43234621979282,1
472,-1,-1,-1,1,-1,-1,-1,1,1,1,-1,1,1,1,1,-1,1,1,-1,1,-1,-1,1,1,1,1,1,1,-1,-1,1,-1,-1,-1,-1,-1,-1,1,-1,-1,0.0,-66.39217317591138,1
473,-1,-1,1,-1,1,1,1,1,-1,-1,1,1,1,1,-1,1,1,-1,-1,1,-1,-1,1,1,-1,1,1,-1,-1,-1,-1,1,1,1,1,1,1,-1,-1,-1,0.0,-66.36940932127509,1
474,-1,-1,1,-1,1,1,-1,-1,1,1,-1,1,1,1,1,-1,1,1,-1,-1,-1,-1,1,1,1,1,1,1,-1,-1,1,-1,-1,-1,1,1,1,-1,1,1,0.0,-66.34985117055949,1
475,1,1,-1,1,-1,-1,-1,-1,1,1,-1,-1,-1,-1,1,-1,-1,1,1,1,1,1,-1,1,1,-1,-1,1,-1,1,1,-1,-1,-1,-1,-1,-1,1,1,1,0.0,-66.33858277802779,1
476,1,1,1,1,1,1,1,-1,-1,1,1,-1,-1,-1,1,1,1,-1,1,-1,1,1,-1,-1,1,-1,-1,-1,1,1,1,1,1,1,1,1,-1,1,-1,-1,0.0,-66.3377201368776,1
477,1,1,-1,-1,-1,-1,-1,-1,1,1,-1,-1,-1,-1,1,-1,-1,-1,1,1,1,1,-1,1,1,-1,-1,1,1,1,1,-1,-1,-1,1,-1,1,-1,-1,-1,0.0,-66.31592016586814,1
478,1,1,1,-1,-1,1,-1,-1,1,1,-1,-1,-1,-1,1,-1,-1,1,1,-1,1,1,-1,-1,1,-1,-1,1,-1,1,1,-1,-1,-1,1,1,1,-1,1,1,0.0,-66.30290623101838,1
479,-1,-1,-1,1,-1,-1,-1,1,1,1,-1,1,1,1,1,-1,1,-1,-1,1,-1,-1,1,1,1,1,1,1,-1,-1,1,-1,-1,-1,-1,-1,-1,1,-1,-1,0.0,-66.2858205549641,1
480,-1,-1,1,-1,1,1,-1,-1,1,1,-1,1,1,1,1,-1,1,1,-1,1,-1,-1,1,1,1,1,1,1,-1,-1,1,-1,-1,1,1,1,1,-1,1,1,0.0,-66.28247616646132,1
481,-1,-1,1,-1,-1,1,-1,-1,1,1,1,1,1,1,1,-1,-1,1,-1,1,-1,-1,1,-1,1,1,1,1,-1,-1,1,-1,-1,-1,1,1,1,-1,1,1,0.0,-66.26388930671982,1
482,1,1,1,1,-1,1,1,-1,-1,1,-1,-1,1,-1,-1,1,-1,1,1,1,1,1,-1,1,-1,-1,1,1,1,1,1,1,-1,1,1,1,-1,1,1,1,0.0,-66.23932267914995,1
483,1,1,-1,-1,-1,1,-1,-1,1,1,1,-1,-1,-1,1,-1,1,-1,1,-1,1,1,-1,-1,1,-1,-1,-1,1,1,1,-1,-1,-1,1,-1,1,-1,-1,-1,0.0,-66.23614333073705,1
484,-1,-1,-1,-1,-1,-1,-1,1,1,-1,-1,1,-1,1,-1,-1,-1,1,1,-1,-1,-1,1,1,1,1,-1,1,-1,-1,-1,-1,1,-1,-1,-1,1,-1,1,1,0.0,-66.22848960086279,1
485,1,1,1,-1,1,1,1,-1,-1,-1,1,-1,-1,-1,1,1,1,-1,1,-1,1,1,-1,-1,-1,-1,-1,-1,1,1,-1,1,1,1,1,1,1,-1,-1,-1,0.0,-66.22534973217788,1
486,-1,-1,1,-1,-1,1,-1,-1,1,1,-1,1,1,1,1,-1,-1,1,-1,1,-1,-1,1,1,1,1,1,1,-1,-1,1,-1,-1,-1,1,1,1,-1,-1,1,0.0,-66.2186730680471,1
487,1,1,-1,1,-1,-1,-1,-1,1,-1,-1,-1,-1,-1,-1,-1,-1,1,1,1,1,1,-1,1,1,-1,-1,1,-1,1,1,-1,-1,-1,-1,-1,-1,1,1,1,0.0,-66.21513455522539,1
488,1,1,1,-1,-1,1,1,-1,1,1,-1,-1,-1,-1,1,-1,-1,1,1,1,1,1,-1,1,1,-1,-1,1,1,1,1,-1,-1,1,1,1,1,-1,1,1,0.0,-66.17803393231183,1
489,1,1,1,-1,1,1,1,-1,-1,1,-1,-1,-1,-1,1,1,1,-1,-1,1,1,1,-1,1,-1,-1,1,-1,1,1,1,-1,-1,1,1,1,1,-1,-1,-1,0.025,-58.15523449763009,1
490,1,1,1,-1,1,1,1,-1,-1,1,1,1,1,1,-1,1,1,1,-1,-1,-1,-1,1,-1,-1,-1,1,-1,-1,-1,-1,1,1,1,1,1,1,-1,-1,-1,0.0,-66.11365142053168,1
491,1,1,1,-1,-1,1,-1,-1,1,1,-1,-1,-1,-1,1,-1,-1,-1,1,-1,1,1,-1,-1,1,-1,-1,1,1,1,1,-1,-1,-1,1,1,1,1,1,1,0.0,-66.10760623470553,1
492,1,1,1,-1,1,1,-1,-1,-1,1,-1,-1,-1,-1,1,1,1,-1,1,-1,1,1,-1,-1,1,-1,-1,-1,1,1,1,1,-1,1,1,1,1,-1,-1,-1,0.0,-66.09984475700313,1
493,-1,-1,-1,-1,-1,-1,-1,1,1,-1,1,1,-1,1,-1,-1,-1,1,1,-1,-1,-1,1,-1,1,1,-1,1,-1,-1,-1,-1,-1,-1,-1,-1,1,-1,1,1,0.0,-66.0920928765602,1
494,1,1,1,1,-1,1,-1,-1,1,1,-1,-1,1,-1,1,-1,-1,1,1,1,1,1,-1,1,1,-1,1,1,-1,1,1,-1,-1,-1,1,1,-1,1,1,1,0.0,-66.0473985559808,1
495,-1,-1,-1,1,-1,-1,-1,1,1,-1,-1,1,1,1,-1,-1,-1,1,-1,1,-1,1,1,1,1,1,1,1,-1,-1,-1,-1,1,-1,-1,-1,-1,1,1,1,0.0,-66.0097573752006,1
496,1,1,1,-1,-1,1,-1,-1,1,1,1,-1,-1,-1,1,-1,-1,1,1,1,1,1,-1,1,1,-1,-1,1,1,1,1,-1,-1,-1,1,1,1,-1,1,1,0.0,-66.00067600683721,1
497,-1,1,1,-1,1,1,1,1,-1,1,1,1,1,1,-1,1,-1,1,-1,-1,-1,-1,1,1,-1,-1,1,-1,-1,-1,-1,1,1,1,1,1,1,-1,1,1,0.0,-65.99085968243442,2
498,-1,-1,-1,1,1,-1,-1,1,-1,-1,-1,1,-1,1,-1,-1,-1,1,-1,-1,-1,-1,1,1,-1,1,1,-1,-1,-1,-1,-1,1,-1,-1,-1,-1,1,1,1,0.0,-65.94581636096144,1
499,1,1,-1,1,-1,-1,-1,-1,1,1,1,-1,-1,-1,1,-1,-1,-1,1,1,1,1,-1,-1,1,-1,-1,1,1,1,1,-1,-1,-1,-1,-1,-1,1,1,1,0.0,-65.92229566816866,1
500,1,1,-1,1,-1,1,-1,-1,1,-1,-1,-1,-1,-1,1,-1,1,-1,1,-1,1,1,-1,-1,1,-1,-1,1,1,1,1,-1,-1,-1,-1,-1,-1,1,-1,-1,0.0,-65.90209747665965,1
501,-1,-1,1,-1,1,1,-1,-1,1,1,-1,1,1,1,1,-1,1,1,-1,1,-1,-1,1,1,1,1,1,1,-1,-1,1,-1,-1,1,1,1,1,-1,-1,-1,0.0,-65.86543699380239,1
502,1,1,1,-1,-1,1,-1,-1,1,1,-1,-1,-1,-1,1,-1,-1,1,1,1,1,1,-1,-1,1,-1,1,1,-1,1,1,-1,-1,1,1,1,1,-1,1,1,0.0,-65.86219015097191,1
503,1,1,1,1,1,1,1,-1,-1,1,1,-1,1,-1,-1,1,1,-1,-1,-1,1,1,-1,-1,-1,-1,-1,-1,1,-1,1,1,1,1,1,1,-1,1,-1,-1,0.0,-65.8447325937503,1
504,1,1,1,-1,-1,1,-1,-1,1,1,-1,-1,1,-1,1,-1,-1,1,1,-1,1,1,-1,1,1,-1,-1,1,-1,1,1,-1,-1,-1,1,1,1,-1,1,1,0.0,-65.83405633512201,1
505,1,1,1,-1,1,1,1,1,-1,1,1,1,1,1,-1,-1,-1,1,-1,1,-1,-1,1,1,-1,-1,1,-1,-1,-1,-1,1,1,1,1,1,1,-1,1,1,0.0,-65.796771107576,1
506,1,1,1,-1,-1,1,1,-1,1,1,-1,-1,-1,-1,1,-1,-1,1,1,-1,1,1,-1,1,1,-1,-1,1,1,1,1,-1,-1,1,1,1,1,-1,1,1,0.0,-65.78138840649243,1
507,1,1,1,1,-1,1,-1,-1,1,1,-1,-1,1,-1,1,-1,-1,1,1,1,1,1,-1,1,1,-1,-1,1,-1,1,1,-1,-1,-1,1,1,-1,1,1,1,0.0,-65.7217588486794,1
508,1,1,1,-1,-1,1,1,-1,-1,1,-1,-1,1,-1,-1,1,-1,1,1,1,1,1,-1,1,-1,-1,1,1,1,1,1,1,-1,1,1,1,1,1,1,1,0.0,-65.70637810188259,1
509,1,1,-1,1,1,-1,-1,1,1,-1,-1,-1,-1,1,1,-1,-1,1,1,1,-1,-1,-1,1,1,-1,-1,1,-1,1,-1,-1,1,-1,-1,-1,-1,1,1,1,0.0,-65.62320142081897,1
510,-1,-1,1,1,1,1,1,1,-1,-1,1,1,1,1,-1,1,1,1,-1,-1,-1,-1,1,-1,-1,1,1,-1,-1,-1,-1,1,1,1,-1,1,-1,1,-1,-1,0.0,-65.58471365489758,1
511,1,1,1,1,-1,1,-1,-1,1,1,1,-1,-1,-1,1,-1,-1,1,1,-1,1,1,-1,-1,1,-1,-1,1,1,1,1,-1,-1,-1,1,1,-1,1,1,1,0.0,-65.58408639115243,1
512,1,1,1,-1,1,1,1,-1,-1,1,-1,-1,1,-1,1,1,-1,1,1,1,1,1,-1,1,-1,-1,1,1,1,1,1,1,1,1,1,1,1,-1,1,1,0.0,-65.58344685096098,1
513,-1,-1,1,1,1,-1,-1,1,1,1,-1,1,1,1,-1,-1,1,1,-1,1,-1,-1,1,1,1,1,1,1,-1,-1,-1,-1,1,-1,-1,1,-1,1,1,1,0.0,-65.57902694887254,1
514,1,1,1,-1,1,1,1,-1,-1,1,1,1,1,-1,-1,1,-1,1,-1,-1,1,1,1,1,-1,-1,1,-1,-1,-1,1,1,1,1,1,1,1,-1,1,1,0.0,-65.5750533803629,1
515,1,1,1,-1,-1,1,-1,-1,1,1,1,-1,-1,-1,-1,-1,-1,1,1,1,1,1,-1,-1,1,-1,-1,1,1,1,1,-1,-1,1,1,1,1,-1,1,1,0.0,-65.57022423613228,1
516,1,1,-1,1,-1,-1,-1,-1,1,1,-1,-1,1,-1,1,-1,-1,1,1,1,1,1,-1,-1,1,-1,1,1,-1,1,1,-1,-1,-1,-1,-1,-1,1,1,1,0.0,-65.56984678302781,1
517,-1,-1,1,-1,-1,1,-1,-1,1,1,-1,1,-1,-1,1,-1,1,-1,1,1,1,-1,1,1,1,1,1,1,1,1,1,-1,-1,1,1,1,1,-1,-1,-1,0.0,-65.55902613720275,1
518,1,1,1,-1,-1,1,1,-1,-1,1,1,-1,1,-1,-1,1,-1,1,1,-1,-1,1,-1,-1,-1,-1,-1,-1,1,1,1,1,-1,1,1,1,1,-1,1,1,0.0,-65.52978349533078,1
519,1,1,1,-1,-1,1,-1,-1,1,1,-1,-1,1,-1,1,-1,-1,1,1,1,1,1,-1,1,1,-1,1,1,-1,1,1,-1,-1,-1,1,1,1,1,1,1,0.0,-65.51445397871346,1
520,-1,-1,1,1,-1,-1,-1,1,1,-1,-1,1,1,1,1,-1,-1,1,1,-1,-1,-1,1,-1,1,1,-1,1,-1,-1,-1,-1,-1,-1,-1,-1,-1,1,1,1,0.0,-65.51362649385344,1
521,-1,-1,-1,1,-1,-1,-1,1,-1,1,-1,1,1,1,-1,-1,-1,1,-1,-1,-1,-1,1,1,1,1,1,-1,-1,-1,-1,-1,1,-1,-1,-1,-1,1,1,1,0.0,-65.48735730128364,1
522,1,1,-1,-1,-1,1,1,-1,-1,1,-1,-1,1,-1,-1,1,1,-1,1,1,1,1,-1,1,-1,-1,1,1,1,1,1,1,-1,1,1,-1,1,-1,-1,-1,0.0,-65.4868099124552,1
523,1,1,1,-1,-1,1,1,-1,1,1,1,-1,-1,-1,1,-1,-1,1,1,1,1,1,-1,-1,-1,-1,-1,1,-1,1,1,-1,-1,1,1,1,1,-1,1,1,0.0,-65.47456719086101,1
524,-1,-1,1,-1,-1,1,-1,-1,1,1,-1,1,-1,1,1,-1,-1,1,-1,1,-1,-1,1,1,1,1,1,1,-1,-1,1,-1,-1,-1,1,1,1,-1,1,1,0.0,-65.4560586669797,1
525,-1,-1,-1,1,-1,-1,-1,1,-1,-1,1,1,-1,1,1,-1,-1,1,-1,-1,-1,-1,1,1,-1,1,-1,-1,-1,-1,-1,-1,1,-1,-1,-1,-1,1,1,1,0.0,-65.43982440441152,1
526,-1,-1,-1,-1,1,-1,-1,1,1,1,-1,1,1,1,1,-1,-1,1,-1,1,-1,-1,1,1,1,1,1,1,-1,-1,-1,-1,1,-1,-1,-1,-1,-1,1,1,0.0,-65.43517404768349,1
527,-1,-1,-1,1,-1,-1,1,1,-1,-1,1,1,1,1,-1,-1,-1,1,-1,1,-1,-1,1,1,-1,1,1,1,-1,-1,-1,1,1,1,-1,-1,-1,1,1,1,0.0,-65.42634417235428,1
528,-1,-1,-1,1,1,-1,-1,1,-1,-1,1,1,1,1,-1,-1,-1,1,-1,1,-1,-1,1,-1,-1,1,1,-1,-1,-1,-1,1,1,-1,-1,-1,-1,1,1,1,0.0,-65.38028490526692,1
529,1,1,1,1,-1,1,-1,-1,1,1,-1,-1,-1,-1,1,-1,-1,-1,1,-1,1,1,-1,1,1,-1,-1,1,1,1,1,-1,-1,1,1,1,1,1,-1,-1,0.0,-65.37213831745017,1
530,-1,-1,1,1,-1,-1,-1,1,1,-1,1,1,1,1,1,-1,1,-1,1,-1,-1,-1,1,-1,1,1,-1,1,-1,-1,-1,-1,-1,-1,-1,-1,-1,1,-1,-1,0.0,-65.32846625832182,1
531,1,1,1,-1,-1,1,-1,-1,1,1,1,-1,-1,-1,1,-1,1,-1,1,-1,-1,1,-1,-1,1,-1,-1,1,1,1,1,-1,-1,-1,1,1,1,1,-1,-1,0.0,-65.31484966690716,1
532,1,1,1,1,-1,1,-1,-1,-1,1,-1,-1,-1,-1,-1,1,1,-1,-1,1,1,1,-1,-1,1,-1,1,-1,1,1,1,1,-1,1,1,1,-1,1,-1,-1,0.0,-65.301684936245,1
533,-1,-1,1,-1,1,1,1,-1,-1,1,1,1,1,1,-1,1,-1,1,-1,1,-1,-1,1,1,-1,-1,1,-1,-1,-1,-1,1,1,1,1,1,1,-1,1,1,0.0,-65.2863040364928,1
534,1,1,1,-1,-1,1,1,-1,1,1,-1,-1,-1,-1,1,-1,-1,1,1,-1,1,1,-1,1,-1,-1,-1,1,1,1,1,-1,-1,1,1,1,1,-1,1,1,0.0,-65.283670682946,1
535,-1,-1,1,-1,1,1,1,-1,-1,1,-1,1,1,1,-1,-1,-1,1,-1,1,-1,-1,1,1,-1,1,1,-1,-1,-1,-1,1,1,1,1,1,1,-1,1,1,0.0,-65.27476948288559,1
536,-1,-1,1,-1,1,-1,1,1,-1,1,1,1,1,1,-1,1,-1,1,-1,-1,-1,-1,1,-1,-1,1,1,-1,-1,-1,-1,1,1,1,1,-1,-1,-1,1,1,0.0,-65.24160841236797,1
537,1,1,1,1,-1,1,-1,-1,1,-1,1,-1,-1,-1,1,-1,1,-1,1,-1,1,1,-1,-1,1,-1,-1,1,1,1,1,-1,-1,-1,-1,1,-1,1,-1,-1,0.0,-65.22071225335013,1
538,1,1,1,-1,-1,1,-1,-1,1,1,1,-1,-1,-1,1,1,-1,-1,1,-1,1,1,-1,-1,1,-1,-1,1,1,1,1,-1,-1,-1,1,1,1,-1,-1,-1,0.0,-65.20332351987035,1
539,1,1,1,-1,-1,1,-1,-1,1,-1,-1,-1,-1,-1,1,-1,-1,-1,1,-1,1,1,-1,-1,1,-1,-1,1,1,1,1,-1,-1,-1,1,1,1,-1,-1,-1,0.0,-65.18208036695735,1
540,-1,-1,-1,-1,1,-1,1,1,-1,-1,1,1,1,1,-1,1,1,-1,-1,-1,-1,-1,1,1,-1,1,1,-1,1,-1,-1,1,1,-1,-1,-1,1,-1,-1,-1,0.0,-65.18180534397705,1
541,1,1,1,-1,1,1,1,-1,-1,1,-1,-1,1,-1,1,1,-1,-1,-1,1,1,1,-1,1,1,-1,1,-1,1,1,1,1,-1,1,1,1,1,-1,1,1,0.0,-65.16012205116242,1
542,1,1,-1,1,1,-1,-1,1,1,-1,1,1,1,1,-1,-1,-1,1,1,-1,-1,-1,1,1,1,-1,-1,1,-1,-1,-1,-1,1,-1,-1,-1,-1,1,1,1,0.0,-65.11410592263812,1
543,-1,-1,1,-1,1,1,-1,-1,-1,1,1,1,1,1,-1,1,-1,1,-1,-1,-1,-1,1,-1,1,1,1,-1,-1,-1,-1,1,-1,1,1,1,1,-1,1,1,0.0,-65.11351152160202,1
544,1,1,1,-1,1,1,1,-1,-1,1,-1,-1,-1,-1,1,1,1,-1,-1,1,1,1,-1,1,-1,-1,1,-1,1,1,-1,1,-1,1,1,1,1,-1,-1,-1,0.0,-65.11207126338331,1
545,-1,-1,-1,-1,1,-1,-1,1,1,1,-1,1,1,1,1,-1,1,1,-1,1,-1,-1,1,1,1,1,1,1,-1,-1,-1,-1,1,-1,-1,-1,1,-1,1,1,0.0,-65.11019109633862,1
546,-1,-1,-1,-1,-1,1,-1,-1,1,1,-1,1,1,1,1,-1,-1,1,-1,1,1,-1,1,1,1,1,1,1,-1,-1,1,-1,-1,-1,1,-1,1,-1,1,1,0.0,-65.06301602965128,1
547,1,1,1,-1,-1,1,-1,-1,1,-1,-1,-1,-1,-1,1,-1,-1,1,1,1,1,1,-1,1,1,-1,-1,1,1,1,1,-1,-1,-1,1,1,1,-1,1,1,0.0,-65.05392966406143,1
548,1,1,1,-1,1,1,1,-1,-1,1,1,-1,1,-1,-1,1,-1,1,-1,-1,-1,1,-1,-1,-1,-1,1,-1,-1,-1,1,1,1,1,1,1,-1,-1,1,1,0.0,-65.03871622271551,1
549,1,1,1,-1,1,1,1,1,-1,-1,1,1,1,1,-1,1,-1,1,-1,-1,-1,-1,1,1,-1,-1,1,-1,-1,-1,-1,1,1,1,1,1,1,-1,1,1,0.0,-65.02240952023087,1
550,1,1,-1,1,-1,-1,-1,-1,1,1,-1,-1,-1,-1,1,-1,1,-1,1,-1,1,1,-1,1,1,-1,-1,1,1,1,1,-1,-1,1,-1,-1,1,1,-1,-1,0.0,-64.96906269209222,1
551,1,1,-1,-1,-1,1,-1,-1,1,1,-1,-1,-1,-1,1,-1,1,-1,1,1,1,1,-1,1,1,-1,1,1,1,1,1,-1,-1,-1,1,-1,1,1,-1,-1,0.0,-64.96890367897466,1
552,1,-1,1,-1,1,1,1,-1,-1,1,-1,-1,-1,-1,-1,1,1,-1,-1,1,1,1,-1,-1,-1,-1,1,-1,1,1,1,1,1,1,1,1,1,-1,-1,-1,0.0,-64.92198038058439,1
553,1,1,-1,-1,1,1,1,-1,-1,1,1,-1,1,-1,1,1,1,-1,1,-1,1,1,-1,-1,-1,-1,-1,-1,1,1,1,1,1,1,1,-1,1,-1,-1,-1,0.0,-64.90249323570396,1
554,1,1,1,-1,-1,-1,-1,-1,1,1,-1,-1,-1,-1,1,-1,1,-1,1,-1,1,1,-1,1,1,-1,-1,1,1,1,1,-1,-1,-1,1,-1,1,1,-1,-1,0.0,-64.88237708077092,1
555,1,1,1,-1,-1,1,-1,-1,1,1,1,-1,-1,-1,1,-1,-1,1,1,-1,1,1,-1,-1,1,-1,-1,-1,-1,1,1,-1,-1,-1,1,1,1,-1,1,1,0.0,-64.88231344827203,1
556,1,1,1,-1,1,1,1,-1,-1,1,1,-1,1,-1,1,1,1,1,-1,-1,1,1,-1,-1,-1,-1,1,-1,-1,-1,1,1,1,1,1,1,1,-1,-1,-1,0.0,-64.86979606127656,1
557,-1,-1,-1,1,-1,-1,1,1,-1,-1,1,1,1,1,1,1,1,-1,-1,-1,-1,-1,1,1,-1,1,1,-1,-1,-1,-1,1,1,-1,-1,-1,-1,1,-1,-1,0.0,-64.8477847188867,1
558,-1,-1,-1,1,-1,-1,-1,-1,1,1,-1,1,1,1,1,-1,1,-1,-1,1,-1,-1,1,-1,1,1,1,1,-1,-1,1,-1,-1,-1,-1,-1,-1,1,-1,-1,0.0,-64.81450985627221,1
559,-1,-1,-1,1,1,-1,-1,1,1,-1,-1,1,1,1,-1,-1,1,1,1,-1,-1,-1,1,1,-1,1,-1,1,-1,-1,-1,-1,1,-1,-1,-1,-1,1,-1,-1,0.0,-64.78735996383459,1
560,1,1,-1,1,-1,-1,-1,-1,1,-1,1,-1,-1,-1,1,-1,-1,1,1,-1,-1,1,-1,-1,1,-1,-1,1,-1,1,1,-1,-1,-1,-1,-1,-1,1,1,1,0.0,-64.7867046968855,1
561,-1,-1,-1,-1,-1,-1,-1,-1,1,1,-1,1,1,1,-1,-1,1,1,-1,1,-1,-1,1,1,1,1,1,1,-1,-1,1,-1,-1,1,1,-1,1,-1,1,1,0.0,-64.7774265889912,1
562,-1,-1,-1,-1,1,1,1,-1,-1,1,1,1,1,1,-1,1,-1,1,-1,-1,-1,-1,1,-1,-1,1,1,-1,-1,-1,-1,1,1,1,1,-1,1,-1,1,1,0.0,-64.7607413210106,1
563,1,1,1,-1,-1,1,1,-1,1,1,1,-1,-1,-1,1,-1,-1,1,1,1,1,1,-1,1,-1,-1,-1,1,1,1,1,-1,-1,1,1,1,1,-1,1,1,0.0,-64.73704270531012,1
564,-1,-1,-1,1,-1,-1,-1,-1,1,-1,-1,-1,-1,-1,1,-1,-1,1,1,-1,1,1,-1,1,1,1,-1,1,-1,1,1,-1,-1,-1,-1,-1,-1,1,1,1,0.0,-64.67499922793371,1
565,1,1,-1,1,1,-1,-1,1,1,-1,1,-1,1,1,-1,-1,-1,1,1,-1,-1,1,-1,-1,1,-1,-1,1,-1,-1,-1,-1,1,-1,-1,-1,-1,1,1,1,0.0,-64.67086959505636,1
566,1,1,-1,-1,-1,1,1,-1,-1,-1,1,-1,-1,-1,-1,1,-1,-1,1,-1,1,1,-1,-1,-1,-1,-1,-1,1,1,1,1,-1,1,1,-1,1,-1,-1,-1,0.0,-64.66254112908838,1
567,1,1,-1,1,-1,-1,-1,-1,1,-1,-1,-1,1,-1,1,-1,-1,-1,1,1,1,1,-1,1,1,-1,-1,1,1,1,1,-1,-1,-1,-1,-1,-1,1,-1,-1,0.0,-64.63332021165891,1
568,1,1,-1,-1,-1,1,-1,-1,1,1,-1,-1,-1,-1,1,-1,-1,1,1,1,1,1,-1,-1,1,-1,-1,1,-1,1,1,-1,-1,-1,1,-1,1,-1,1,1,0.0,-64.60418739615166,1
569,1,1,-1,-1,-1,-1,-1,-1,1,-1,1,-1,-1,-1,1,-1,-1,1,1,1,1,1,-1,-1,1,-1,-1,1,-1,1,1,-1,-1,-1,-1,-1,1,-1,1,1,0.0,-64.56298729877803,1
570,-1,-1,1,1,-1,1,-1,-1,1,1,-1,1,1,1,1,-1,-1,1,1,-1,-1,-1,1,1,1,1,1,1,-1,-1,1,-1,-1,-1,1,1,-1,1,1,1,0.0,-64.5184302552239,1
571,1,1,-1,1,-1,-1,-1,-1,1,-1,1,-1,-1,-1,1,-1,1,-1,1,1,1,1,-1,-1,1,-1,-1,1,1,1,1,-1,-1,-1,-1,-1,-1,1,-1,-1,0.025,-71.27966371640609,1
572,-1,-1,-1,1,1,-1,-1,1,1,-1,1,1,-1,1,1,-1,-1,-1,1,-1,-1,-1,1,-1,-1,1,-1,1,1,1,-1,-1,1,-1,-1,-1,-1,1,1,1,0.0,-64.46803911452479,1
573,1,1,-1,1,-1,-1,1,-1,1,1,-1,-1,-1,-1,1,-1,1,-1,1,1,1,1,-1,-1,1,-1,-1,1,1,1,1,-1,-1,1,-1,-1,-1,1,-1,-1,0.0,-64.40871846223531,1
574,1,1,1,-1,-1,1,1,-1,-1,1,1,1,1,1,-1,1,-1,1,-1,-1,-1,-1,1,1,-1,-1,1,-1,-1,-1,-1,1,-1,1,1,1,1,-1,1,1,0.0,-64.37197460089584,1
575,1,1,1,1,-1,1,-1,-1,1,1,-1,-1,-1,-1,-1,-1,-1,1,1,1,1,1,-1,1,1,-1,-1,1,-1,1,1,-1,-1,1,1,1,-1,1,1,1,0.0,-64.30134744382632,1
576,1,1,1,-1,1,1,1,-1,-1,-1,1,-1,1,-1,-1,1,-1,1,1,1,1,1,-1,-1,-1,-1,-1,1,1,1,1,1,1,1,1,1,1,-1,1,1,0.0,-64.3002828355191,1
577,-1,-1,1,-1,-1,1,-1,-1,1,1,-1,1,1,1,1,-1,1,1,-1,-1,-1,-1,1,-1,1,1,1,1,-1,-1,1,-1,-1,1,1,1,1,-1,1,1,0.0,-64.25793875706688,1
578,-1,-1,1,-1,1,1,1,-1,-1,1,-1,1,1,-1,-1,1,1,1,-1,1,1,-1,1,1,-1,1,1,-1,-1,-1,1,1,1,1,1,1,1,-1,1,1,0.0,-64.25299198367092,1
579,1,1,1,-1,-1,1,-1,-1,1,1,1,-1,1,-1,1,-1,-1,1,1,1,1,1,-1,1,1,-1,-1,1,-1,1,1,-1,-1,-1,1,1,1,-1,1,1,0.0,-64.23598955594703,1
580,1,1,1,1,-1,1,-1,-1,1,1,-1,-1,-1,-1,1,-1,-1,-1,1,-1,1,1,-1,1,1,-1,-1,-1,1,1,1,-1,-1,1,1,1,-1,1,1,1,0.0,-64.22634683219387,1
581,1,1,-1,-1,1,1,1,-1,-1,1,1,-1,-1,-1,1,1,1,-1,-1,1,-1,1,-1,-1,-1,-1,1,-1,1,1,1,1,1,1,1,-1,1,-1,-1,-1,0.0,-64.22457146445274,1
582,1,1,-1,1,-1,1,-1,-1,1,1,1,-1,-1,-1,1,-1,1,-1,1,1,1,1,-1,-1,1,-1,-1,1,1,1,1,-1,-1,-1,-1,1,-1,1,-1,-1,0.0,-64.18041261377029,1
583,1,1,1,-1,-1,-1,-1,-1,1,1,-1,-1,-1,-1,1,-1,1,-1,1,1,1,1,-1,1,1,-1,1,1,1,1,1,-1,-1,-1,1,-1,-1,1,-1,-1,0.0,-64.17903927711063,2
584,1,1,-1,1,1,-1,-1,1,-1,-1,1,-1,-1,-1,1,1,-1,-1,1,-1,1,1,-1,-1,-1,-1,-1,-1,1,1,-1,1,1,-1,-1,-1,-1,1,-1,-1,0.0,-64.17183082618031,1
585,-1,-1,-1,1,-1,-1,1,1,-1,1,1,1,1,1,-1,1,1,-1,-1,-1,-1,-1,1,1,-1,1,1,-1,1,-1,-1,1,1,1,-1,-1,-1,1,-1,-1,0.0,-64.15033536687457,1
586,1,1,-1,-1,-1,-1,-1,-1,1,-1,-1,-1,-1,-1,1,-1,-1,1,1,-1,1,1,-1,-1,1,-1,-1,1,-1,1,1,-1,-1,-1,-1,-1,1,-1,1,1,0.0,-64.12769303740826,1
587,-1,-1,-1,1,1,-1,-1,1,1,1,-1,1,1,1,1,-1,1,1,-1,1,-1,-1,1,1,-1,1,1,1,-1,-1,-1,-1,1,-1,-1,-1,-1,1,1,1,0.0,-63.9840883693318,1
588,1,1,1,1,-1,1,-1,-1,1,1,1,-1,-1,-1,1,-1,-1,-1,1,-1,1,1,-1,1,1,-1,-1,1,1,1,1,-1,-1,-1,1,1,-1,1,1,1,0.0,-63.96984087475754,1
589,-1,-1,-1,1,1,-1,-1,1,-1,-1,1,1,1,1,1,-1,-1,1,-1,-1,-1,-1,1,-1,1,1,-1,-1,-1,-1,-1,-1,1,-1,-1,-1,-1,1,1,1,0.0,-63.95930965536276,1
590,1,-1,1,-1,-1,1,1,-1,-1,1,1,-1,-1,-1,1,1,1,-1,1,1,1,1,-1,-1,-1,-1,-1,-1,1,1,1,1,-1,1,1,1,1,-1,-1,-1,0.0,-63.934877559428195,1
591,1,1,-1,-1,-1,1,-1,-1,1,1,-1,-1,-1,-1,1,-1,-1,1,1,1,1,1,-1,1,1,-1,-1,1,-1,1,1,-1,-1,1,1,-1,1,-1,1,1,0.0,-63.90814689875549,2
592,1,1,-1,1,-1,-1,1,-1,1,-1,1,-1,1,-1,1,1,1,-1,1,1,1,1,-1,-1,-1,-1,-1,1,1,1,1,1,-1,1,-1,-1,-1,1,-1,-1,0.0,-63.85122186734959,1
593,1,1,-1,-1,-1,1,-1,-1,1,1,-1,-1,-1,-1,1,1,1,-1,1,-1,1,1,-1,1,1,-1,-1,1,1,1,1,-1,-1,1,1,-1,1,-1,-1,-1,0.0,-63.85063284397978,1
594,-1,-1,-1,1,-1,-1,-1,1,1,1,1,1,-1,1,-1,-1,-1,1,-1,-1,-1,-1,1,-1,1,1,1,-1,-1,-1,-1,-1,-1,-1,-1,-1,-1,1,1,1,0.0,-63.82945184045012,1
595,-1,-1,-1,1,-1,-1,-1,1,-1,1,-1,1,-1,1,-1,-1,-1,1,-1,1,-1,-1,1,-1,1,1,1,-1,-1,-1,-1,-1,-1,1,-1,-1,-1,1,1,1,0.0,-63.79853060786626,1
596,1,1,1,-1,1,1,1,-1,-1,1,-1,-1,-1,-1,1,1,1,-1,-1,1,1,1,-1,-1,-1,-1,1,-1,1,1,1,1,1,1,1,1,1,-1,-1,1,0.0,-63.74949713875815,1
597,-1,-1,-1,-1,1,-1,-1,1,1,-1,1,1,1,1,-1,-1,-1,1,1,-1,-1,-1,1,1,-1,1,-1,1,-1,-1,-1,1,1,-1,-1,-1,1,-1,1,1,0.025,-57.12694810062142,1
598,1,1,-1,-1,-1,-1,-1,-1,1,1,-1,-1,-1,-1,1,-1,-1,1,1,1,1,1,-1,1,1,-1,1,1,-1,1,1,-1,-1,-1,1,-1,1,-1,1,1,0.0,-63.677968641468325,1
599,1,1,1,-1,-1,1,1,-1,-1,1,-1,-1,1,-1,-1,1,1,1,-1,-1,1,1,-1,-1,-1,-1,1,-1,-1,-1,1,1,-1,1,1,1,1,1,1,1,0.0,-63.657174027354515,1
600,1,1,1,-1,1,1,1,-1,-1,1,1,-1,1,-1,-1,-1,-1,1,-1,-1,1,1,-1,-1,1,-1,1,-1,-1,-1,1,1,1,1,1,1,1,-1,1,1,0.0,-63.64576524250091,1
601,1,1,1,-1,-1,1,-1,-1,1,-1,1,-1,-1,-1,1,-1,-1,1,1,1,1,1,-1,-1,1,-1,-1,1,-1,1,1,-1,-1,-1,1,1,1,-1,1,1,0.0,-63.59487401192764,1
602,-1,-1,1,-1,-1,1,1,1,-1,1,1,1,1,1,-1,1,-1,1,-1,1,-1,-1,1,1,-1,1,1,-1,-1,-1,-1,1,-1,1,1,1,1,-1,1,1,0.0,-63.559483733126825,1
603,-1,-1,-1,1,-1,-1,-1,1,1,-1,-1,1,1,1,-1,1,1,1,-1,1,-1,-1,1,1,1,1,1,1,-1,-1,-1,-1,1,-1,-1,-1,-1,1,1,1,0.025,-62.761195971951395,1
604,-1,-1,1,1,-1,1,1,-1,-1,1,-1,1,1,1,-1,1,-1,1,-1,1,-1,-1,1,1,-1,1,1,-1,-1,-1,1,1,-1,1,1,1,-1,1,1,1,0.0,-63.53378627589652,1
605,-1,-1,1,1,-1,-1,-1,1,1,-1,-1,1,-1,1,1,-1,1,-1,1,-1,-1,-1,1,1,1,1,-1,1,-1,-1,-1,-1,-1,-1,-1,-1,-1,1,-1,-1,0.0,-63.423147427775575,1
606,1,1,1,-1,-1,1,-1,-1,1,1,-1,-1,1,-1,1,-1,-1,1,1,1,1,1,-1,1,1,-1,1,1,-1,1,1,-1,-1,-1,1,1,1,-1,-1,1,0.0,-63.41422150761487,1
607,1,1,-1,1,-1,1,-1,-1,1,-1,-1,-1,1,-1,1,-1,-1,1,1,1,1,1,-1,1,1,-1,-1,1,-1,1,1,-1,-1,-1,-1,-1,-1,1,1,1,0.0,-63.41043024568691,1
608,1,1,1,-1,-1,1,-1,-1,1,1,-1,-1,-1,1,1,-1,1,-1,1,1,-1,-1,-1,-1,1,-1,-1,1,1,1,1,-1,-1,-1,1,1,1,-1,-1,-1,0.0,-63.34414909610239,1
609,1,1,-1,1,-1,1,-1,-1,1,1,-1,-1,-1,-1,1,-1,-1,-1,1,-1,1,1,-1,1,1,-1,-1,1,1,1,1,-1,-1,-1,1,1,-1,1,-1,-1,0.0,-63.30769031866509,1
610,-1,-1,-1,-1,1,-1,-1,1,-1,-1,1,1,1,1,1,1,1,-1,-1,-1,-1,-1,1,-1,-1,1,1,-1,-1,-1,-1,1,1,-1,-1,-1,1,-1,-1,-1,0.0,-63.29524519765578,1
611,1,1,1,1,-1,-1,-1,-1,1,1,-1,-1,-1,-1,1,-1,1,-1,1,-1,1,1,-1,-1,1,-1,-1,1,1,1,1,-1,-1,-1,-1,-1,-1,1,-1,-1,0.0,-63.275647570135504,1
612,1,1,-1,-1,-1,-1,-1,-1,1,1,-1,-1,-1,-1,1,-1,-1,1,1,1,1,1,-1,-1,1,-1,-1,1,-1,1,1,-1,-1,1,1,-1,1,-1,1,1,0.0,-63.24245055242292,1
613,1,1,1,-1,-1,1,1,-1,-1,1,-1,-1,1,-1,1,-1,-1,1,-1,-1,1,1,-1,-1,-1,-1,1,-1,-1,-1,1,1,-1,1,1,1,1,-1,1,1,0.0,-63.211644035375244,1
614,1,1,1,-1,-1,1,1,-1,1,1,1,-1,1,-1,1,-1,-1,1,1,1,1,1,-1,-1,1,-1,-1,1,-1,1,1,-1,-1,1,1,1,1,-1,1,1,0.0,-63.15047277834598,1
615,1,1,1,1,-1,-1,-1,-1,1,1,-1,-1,1,-1,1,-1,-1,1,1,1,1,1,-1,1,1,-1,-1,1,-1,1,1,-1,-1,-1,1,1,-1,1,1,1,0.0,-63.13975290365049,1
616,-1,-1,-1,-1,1,-1,-1,1,1,1,-1,1,1,1,1,-1,1,1,-1,-1,-1,-1,1,1,1,1,1,1,-1,-1,-1,-1,1,-1,-1,-1,1,-1,1,1,0.0,-63.13370050716768,1
617,1,1,1,-1,-1,1,-1,-1,1,1,-1,-1,1,-1,1,-1,-1,1,1,1,1,1,-1,-1,1,-1,1,1,-1,1,1,-1,-1,-1,1,1,1,-1,-1,1,0.0,-63.10145860441231,1
618,1,1,1,-1,-1,1,-1,-1,1,1,-1,-1,1,-1,1,-1,-1,1,1,1,1,1,-1,1,1,-1,-1,1,-1,1,1,-1,-1,-1,1,1,1,-1,-1,1,0.0,-63.08858180031343,1
619,-1,-1,1,-1,1,1,-1,-1,1,1,-1,1,1,1,1,-1,-1,1,-1,1,-1,-1,1,1,1,1,-1,1,-1,-1,1,-1,-1,-1,1,1,1,-1,1,1,0.0,-63.05505916130614,1
620,-1,-1,-1,-1,1,-1,-1,1,-1,-1,-1,1,1,1,-1,-1,-1,1,-1,-1,-1,-1,1,1,1,1,1,-1,-1,-1,-1,1,1,-1,-1,-1,-1,-1,1,1,0.0,-63.01241660612214,1
621,1,1,-1,-1,1,1,-1,-1,1,1,-1,-1,1,-1,1,-1,-1,1,1,1,1,1,-1,1,1,-1,-1,1,-1,1,1,-1,-1,-1,1,-1,1,-1,1,1,0.0,-63.01044400157993,1
622,-1,-1,1,-1,1,1,1,1,-1,-1,-1,1,1,1,1,1,-1,1,-1,1,-1,-1,1,1,-1,1,1,-1,-1,-1,-1,1,1,-1,1,1,1,-1,1,1,0.0,-62.884454907990985,1
623,-1,-1,-1,-1,1,-1,-1,1,1,1,1,1,-1,1,1,-1,-1,1,-1,-1,-1,-1,1,-1,1,1,-1,-1,-1,-1,-1,-1,1,-1,-1,-1,1,-1,1,1,0.0,-62.874604432035156,1
624,-1,-1,1,1,1,1,1,1,-1,-1,1,1,1,1,1,1,1,1,-1,1,-1,-1,1,-1,-1,1,1,-1,-1,-1,-1,1,1,-1,-1,1,-1,1,-1,-1,0.0,-62.86290901557413,1
625,-1,-1,-1,1,-1,-1,-1,1,1,-1,-1,1,1,1,1,-1,-1,1,-1,1,-1,-1,1,1,1,1,1,1,-1,-1,-1,-1,-1,-1,-1,-1,-1,1,1,1,0.025,-74.31453708449467,1
626,1,1,-1,-1,1,-1,-1,1,1,-1,1,-1,1,1,1,-1,-1,1,1,1,-1,1,-1,-1,1,-1,-1,1,-1,1,-1,-1,1,-1,-1,-1,1,-1,1,1,0.0,-62.58204982198751,1
627,1,1,-1,1,-1,-1,-1,-1,1,1,1,-1,-1,-1,1,-1,1,-1,1,1,1,1,-1,-1,1,-1,-1,1,1,1,1,-1,-1,-1,-1,-1,-1,1,1,1,0.0,-62.487579169100655,1
628,1,1,1,-1,1,1,1,1,-1,1,-1,-1,-1,-1,-1,1,-1,1,-1,1,1,1,-1,-1,-1,-1,1,-1,1,1,1,1,1,1,1,1,1,-1,1,1,0.0,-62.416453648953166,1
629,1,1,-1,1,1,-1,1,1,-1,-1,1,-1,1,1,1,1,1,-1,1,-1,-1,1,-1,-1,-1,-1,-1,1,1,1,-1,1,1,-1,-1,-1,-1,1,-1,-1,0.0,-62.258524464066674,1
630,-1,-1,-1,1,-1,-1,-1,1,-1,-1,-1,1,1,1,-1,-1,1,-1,-1,-1,-1,-1,1,1,1,1,1,-1,-1,-1,-1,-1,1,-1,-1,-1,-1,1,-1,-1,0.0,-62.24176146999776,1
631,1,1,-1,1,-1,1,1,-1,-1,1,1,-1,1,-1,1,1,1,-1,-1,-1,1,1,-1,-1,-1,-1,1,-1,1,-1,1,1,-1,1,1,1,-1,1,-1,-1,0.0,-62.22298398901753,1
632,1,1,-1,1,-1,-1,-1,-1,1,-1,1,-1,1,-1,-1,-1,-1,1,1,1,1,1,-1,1,1,-1,-1,1,-1,1,1,-1,-1,-1,-1,-1,-1,1,1,1,0.0,-62.20721023618656,1
633,1,1,1,1,-1,1,1,-1,-1,1,1,1,1,1,-1,1,-1,1,-1,-1,-1,-1,1,-1,-1,-1,1,-1,-1,-1,-1,1,-1,1,1,1,-1,1,1,1,0.0,-62.201858339479806,1
634,-1,-1,-1,1,-1,-1,-1,1,1,1,-1,1,1,1,-1,-1,1,1,-1,1,1,-1,1,1,1,1,1,1,-1,-1,-1,-1,-1,-1,-1,-1,-1,1,-1,-1,0.0,-62.132019259921805,1
635,1,1,-1,1,-1,-1,-1,-1,1,-1,1,-1,-1,-1,1,-1,1,1,1,-1,1,1,-1,-1,1,-1,-1,-1,1,1,1,-1,-1,-1,-1,-1,-1,1,1,1,0.0,-62.12865862346521,1
636,-1,-1,1,-1,1,1,1,-1,-1,1,-1,1,1,-1,-1,-1,-1,1,-1,1,1,-1,1,1,-1,1,1,-1,-1,-1,1,1,1,1,1,1,1,-1,1,1,0.0,-62.106233793256145,1
637,-1,-1,1,-1,1,1,1,-1,-1,1,-1,-1,-1,-1,-1,1,-1,-1,1,-1,1,1,-1,1,-1,1,-1,-1,1,1,1,1,1,1,1,1,1,-1,-1,-1,0.0,-62.0492207480043,1
638,1,1,-1,-1,-1,-1,1,-1,1,1,-1,-1,-1,-1,1,-1,1,-1,1,1,1,1,-1,-1,-1,-1,1,1,1,1,1,-1,-1,1,1,-1,1,-1,-1,-1,0.0,-62.0389341982358,1
639,-1,-1,1,1,-1,1,-1,-1,1,1,-1,-1,-1,-1,1,-1,-1,1,1,1,1,1,-1,-1,1,1,-1,1,-1,1,1,-1,-1,-1,1,1,-1,1,1,1,0.0,-61.98084282635233,1
640,-1,-1,1,-1,-1,1,1,-1,1,1,-1,1,1,1,1,-1,1,1,-1,1,-1,-1,1,-1,1,1,1,1,-1,-1,1,-1,-1,1,1,1,1,-1,1,1,0.0,-61.94893656466522,1
641,-1,-1,1,1,1,1,1,1,-1,-1,-1,1,1,1,1,1,1,-1,-1,-1,-1,-1,1,1,-1,1,1,-1,-1,-1,-1,1,1,-1,-1,1,-1,1,-1,-1,0.0,-61.89032721737055,1
642,-1,-1,1,-1,-1,-1,-1,-1,1,1,-1,1,1,1,1,-1,-1,1,-1,1,-1,-1,1,1,1,1,1,1,-1,-1,1,-1,-1,-1,1,-1,1,-1,-1,1,0.0,-61.81672411467535,1
643,1,1,1,-1,1,1,1,1,-1,1,1,-1,1,-1,-1,1,1,-1,1,-1,1,1,-1,-1,-1,-1,-1,-1,1,1,-1,1,1,1,1,1,-1,-1,-1,-1,0.0,-61.782682969164945,1
644,-1,-1,-1,1,-1,-1,-1,1,1,-1,1,1,-1,1,1,-1,-1,1,1,1,-1,-1,1,-1,-1,1,-1,1,-1,1,-1,-1,-1,-1,-1,-1,-1,1,1,1,0.025,-69.0203767208395,1
645,-1,-1,1,-1,1,-1,1,1,-1,1,-1,1,1,1,-1,-1,-1,1,-1,-1,-1,-1,1,1,-1,1,1,-1,-1,-1,-1,1,1,1,1,-1,1,-1,1,1,0.0,-61.76233240869505,1
646,-1,1,1,-1,1,1,1,-1,-1,-1,1,1,1,1,-1,1,-1,1,-1,-1,-1,-1,1,1,-1,-1,1,-1,-1,-1,-1,1,1,1,1,1,1,-1,1,1,0.0,-61.61170090021201,1
647,-1,-1,1,-1,1,1,-1,1,1,1,1,1,1,1,-1,-1,-1,1,1,-1,-1,-1,1,1,-1,1,-1,1,-1,-1,-1,-1,1,-1,1,1,1,-1,1,1,0.0,-61.56877034294415,1
648,-1,-1,1,1,-1,1,-1,-1,1,-1,1,1,1,1,1,-1,-1,1,1,-1,-1,-1,1,-1,1,1,-1,1,-1,-1,1,-1,-1,-1,-1,1,-1,1,1,1,0.0,-61.52888523615458,1
649,1,1,1,1,1,1,1,1,-1,-1,1,-1,1,1,-1,1,1,1,-1,-1,-1,1,-1,-1,-1,-1,-1,-1,-1,-1,-1,1,1,1,-1,1,-1,1,1,1,0.0,-61.43348026505475,1
650,-1,-1,-1,1,-1,-1,-1,1,1,-1,-1,1,1,1,-1,-1,1,1,-1,1,-1,-1,1,1,1,1,1,1,-1,-1,-1,-1,1,-1,-1,-1,-1,1,1,1,0.025,-71.83385707980253,1
651,-1,-1,-1,1,-1,-1,-1,1,1,1,-1,-1,-1,-1,1,-1,1,-1,1,-1,1,1,-1,-1,1,1,-1,1,1,1,1,-1,-1,-1,-1,-1,1,1,-1,-1,0.0,-61.380159038071554,1
652,1,1,1,1,-1,1,1,-1,1,1,-1,-1,-1,-1,1,-1,-1,1,-1,1,1,1,-1,1,1,-1,1,-1,-1,1,1,-1,-1,1,1,1,-1,1,1,1,0.0,-61.28748645450245,1
653,1,1,-1,1,1,-1,-1,-1,1,-1,-1,-1,1,-1,1,-1,-1,1,1,1,1,1,-1,1,1,-1,-1,1,-1,1,1,-1,1,-1,-1,-1,-1,1,1,1,0.0,-61.06781650215407,1
654,1,1,-1,-1,1,1,-1,1,-1,-1,1,-1,-1,-1,-1,1,1,-1,1,-1,1,1,-1,-1,-1,-1,-1,-1,1,1,-1,1,1,-1,-1,-1,1,-1,-1,-1,0.0,-60.80143878375592,1
655,-1,-1,1,1,1,1,-1,1,1,-1,-1,1,1,1,1,-1,1,1,-1,1,-1,-1,1,1,1,1,1,1,-1,-1,-1,-1,1,-1,-1,1,-1,1,-1,-1,0.0,-60.69683787993226,1
656,1,1,1,-1,-1,1,1,-1,1,1,-1,-1,-1,-1,1,-1,1,1,1,-1,1,1,-1,1,1,-1,-1,1,1,1,1,-1,-1,1,1,1,1,-1,1,1,0.0,-60.65684722097765,1
657,-1,-1,-1,1,-1,-1,-1,-1,1,1,-1,-1,-1,-1,1,-1,-1,-1,1,-1,1,1,-1,1,1,1,-1,1,1,1,1,-1,-1,1,-1,-1,-1,1,1,1,0.0,-60.65350938373493,1
658,1,1,-1,1,1,-1,-1,1,1,-1,1,1,-1,1,1,-1,1,-1,-1,-1,-1,-1,1,1,1,-1,-1,-1,-1,-1,-1,-1,1,-1,-1,-1,-1,1,-1,-1,0.0,-60.65127934093935,1
659,1,1,1,-1,1,1,1,-1,-1,1,1,-1,1,-1,-1,1,1,1,-1,1,1,1,-1,-1,-1,-1,1,-1,-1,-1,-1,1,1,1,1,1,1,-1,-1,-1,0.0,-60.61250035840115,1
660,-1,-1,-1,1,-1,1,-1,1,1,1,-1,1,1,1,1,-1,-1,1,-1,1,-1,-1,1,1,1,1,1,1,-1,-1,1,-1,-1,1,-1,1,1,1,1,1,0.0,-60.542152198946006,1
661,-1,-1,-1,-1,-1,-1,-1,1,1,1,-1,1,1,1,1,-1,1,1,-1,-1,-1,-1,1,1,1,1,1,1,-1,-1,-1,-1,-1,-1,-1,-1,-1,1,1,1,0.0,-60.4401226200037,1
662,-1,-1,1,-1,1,1,-1,-1,-1,1,1,1,1,1,1,-1,-1,1,-1,-1,-1,-1,1,-1,1,1,1,-1,-1,-1,-1,1,-1,-1,1,1,1,-1,1,1,0.0,-60.08505376626407,1
663,-1,-1,-1,1,-1,1,-1,-1,1,1,-1,1,1,1,1,-1,1,1,-1,1,-1,-1,1,-1,1,1,1,1,-1,-1,1,-1,-1,-1,-1,1,1,1,-1,-1,0.0,-60.076748522598365,1
664,1,-1,1,1,-1,1,1,-1,-1,1,-1,-1,-1,-1,-1,1,-1,-1,-1,1,1,1,-1,-1,1,-1,1,-1,1,1,1,1,-1,1,1,1,-1,1,1,1,0.0,-59.94523182497775,1
665,-1,-1,1,1,1,1,1,1,-1,-1,1,1,1,1,1,-1,1,1,-1,1,-1,-1,1,-1,-1,1,1,-1,-1,-1,-1,1,1,-1,-1,1,-1,1,-1,-1,0.0,-59.93395406106558,1
666,-1,-1,1,1,-1,-1,-1,-1,1,1,-1,-1,-1,-1,1,-1,-1,-1,1,1,1,1,-1,1,1,1,-1,1,1,1,1,-1,-1,-1,1,1,-1,1,1,1,0.0,-59.81585044033152,1
667,1,1,-1,-1,-1,-1,-1,1,1,-1,1,1,1,1,1,-1,1,1,1,-1,-1,-1,1,1,1,-1,-1,1,-1,-1,-1,-1,-1,-1,-1,-1,1,-1,-1,-1,0.0,-59.61174077914015,1
668,1,1,1,-1,1,1,1,-1,-1,-1,1,-1,1,-1,-1,1,-1,1,1,1,1,1,-1,-1,-1,-1,-1,-1,1,1,1,1,1,1,1,-1,1,-1,1,1,0.0,-59.54542424249707,1
669,1,1,-1,1,-1,-1,-1,-1,1,-1,-1,-1,1,-1,1,-1,-1,1,1,1,1,1,-1,1,1,-1,-1,1,-1,1,1,-1,-1,-1,-1,-1,-1,1,1,1,0.025,-69.34146275948706,1
670,1,1,1,-1,-1,1,1,-1,1,1,-1,-1,1,-1,1,-1,-1,1,1,1,1,1,-1,-1,-1,-1,1,1,-1,1,1,1,-1,1,1,1,1,-1,1,1,0.0,-59.333127957888266,1
671,1,1,1,1,-1,1,-1,-1,1,-1,-1,-1,1,-1,1,-1,-1,1,1,1,1,1,-1,1,1,-1,-1,1,-1,1,1,-1,-1,-1,-1,1,-1,1,-1,1,0.0,-59.305437546676934,1
672,-1,-1,1,-1,-1,1,1,-1,-1,1,1,1,1,-1,1,1,-1,1,-1,1,1,1,1,1,-1,1,1,-1,-1,-1,1,1,-1,1,1,1,1,-1,-1,1,0.0,-59.250585279156326,1
673,-1,-1,-1,1,-1,1,-1,-1,1,-1,1,1,1,1,1,-1,-1,1,-1,-1,-1,-1,1,1,1,1,-1,1,-1,-1,1,-1,-1,-1,-1,-1,-1,1,1,1,0.0,-59.187483023119356,1
674,-1,-1,-1,1,1,-1,-1,1,1,-1,-1,1,1,1,1,-1,1,-1,-1,1,-1,-1,1,1,1,1,1,1,-1,-1,-1,-1,1,-1,-1,-1,-1,1,-1,-1,0.025,-70.64848764584926,1
675,-1,-1,-1,1,-1,-1,-1,1,1,-1,-1,1,1,1,-1,-1,-1,1,-1,1,-1,-1,1,1,1,1,1,1,-1,-1,-1,-1,1,-1,1,-1,-1,1,1,1,0.0,-58.95183120999008,1
676,1,1,1,1,-1,-1,-1,-1,1,1,1,-1,-1,-1,1,-1,-1,-1,1,-1,1,1,-1,-1,1,-1,-1,1,1,1,1,-1,-1,-1,1,-1,-1,1,1,1,0.0,-58.873210648787094,1
677,-1,-1,1,1,-1,-1,-1,1,1,1,1,1,-1,1,1,-1,1,1,-1,-1,-1,-1,1,-1,-1,1,-1,-1,-1,-1,-1,-1,1,-1,-1,1,-1,1,-1,-1,0.0,-58.812995661767985,1
678,-1,-1,1,1,1,1,1,-1,-1,1,1,1,1,-1,-1,1,1,1,-1,-1,1,1,1,1,-1,1,1,-1,-1,-1,1,1,-1,1,1,1,-1,1,1,1,0.0,-58.80091029250951,1
679,-1,-1,-1,1,-1,1,-1,-1,1,-1,-1,1,1,1,1,-1,-1,1,-1,1,-1,-1,1,1,-1,1,1,1,-1,-1,1,-1,-1,-1,-1,1,1,1,1,1,0.0,-58.79058553151132,1
680,-1,-1,1,-1,-1,1,1,-1,-1,1,1,1,1,1,-1,1,1,1,-1,1,-1,-1,1,1,-1,1,1,-1,1,-1,1,1,-1,1,1,1,1,-1,1,1,0.025,-56.459558479220156,1
681,-1,-1,1,-1,1,1,-1,1,-1,1,1,1,1,1,-1,1,1,1,-1,-1,-1,-1,1,-1,1,1,1,-1,-1,-1,-1,1,1,-1,1,1,1,-1,1,1,0.025,-64.14068757268704,1
682,1,1,1,-1,-1,1,1,-1,-1,1,-1,-1,1,-1,1,1,1,-1,-1,-1,1,1,-1,1,-1,-1,1,-1,1,-1,1,1,-1,1,1,1,1,-1,-1,-1,0.025,-67.37478201121755,1
683,1,1,-1,1,-1,-1,-1,1,-1,1,1,1,-1,1,1,-1,-1,1,-1,-1,-1,-1,1,1,-1,-1,1,-1,-1,-1,-1,-1,1,-1,-1,-1,-1,1,1,1,0.0,-57.78743423084221,1
684,1,1,1,-1,-1,1,1,-1,-1,1,1,-1,-1,-1,1,1,-1,-1,1,-1,1,1,-1,1,-1,-1,-1,-1,1,1,1,1,-1,1,1,1,1,1,1,1,0.025,-65.00143705349687,1
685,1,1,1,1,-1,1,1,-1,1,-1,1,-1,1,-1,1,-1,-1,1,1,1,1,1,-1,-1,1,-1,-1,1,-1,1,1,1,-1,1,1,1,-1,1,1,1,0.025,-56.20828088820321,1
686,-1,-1,-1,-1,-1,1,-1,-1,1,1,-1,1,1,1,1,-1,1,1,-1,1,-1,-1,1,1,1,1,1,1,-1,-1,1,-1,-1,-1,1,-1,1,1,1,1,0.025,-63.542622544751254,1
687,1,1,-1,-1,-1,-1,1,1,-1,-1,1,-1,1,1,-1,-1,-1,1,-1,-1,-1,1,-1,1,-1,-1,-1,-1,-1,-1,-1,1,1,1,-1,-1,1,-1,1,1,0.0,-57.19650316839323,1
688,-1,-1,-1,-1,-1,1,-1,1,1,-1,1,1,1,1,1,-1,1,1,1,-1,-1,-1,1,-1,-1,1,-1,1,-1,-1,-1,-1,-1,-1,-1,-1,1,-1,-1,1,0.0,-57.048760145888494,1
689,-1,-1,-1,1,-1,-1,-1,1,1,-1,-1,1,-1,1,1,-1,-1,1,1,-1,-1,-1,1,1,1,1,-1,1,-1,-1,-1,-1,-1,-1,1,-1,-1,1,1,1,0.0,-56.62439569406874,1
690,1,1,-1,1,-1,-1,-1,1,-1,1,1,1,1,1,-1,1,-1,1,-1,-1,-1,-1,1,1,1,-1,1,-1,-1,-1,-1,1,1,-1,-1,-1,-1,1,1,1,0.0,-55.844553435744636,1
691,-1,-1,1,-1,-1,1,1,1,-1,1,1,1,1,1,-1,1,-1,1,-1,1,1,-1,1,1,-1,-1,1,-1,-1,-1,-1,1,-1,1,1,1,1,-1,1,1,0.0,-54.23754162797141,1
692,-1,-1,-1,1,-1,1,1,-1,-1,1,-1,1,1,1,1,1,1,1,-1,1,-1,-1,1,1,-1,1,1,1,-1,-1,1,1,-1,1,1,1,1,1,-1,-1,0.0,-54.16297086610887,1
693,-1,-1,1,-1,1,1,-1,-1,1,1,-1,1,1,1,-1,-1,-1,1,-1,1,-1,-1,1,-1,1,1,1,1,-1,-1,1,-1,1,-1,1,1,1,-1,1,1,0.025,-64.69026249299816,1
694,1,1,1,-1,-1,1,-1,-1,1,1,1,-1,-1,-1,1,-1,1,-1,1,-1,1,1,-1,1,1,-1,-1,-1,1,1,1,-1,-1,1,1,1,1,-1,-1,-1,0.025,-66.83370536842781,1
