,2,3,4,5,6,7,8,9,10,11,12,13,14,15,16,17,18,19,20,21,26,27,28,29,30,31,32,33,34,35,36,37,38,39,40,41,42,43,44,45
0,0.0,-2.081738897957714,0.0,0.0,0.0,0.0,0.0,0.0,0.0,0.0,0.0,0.0,0.0,0.0,0.0,0.0,0.0,0.0,0.0,0.0,0.0,0.0,1.2343727629289387,0.691014789807917,-0.3241895239063172,1.7485487693697157,0.0,0.0,0.0,0.0,0.0,0.0,0.0,0.0,0.0,0.0,0.0,0.0,0.0,0.0
1,-2.081738897957714,0.0,0.0,0.0,0.0,0.0,0.0,0.0,0.0,0.0,0.0,0.0,0.0,0.0,0.0,0.0,0.0,0.0,0.0,0.0,0.0,0.0,0.7315940983555882,-0.8765990241606537,0.2427557682540772,1.7232895446345073,0.0,0.0,0.0,0.0,0.0,0.0,0.0,0.0,0.0,0.0,0.0,0.0,0.0,0.0
2,0.0,0.0,0.0,0.3912314931565443,0.0,0.0,0.0,0.0,0.0,0.0,0.0,0.0,0.0,0.0,0.0,0.0,0.0,0.0,0.0,0.0,0.0,0.0,0.0,0.0,0.0,0.0,0.0,0.0,0.0,0.0,0.0,0.0,0.0,0.0,-0.87016719185348,-1.6140108706415783,0.14027889457170134,0.0448105101697859,0.0,0.0
3,0.0,0.0,0.3912314931565443,0.0,0.0,0.0,0.0,0.0,0.0,0.0,0.0,0.0,0.0,0.0,0.0,0.0,0.0,0.0,0.0,0.0,0.0,0.0,0.0,0.0,0.0,0.0,0.0,0.0,0.0,0.0,0.0,0.0,0.0,0.0,1.7567860198350385,-1.2933307309105841,0.8993147513108255,-1.3686845679769637,0.0,0.0
4,0.0,0.0,0.0,0.0,0.0,-0.657478928247799,0.0,0.0,0.0,0.0,0.0,0.0,0.0,0.0,0.0,0.0,0.0,0.0,0.0,0.0,0.0,0.0,0.0,0.0,0.0,0.0,0.0,0.0,0.0,0.0,0.7542306596648811,-0.35451078442039635,-1.4167831674416378,0.25876554816759684,-0.5902263168299497,-0.12185109355677126,0.5447237282372163,1.1231818907378563,0.0,0.0
5,0.0,0.0,0.0,0.0,-0.657478928247799,0.0,0.0,0.0,0.0,0.0,0.0,0.0,0.0,0.0,0.0,0.0,0.0,0.0,0.0,0.0,0.0,0.0,0.0,0.0,0.0,0.0,0.0,0.0,0.0,0.0,-0.9828857771915077,-1.2650151741959499,0.8353898628490148,-0.04352730136422972,-0.8379533094429649,-1.290306305264304,-0.5634636469698201,0.12604723145553284,0.0,0.0
6,0.0,0.0,0.0,0.0,0.0,0.0,0.0,-0.11934232854445345,0.0,0.0,0.0,0.0,0.0,0.0,0.0,0.0,0.0,0.0,0.0,0.0,0.0,0.0,0.0,0.0,1.245349884445953,0.622045316807015,0.0,0.0,0.0,0.0,-0.5471453046812598,-1.330248633061082,-1.1472150723977181,-1.3135013258339523,-0.19713689902659903,-0.2636713149281052,0.0,0.0,0.0,0.0
7,0.0,0.0,0.0,0.0,0.0,0.0,-0.11934232854445345,0.0,0.0,0.0,0.0,0.0,0.0,0.0,0.0,0.0,0.0,0.0,0.0,0.0,0.0,0.0,0.0,0.0,0.2840216760476329,-0.6000242596608094,0.0,0.0,0.0,0.0,2.102104871828965,0.8391921416796055,-0.9356568582690589,0.45069756929061416,1.3665895505629257,0.05997849417098428,0.0,0.0,0.0,0.0
8,0.0,0.0,0.0,0.0,0.0,0.0,0.0,0.0,0.0,0.4507322789961207,0.0,0.0,0.0,0.0,0.0,0.0,0.0,0.0,0.0,0.0,0.0,0.0,0.0,0.0,-0.2863125768159214,-0.23732903079756099,0.7920444803199118,-1.3907312698702563,0.29442508865715833,-0.42140476126002246,-1.3889374522866718,2.989541371371928,0.4857305530043578,0.6408716465131894,0.24092790799840705,0.0658398529015925,0.0,0.0,0.0,0.0
9,0.0,0.0,0.0,0.0,0.0,0.0,0.0,0.0,0.4507322789961207,0.0,0.0,0.0,0.0,0.0,0.0,0.0,0.0,0.0,0.0,0.0,0.0,0.0,0.0,0.0,-0.0447282583836472,0.2830678164367815,-0.5328952177873758,0.23401387172395363,-0.19672317568329656,0.38922756458071867,-0.6989293240769104,0.9500430894380101,0.07428897569219187,-0.40775693028049004,-1.11775080213149,-0.6142040131231575,0.0,0.0,0.0,0.0
10,0.0,0.0,0.0,0.0,0.0,0.0,0.0,0.0,0.0,0.0,0.0,-0.025445781916653556,0.0,0.0,0.0,0.0,0.0,0.0,0.0,0.0,0.20549771287526022,-0.41151804480116455,-1.2932020825816308,0.5083402601361843,0.5100498342406452,0.9881108463798847,0.7811975393990298,0.3726302947579318,-0.06070966988053105,0.30294224816568843,0.36247693986976093,-0.15268736612578704,0.0,0.0,0.0,0.0,0.0,0.0,0.0,0.0
11,0.0,0.0,0.0,0.0,0.0,0.0,0.0,0.0,0.0,0.0,-0.025445781916653556,0.0,0.0,0.0,0.0,0.0,0.0,0.0,0.0,0.0,-0.08636393813123448,1.721581748184038,-2.646129580480771,0.3026237744852422,0.2112362391248085,-1.1310332884602763,-0.9755254260872916,0.29292988851960583,-0.011854276252496191,1.360265312983479,0.5686213909710448,0.7900367947461553,0.0,0.0,0.0,0.0,0.0,0.0,0.0,0.0
12,0.0,0.0,0.0,0.0,0.0,0.0,0.0,0.0,0.0,0.0,0.0,0.0,0.0,-0.49340999212823955,0.0,0.0,0.0,0.0,0.0,0.0,0.032157416426323714,-0.1824261662657299,0.0,0.0,0.0,0.0,-0.34644928187853297,-0.8022980146284813,1.3747609873205093,0.7898960947675963,-0.5228531496887244,-1.6112319322521842,0.0,0.0,0.0,0.0,0.0,0.0,0.0,0.0
13,0.0,0.0,0.0,0.0,0.0,0.0,0.0,0.0,0.0,0.0,0.0,0.0,-0.49340999212823955,0.0,0.0,0.0,0.0,0.0,0.0,0.0,1.5584372110065687,1.9731835625600236,0.0,0.0,0.0,0.0,0.3611848397679232,-1.2041188478004468,0.7478866424783819,1.7757210207806475,1.8401335446477658,0.6740975210991861,0.0,0.0,0.0,0.0,0.0,0.0,0.0,0.0
14,0.0,0.0,0.0,0.0,0.0,0.0,0.0,0.0,0.0,0.0,0.0,0.0,0.0,0.0,0.0,0.5749764727579668,0.0,0.0,0.0,0.0,0.0,0.0,0.0,0.0,0.0,0.0,0.0,0.0,0.012743573976204136,-0.423879231881536,-0.24442848152682647,0.15041472197478117,0.5377989923778097,0.6786800500018143,0.0,0.0,0.0,0.0,1.465618175746271,-0.7966671529295959
15,0.0,0.0,0.0,0.0,0.0,0.0,0.0,0.0,0.0,0.0,0.0,0.0,0.0,0.0,0.5749764727579668,0.0,0.0,0.0,0.0,0.0,0.0,0.0,0.0,0.0,0.0,0.0,0.0,0.0,-2.295222301176148,0.8533955506501962,-0.20411385486229305,-2.984971300109119,-0.1329241015081429,-0.022910034455552487,0.0,0.0,0.0,0.0,0.671614043763612,-0.08120485552483994
16,0.0,0.0,0.0,0.0,0.0,0.0,0.0,0.0,0.0,0.0,0.0,0.0,0.0,0.0,0.0,0.0,0.0,0.4224561716116946,0.0,0.0,0.0,0.0,0.0,0.0,0.0,0.0,0.0,0.0,0.052802038538818645,0.8211928929793956,0.0,0.0,0.0,0.0,0.0,0.0,0.0,0.0,0.4542946492066989,0.8115248404207833
17,0.0,0.0,0.0,0.0,0.0,0.0,0.0,0.0,0.0,0.0,0.0,0.0,0.0,0.0,0.0,0.0,0.4224561716116946,0.0,0.0,0.0,0.0,0.0,0.0,0.0,0.0,0.0,0.0,0.0,1.3753677800886328,0.6531456125315754,0.0,0.0,0.0,0.0,0.0,0.0,0.0,0.0,-0.07071851598656555,-1.4821623945482896
18,0.0,0.0,0.0,0.0,0.0,0.0,0.0,0.0,0.0,0.0,0.0,0.0,0.0,0.0,0.0,0.0,0.0,0.0,0.0,0.6143322935074051,0.0,0.0,0.0,0.0,0.0,0.0,1.0292105013218307,-1.7082757005362221,-0.31721415108819573,-2.1546479776427168,0.0,0.0,0.0,0.0,0.0,0.0,0.0,0.0,0.0,0.0
19,0.0,0.0,0.0,0.0,0.0,0.0,0.0,0.0,0.0,0.0,0.0,0.0,0.0,0.0,0.0,0.0,0.0,0.0,0.6143322935074051,0.0,0.0,0.0,0.0,0.0,0.0,0.0,-0.8661027329547363,-0.5932840287475856,0.3078998037363947,-1.3933735643606509,0.0,0.0,0.0,0.0,0.0,0.0,0.0,0.0,0.0,0.0
20,0.0,0.0,0.0,0.0,0.0,0.0,0.0,0.0,0.0,0.0,0.20549771287526022,-0.08636393813123448,0.032157416426323714,1.5584372110065687,0.0,0.0,0.0,0.0,0.0,0.0,0.0,0.1975266072575503,0.0,0.0,0.0,0.0,0.0,0.0,0.0,0.0,0.0,0.0,0.0,0.0,0.0,0.0,0.0,0.0,0.0,0.0
21,0.0,0.0,0.0,0.0,0.0,0.0,0.0,0.0,0.0,0.0,-0.41151804480116455,1.721581748184038,-0.1824261662657299,1.9731835625600236,0.0,0.0,0.0,0.0,0.0,0.0,0.1975266072575503,0.0,0.0,0.0,0.0,0.0,0.0,0.0,0.0,0.0,0.0,0.0,0.0,0.0,0.0,0.0,0.0,0.0,0.0,0.0
22,1.2343727629289387,0.7315940983555882,0.0,0.0,0.0,0.0,0.0,0.0,0.0,0.0,-1.2932020825816308,-2.646129580480771,0.0,0.0,0.0,0.0,0.0,0.0,0.0,0.0,0.0,0.0,0.0,-0.8401668173729033,0.0,0.0,0.0,0.0,0.0,0.0,0.0,0.0,0.0,0.0,0.0,0.0,0.0,0.0,0.0,0.0
23,0.691014789807917,-0.8765990241606537,0.0,0.0,0.0,0.0,0.0,0.0,0.0,0.0,0.5083402601361843,0.3026237744852422,0.0,0.0,0.0,0.0,0.0,0.0,0.0,0.0,0.0,0.0,-0.8401668173729033,0.0,0.0,0.0,0.0,0.0,0.0,0.0,0.0,0.0,0.0,0.0,0.0,0.0,0.0,0.0,0.0,0.0
24,-0.3241895239063172,0.2427557682540772,0.0,0.0,0.0,0.0,1.245349884445953,0.2840216760476329,-0.2863125768159214,-0.0447282583836472,0.5100498342406452,0.2112362391248085,0.0,0.0,0.0,0.0,0.0,0.0,0.0,0.0,0.0,0.0,0.0,0.0,0.0,0.07642640595427029,0.0,0.0,0.0,0.0,0.0,0.0,0.0,0.0,0.0,0.0,0.0,0.0,0.0,0.0
25,1.7485487693697157,1.7232895446345073,0.0,0.0,0.0,0.0,0.622045316807015,-0.6000242596608094,-0.23732903079756099,0.2830678164367815,0.9881108463798847,-1.1310332884602763,0.0,0.0,0.0,0.0,0.0,0.0,0.0,0.0,0.0,0.0,0.0,0.0,0.07642640595427029,0.0,0.0,0.0,0.0,0.0,0.0,0.0,0.0,0.0,0.0,0.0,0.0,0.0,0.0,0.0
26,0.0,0.0,0.0,0.0,0.0,0.0,0.0,0.0,0.7920444803199118,-0.5328952177873758,0.7811975393990298,-0.9755254260872916,-0.34644928187853297,0.3611848397679232,0.0,0.0,0.0,0.0,1.0292105013218307,-0.8661027329547363,0.0,0.0,0.0,0.0,0.0,0.0,0.0,-0.07177064959213879,0.0,0.0,0.0,0.0,0.0,0.0,0.0,0.0,0.0,0.0,0.0,0.0
27,0.0,0.0,0.0,0.0,0.0,0.0,0.0,0.0,-1.3907312698702563,0.23401387172395363,0.3726302947579318,0.29292988851960583,-0.8022980146284813,-1.2041188478004468,0.0,0.0,0.0,0.0,-1.7082757005362221,-0.5932840287475856,0.0,0.0,0.0,0.0,0.0,0.0,-0.07177064959213879,0.0,0.0,0.0,0.0,0.0,0.0,0.0,0.0,0.0,0.0,0.0,0.0,0.0
28,0.0,0.0,0.0,0.0,0.0,0.0,0.0,0.0,0.29442508865715833,-0.19672317568329656,-0.06070966988053105,-0.011854276252496191,1.3747609873205093,0.7478866424783819,0.012743573976204136,-2.295222301176148,0.052802038538818645,1.3753677800886328,-0.31721415108819573,0.3078998037363947,0.0,0.0,0.0,0.0,0.0,0.0,0.0,0.0,0.0,-2.0389529847929637,0.0,0.0,0.0,0.0,0.0,0.0,0.0,0.0,0.0,0.0
29,0.0,0.0,0.0,0.0,0.0,0.0,0.0,0.0,-0.42140476126002246,0.38922756458071867,0.30294224816568843,1.360265312983479,0.7898960947675963,1.7757210207806475,-0.423879231881536,0.8533955506501962,0.8211928929793956,0.6531456125315754,-2.1546479776427168,-1.3933735643606509,0.0,0.0,0.0,0.0,0.0,0.0,0.0,0.0,-2.0389529847929637,0.0,0.0,0.0,0.0,0.0,0.0,0.0,0.0,0.0,0.0,0.0
30,0.0,0.0,0.0,0.0,0.7542306596648811,-0.9828857771915077,-0.5471453046812598,2.102104871828965,-1.3889374522866718,-0.6989293240769104,0.36247693986976093,0.5686213909710448,-0.5228531496887244,1.8401335446477658,-0.24442848152682647,-0.20411385486229305,0.0,0.0,0.0,0.0,0.0,0.0,0.0,0.0,0.0,0.0,0.0,0.0,0.0,0.0,0.0,1.3467622053981128,0.0,0.0,0.0,0.0,0.0,0.0,0.0,0.0
31,0.0,0.0,0.0,0.0,-0.35451078442039635,-1.2650151741959499,-1.330248633061082,0.8391921416796055,2.989541371371928,0.9500430894380101,-0.15268736612578704,0.7900367947461553,-1.6112319322521842,0.6740975210991861,0.15041472197478117,-2.984971300109119,0.0,0.0,0.0,0.0,0.0,0.0,0.0,0.0,0.0,0.0,0.0,0.0,0.0,0.0,1.3467622053981128,0.0,0.0,0.0,0.0,0.0,0.0,0.0,0.0,0.0
32,0.0,0.0,0.0,0.0,-1.4167831674416378,0.8353898628490148,-1.1472150723977181,-0.9356568582690589,0.4857305530043578,0.07428897569219187,0.0,0.0,0.0,0.0,0.5377989923778097,-0.1329241015081429,0.0,0.0,0.0,0.0,0.0,0.0,0.0,0.0,0.0,0.0,0.0,0.0,0.0,0.0,0.0,0.0,0.0,0.9908140074022285,0.0,0.0,0.0,0.0,0.0,0.0
33,0.0,0.0,0.0,0.0,0.25876554816759684,-0.04352730136422972,-1.3135013258339523,0.45069756929061416,0.6408716465131894,-0.40775693028049004,0.0,0.0,0.0,0.0,0.6786800500018143,-0.022910034455552487,0.0,0.0,0.0,0.0,0.0,0.0,0.0,0.0,0.0,0.0,0.0,0.0,0.0,0.0,0.0,0.0,0.9908140074022285,0.0,0.0,0.0,0.0,0.0,0.0,0.0
34,0.0,0.0,-0.87016719185348,1.7567860198350385,-0.5902263168299497,-0.8379533094429649,-0.19713689902659903,1.3665895505629257,0.24092790799840705,-1.11775080213149,0.0,0.0,0.0,0.0,0.0,0.0,0.0,0.0,0.0,0.0,0.0,0.0,0.0,0.0,0.0,0.0,0.0,0.0,0.0,0.0,0.0,0.0,0.0,0.0,0.0,-0.2777556669463391,0.0,0.0,0.0,0.0
35,0.0,0.0,-1.6140108706415783,-1.2933307309105841,-0.12185109355677126,-1.290306305264304,-0.2636713149281052,0.05997849417098428,0.0658398529015925,-0.6142040131231575,0.0,0.0,0.0,0.0,0.0,0.0,0.0,0.0,0.0,0.0,0.0,0.0,0.0,0.0,0.0,0.0,0.0,0.0,0.0,0.0,0.0,0.0,0.0,0.0,-0.2777556669463391,0.0,0.0,0.0,0.0,0.0
36,0.0,0.0,0.14027889457170134,0.8993147513108255,0.5447237282372163,-0.5634636469698201,0.0,0.0,0.0,0.0,0.0,0.0,0.0,0.0,0.0,0.0,0.0,0.0,0.0,0.0,0.0,0.0,0.0,0.0,0.0,0.0,0.0,0.0,0.0,0.0,0.0,0.0,0.0,0.0,0.0,0.0,0.0,0.7203829833730486,0.0,0.0
37,0.0,0.0,0.0448105101697859,-1.3686845679769637,1.1231818907378563,0.12604723145553284,0.0,0.0,0.0,0.0,0.0,0.0,0.0,0.0,0.0,0.0,0.0,0.0,0.0,0.0,0.0,0.0,0.0,0.0,0.0,0.0,0.0,0.0,0.0,0.0,0.0,0.0,0.0,0.0,0.0,0.0,0.7203829833730486,0.0,0.0,0.0
38,0.0,0.0,0.0,0.0,0.0,0.0,0.0,0.0,0.0,0.0,0.0,0.0,0.0,0.0,1.465618175746271,0.671614043763612,0.4542946492066989,-0.07071851598656555,0.0,0.0,0.0,0.0,0.0,0.0,0.0,0.0,0.0,0.0,0.0,0.0,0.0,0.0,0.0,0.0,0.0,0.0,0.0,0.0,0.0,-2.455850604576179
39,0.0,0.0,0.0,0.0,0.0,0.0,0.0,0.0,0.0,0.0,0.0,0.0,0.0,0.0,-0.7966671529295959,-0.08120485552483994,0.8115248404207833,-1.4821623945482896,0.0,0.0,0.0,0.0,0.0,0.0,0.0,0.0,0.0,0.0,0.0,0.0,0.0,0.0,0.0,0.0,0.0,0.0,0.0,0.0,-2.455850604576179,0.0
