,2,3,4,5,6,7,8,9,10,11,12,13,14,15,16,17,18,19,20,21,26,27,28,29,30,31,32,33,34,35,36,37,38,39,40,41,42,43,44,45,chain_break_fraction,energy,num_occurrences
0,1,1,-1,-1,1,1,1,1,-1,-1,-1,-1,-1,-1,1,1,-1,-1,-1,1,1,1,-1,1,-1,-1,1,1,1,1,1,-1,1,1,-1,-1,1,1,-1,1,0.0,-76.35850602435244,60
1,-1,-1,1,1,-1,-1,-1,-1,1,1,1,1,1,1,-1,-1,1,1,1,-1,-1,-1,1,-1,1,1,-1,-1,-1,-1,-1,1,-1,-1,1,1,-1,-1,1,-1,0.0,-76.35850602435244,22
2,-1,-1,1,1,-1,-1,-1,-1,1,1,1,1,1,1,-1,-1,1,1,1,-1,1,-1,1,-1,1,1,-1,-1,-1,-1,-1,1,-1,-1,1,1,-1,-1,1,-1,0.0,-76.21164523704314,11
3,1,1,-1,-1,1,1,1,1,-1,-1,-1,-1,-1,-1,1,1,-1,-1,-1,1,-1,1,-1,1,-1,-1,1,1,1,1,1,-1,1,1,-1,-1,1,1,-1,1,0.0,-76.21164523704314,50
4,1,1,-1,-1,1,1,1,1,-1,-1,-1,-1,-1,-1,1,1,-1,-1,1,1,1,1,-1,1,-1,-1,1,1,1,1,1,-1,1,1,-1,-1,1,1,-1,1,0.0,-75.90086505668162,20
5,-1,-1,1,1,-1,-1,-1,-1,1,1,1,1,1,1,-1,-1,1,1,-1,-1,-1,-1,1,-1,1,1,-1,-1,-1,-1,-1,1,-1,-1,1,1,-1,-1,1,-1,0.0,-75.90086505668162,7
6,1,1,-1,-1,1,1,1,1,-1,1,-1,-1,-1,-1,1,1,-1,-1,-1,1,1,1,-1,1,-1,-1,1,1,1,1,1,-1,1,1,-1,-1,1,1,-1,1,0.0,-75.83003313597493,25
7,-1,-1,1,1,-1,-1,-1,-1,1,-1,1,1,1,1,-1,-1,1,1,1,-1,-1,-1,1,-1,1,1,-1,-1,-1,-1,-1,1,-1,-1,1,1,-1,-1,1,-1,0.0,-75.83003313597493,5
8,1,1,-1,-1,1,1,1,1,-1,-1,-1,-1,-1,-1,1,1,-1,-1,1,1,-1,1,-1,1,-1,-1,1,1,1,1,1,-1,1,1,-1,-1,1,1,-1,1,0.0,-75.75400426937233,14
9,-1,-1,1,1,-1,-1,-1,-1,1,1,1,1,1,1,-1,-1,1,1,-1,-1,1,-1,1,-1,1,1,-1,-1,-1,-1,-1,1,-1,-1,1,1,-1,-1,1,-1,0.0,-75.75400426937233,7
10,-1,-1,1,1,-1,-1,-1,-1,1,-1,1,1,1,1,-1,-1,1,1,1,-1,1,-1,1,-1,1,1,-1,-1,-1,-1,-1,1,-1,-1,1,1,-1,-1,1,-1,0.0,-75.68317234866564,6
11,1,1,-1,-1,1,1,1,1,-1,1,-1,-1,-1,-1,1,1,-1,-1,-1,1,-1,1,-1,1,-1,-1,1,1,1,1,1,-1,1,1,-1,-1,1,1,-1,1,0.0,-75.68317234866564,12
12,-1,-1,1,-1,-1,-1,-1,-1,1,1,1,1,1,1,-1,-1,1,1,1,-1,-1,-1,1,-1,1,1,-1,-1,-1,-1,-1,1,-1,-1,1,1,-1,-1,1,-1,0.0,-75.63973314930743,6
13,1,1,-1,1,1,1,1,1,-1,-1,-1,-1,-1,-1,1,1,-1,-1,-1,1,1,1,-1,1,-1,-1,1,1,1,1,1,-1,1,1,-1,-1,1,1,-1,1,0.0,-75.63973314930743,21
14,1,1,-1,1,1,1,1,1,-1,-1,-1,-1,-1,-1,1,1,-1,-1,-1,1,-1,1,-1,1,-1,-1,1,1,1,1,1,-1,1,1,-1,-1,1,1,-1,1,0.0,-75.49287236199814,12
15,-1,-1,1,-1,-1,-1,-1,-1,1,1,1,1,1,1,-1,-1,1,1,1,-1,1,-1,1,-1,1,1,-1,-1,-1,-1,-1,1,-1,-1,1,1,-1,-1,1,-1,0.0,-75.49287236199814,3
16,1,1,-1,-1,1,1,1,1,-1,-1,-1,-1,-1,-1,1,1,-1,-1,-1,-1,1,1,-1,1,-1,-1,1,1,1,1,1,-1,1,1,-1,-1,1,1,-1,1,0.0,-75.38851053189754,10
17,-1,-1,1,1,-1,-1,-1,-1,1,1,1,1,1,1,-1,-1,1,1,1,1,-1,-1,1,-1,1,1,-1,-1,-1,-1,-1,1,-1,-1,1,1,-1,-1,1,-1,0.0,-75.38851053189754,2
18,-1,-1,1,1,-1,-1,-1,-1,1,-1,1,1,1,1,-1,-1,1,1,-1,-1,-1,-1,1,-1,1,1,-1,-1,-1,-1,-1,1,-1,-1,1,1,-1,-1,1,-1,0.0,-75.37239216830412,5
19,1,1,-1,-1,1,1,1,1,-1,1,-1,-1,-1,-1,1,1,-1,-1,1,1,1,1,-1,1,-1,-1,1,1,1,1,1,-1,1,1,-1,-1,1,1,-1,1,0.0,-75.37239216830412,4
20,1,1,-1,-1,1,1,1,1,-1,-1,-1,-1,-1,-1,1,1,-1,-1,-1,-1,-1,1,-1,1,-1,-1,1,1,1,1,1,-1,1,1,-1,-1,1,1,-1,1,0.0,-75.24164974458824,7
21,-1,-1,1,1,-1,-1,-1,-1,1,1,1,1,1,1,-1,-1,1,1,1,1,1,-1,1,-1,1,1,-1,-1,-1,-1,-1,1,-1,-1,1,1,-1,-1,1,-1,0.0,-75.24164974458824,2
22,1,1,-1,-1,1,1,1,1,-1,1,-1,-1,-1,-1,1,1,-1,-1,1,1,-1,1,-1,1,-1,-1,1,1,1,1,1,-1,1,1,-1,-1,1,1,-1,1,0.0,-75.22553138099482,7
23,-1,-1,1,-1,-1,-1,-1,-1,1,1,1,1,1,1,-1,-1,1,1,-1,-1,-1,-1,1,-1,1,1,-1,-1,-1,-1,-1,1,-1,-1,1,1,-1,-1,1,-1,0.0,-75.1820921816366,3
24,1,1,-1,1,1,1,1,1,-1,-1,-1,-1,-1,-1,1,1,-1,-1,1,1,1,1,-1,1,-1,-1,1,1,1,1,1,-1,1,1,-1,-1,1,1,-1,1,0.0,-75.1820921816366,6
25,-1,-1,1,-1,-1,-1,-1,-1,1,-1,1,1,1,1,-1,-1,1,1,1,-1,-1,-1,1,-1,1,1,-1,-1,-1,-1,-1,1,-1,-1,1,1,-1,-1,1,-1,0.0,-75.11126026092992,4
26,1,1,-1,1,1,1,1,1,-1,1,-1,-1,-1,-1,1,1,-1,-1,-1,1,1,1,-1,1,-1,-1,1,1,1,1,1,-1,1,1,-1,-1,1,1,-1,1,0.0,-75.11126026092992,8
27,1,1,-1,1,1,1,1,1,-1,-1,-1,-1,-1,-1,1,1,-1,-1,1,1,-1,1,-1,1,-1,-1,1,1,1,1,1,-1,1,1,-1,-1,1,1,-1,1,0.0,-75.03523139432731,4
28,-1,-1,1,-1,-1,-1,-1,-1,1,1,1,1,1,1,-1,-1,1,1,-1,-1,1,-1,1,-1,1,1,-1,-1,-1,-1,-1,1,-1,-1,1,1,-1,-1,1,-1,0.0,-75.03523139432727,1
29,1,1,-1,1,1,1,1,1,-1,1,-1,-1,-1,-1,1,1,-1,-1,-1,1,-1,1,-1,1,-1,-1,1,1,1,1,1,-1,1,1,-1,-1,1,1,-1,1,0.0,-74.96439947362063,5
30,-1,-1,1,-1,-1,-1,-1,-1,1,-1,1,1,1,1,-1,-1,1,1,1,-1,1,-1,1,-1,1,1,-1,-1,-1,-1,-1,1,-1,-1,1,1,-1,-1,1,-1,0.0,-74.96439947362063,3
31,-1,-1,1,1,-1,-1,-1,-1,1,-1,1,1,1,1,-1,-1,1,1,1,1,-1,-1,1,-1,1,1,-1,-1,-1,-1,-1,1,-1,-1,1,1,-1,-1,1,-1,0.0,-74.86003764352003,2
32,1,1,-1,-1,1,1,1,1,-1,1,-1,-1,-1,-1,1,1,-1,-1,-1,-1,1,1,-1,1,-1,-1,1,1,1,1,1,-1,1,1,-1,-1,1,1,-1,1,0.0,-74.86003764352003,5
33,1,1,-1,1,1,1,1,1,-1,-1,-1,-1,-1,-1,1,1,-1,-1,-1,1,1,1,-1,1,-1,-1,1,1,1,1,1,-1,1,1,-1,-1,-1,1,-1,1,0.0,-74.77808690384296,3
34,-1,-1,1,-1,-1,-1,-1,-1,1,1,1,1,1,1,-1,-1,1,1,1,-1,-1,-1,1,-1,1,1,-1,-1,-1,-1,-1,1,-1,-1,1,1,1,-1,1,-1,0.0,-74.77808690384296,1
35,1,1,1,-1,1,1,1,1,-1,-1,-1,-1,-1,-1,1,1,-1,-1,-1,1,1,1,-1,1,-1,-1,1,1,1,1,1,-1,1,1,-1,-1,1,-1,-1,1,0.0,-74.72774029891423,5
36,-1,-1,-1,1,-1,-1,-1,-1,1,1,1,1,1,1,-1,-1,1,1,1,-1,-1,-1,1,-1,1,1,-1,-1,-1,-1,-1,1,-1,-1,1,1,-1,1,1,-1,0.0,-74.72774029891423,3
37,1,1,-1,-1,1,1,1,1,-1,1,-1,-1,-1,-1,1,1,-1,-1,-1,-1,-1,1,-1,1,-1,-1,1,1,1,1,1,-1,1,1,-1,-1,1,1,-1,1,0.0,-74.71317685621074,2
38,1,1,-1,1,1,1,1,1,-1,-1,-1,-1,-1,-1,1,1,-1,-1,-1,-1,1,1,-1,1,-1,-1,1,1,1,1,1,-1,1,1,-1,-1,1,1,-1,1,0.0,-74.66973765685252,3
39,-1,-1,1,-1,-1,-1,-1,-1,1,1,1,1,1,1,-1,-1,1,1,1,1,-1,-1,1,-1,1,1,-1,-1,-1,-1,-1,1,-1,-1,1,1,-1,-1,1,-1,0.0,-74.66973765685252,2
40,-1,-1,1,-1,-1,-1,-1,-1,1,-1,1,1,1,1,-1,-1,1,1,-1,-1,-1,-1,1,-1,1,1,-1,-1,-1,-1,-1,1,-1,-1,1,1,-1,-1,1,-1,0.0,-74.6536192932591,2
41,1,1,-1,1,1,1,1,1,-1,1,-1,-1,-1,-1,1,1,-1,-1,1,1,1,1,-1,1,-1,-1,1,1,1,1,1,-1,1,1,-1,-1,1,1,-1,1,0.0,-74.6536192932591,5
42,1,1,-1,1,1,1,1,1,-1,-1,-1,-1,-1,-1,1,1,-1,-1,-1,1,-1,1,-1,1,-1,-1,1,1,1,1,1,-1,1,1,-1,-1,-1,1,-1,1,0.0,-74.63122611653367,3
43,-1,-1,-1,1,-1,-1,-1,-1,1,1,1,1,1,1,-1,-1,1,1,1,-1,1,-1,1,-1,1,1,-1,-1,-1,-1,-1,1,-1,-1,1,1,-1,1,1,-1,0.0,-74.5808795116049,2
44,1,1,1,-1,1,1,1,1,-1,-1,-1,-1,-1,-1,1,1,-1,-1,-1,1,-1,1,-1,1,-1,-1,1,1,1,1,1,-1,1,1,-1,-1,1,-1,-1,1,0.0,-74.5808795116049,6
45,1,1,-1,1,1,1,1,1,-1,-1,-1,-1,-1,-1,1,1,-1,-1,-1,-1,-1,1,-1,1,-1,-1,1,1,1,1,1,-1,1,1,-1,-1,1,1,-1,1,0.0,-74.52287686954323,1
46,-1,-1,1,-1,-1,-1,-1,-1,1,-1,1,1,1,1,-1,-1,1,1,-1,-1,1,-1,1,-1,1,1,-1,-1,-1,-1,-1,1,-1,-1,1,1,-1,-1,1,-1,0.0,-74.5067585059498,5
47,1,-1,-1,-1,1,1,1,1,-1,-1,-1,-1,-1,-1,1,1,-1,-1,-1,1,1,1,-1,1,-1,-1,1,1,1,1,1,-1,1,1,-1,-1,1,1,-1,1,0.0,-74.42356529133201,5
48,-1,-1,1,-1,-1,-1,-1,-1,1,1,1,1,1,1,-1,-1,1,1,1,-1,-1,-1,1,-1,1,1,-1,-1,-1,-1,-1,1,-1,-1,-1,1,-1,-1,1,-1,0.0,-74.40379013053928,1
49,1,1,-1,1,1,1,1,1,-1,-1,-1,-1,-1,-1,1,1,-1,-1,-1,1,1,1,-1,1,-1,-1,1,1,1,1,1,-1,1,1,1,-1,1,1,-1,1,0.0,-74.40379013053928,6
50,-1,-1,1,-1,-1,-1,-1,-1,1,1,1,1,1,1,-1,-1,1,1,-1,-1,-1,-1,1,-1,1,1,-1,-1,-1,-1,-1,1,-1,-1,1,1,1,-1,1,-1,0.0,-74.32044593617213,2
51,1,1,-1,1,1,1,1,1,-1,-1,-1,-1,-1,-1,1,1,-1,-1,1,1,1,1,-1,1,-1,-1,1,1,1,1,1,-1,1,1,-1,-1,-1,1,-1,1,0.0,-74.32044593617213,2
52,1,-1,-1,-1,1,1,1,1,-1,-1,-1,-1,-1,-1,1,1,-1,-1,-1,1,-1,1,-1,1,-1,-1,1,1,1,1,1,-1,1,1,-1,-1,1,1,-1,1,0.0,-74.27670450402269,6
53,-1,1,1,1,-1,-1,-1,-1,1,1,1,1,1,1,-1,-1,1,1,1,-1,1,-1,1,-1,1,1,-1,-1,-1,-1,-1,1,-1,-1,1,1,-1,-1,1,-1,0.0,-74.27670450402269,2
54,1,1,1,-1,1,1,1,1,-1,-1,-1,-1,-1,-1,1,1,-1,-1,1,1,1,1,-1,1,-1,-1,1,1,1,1,1,-1,1,1,-1,-1,1,-1,-1,1,0.0,-74.27009933124339,2
55,-1,-1,1,-1,-1,-1,-1,-1,1,1,1,1,1,1,-1,-1,1,1,1,-1,1,-1,1,-1,1,1,-1,-1,-1,-1,-1,1,-1,-1,-1,1,-1,-1,1,-1,0.0,-74.25692934322996,1
56,1,1,-1,1,1,1,1,1,-1,-1,-1,-1,-1,-1,1,1,-1,-1,-1,1,-1,1,-1,1,-1,-1,1,1,1,1,1,-1,1,1,1,-1,1,1,-1,1,0.0,-74.25692934322996,6
57,-1,-1,1,-1,-1,-1,-1,-1,1,-1,1,1,1,1,-1,-1,1,1,1,-1,-1,-1,1,-1,1,1,-1,-1,-1,-1,-1,1,-1,-1,1,1,1,-1,1,-1,0.0,-74.24961401546541,1
58,-1,-1,-1,1,-1,-1,-1,-1,1,-1,1,1,1,1,-1,-1,1,1,1,-1,-1,-1,1,-1,1,1,-1,-1,-1,-1,-1,1,-1,-1,1,1,-1,1,1,-1,0.0,-74.19926741053669,2
59,1,1,1,-1,1,1,1,1,-1,1,-1,-1,-1,-1,1,1,-1,-1,-1,1,1,1,-1,1,-1,-1,1,1,1,1,1,-1,1,1,-1,-1,1,-1,-1,1,0.0,-74.19926741053669,2
60,1,1,-1,1,1,1,1,1,-1,-1,-1,-1,-1,-1,1,1,-1,-1,1,1,-1,1,-1,1,-1,-1,1,1,1,1,1,-1,1,1,-1,-1,-1,1,-1,1,0.0,-74.17358514886284,1
61,-1,-1,1,1,-1,-1,-1,-1,1,1,1,1,-1,1,-1,-1,1,1,1,-1,1,1,1,-1,1,1,-1,-1,-1,-1,-1,1,-1,-1,1,1,-1,-1,1,-1,0.0,-74.1614120328206,4
62,1,1,-1,-1,1,1,1,1,-1,-1,-1,-1,1,-1,1,1,-1,-1,-1,1,-1,-1,-1,1,-1,-1,1,1,1,1,1,-1,1,1,-1,-1,1,1,-1,1,0.0,-74.1614120328206,4
63,1,1,-1,1,1,1,1,1,-1,1,-1,-1,-1,-1,1,1,-1,-1,-1,-1,1,1,-1,1,-1,-1,1,1,1,1,1,-1,1,1,-1,-1,1,1,-1,1,0.0,-74.14126476847501,2
64,1,1,1,-1,1,1,1,1,-1,-1,-1,-1,-1,-1,1,1,-1,-1,1,1,-1,1,-1,1,-1,-1,1,1,1,1,1,-1,1,1,-1,-1,1,-1,-1,1,0.0,-74.1232385439341,2
65,-1,-1,1,1,-1,-1,-1,-1,1,1,1,1,-1,1,-1,-1,1,1,1,-1,-1,-1,1,-1,1,1,-1,-1,-1,-1,-1,1,-1,-1,1,1,-1,-1,1,-1,0.0,-74.12181517579549,1
66,1,1,-1,-1,1,1,1,1,-1,-1,-1,-1,1,-1,1,1,-1,-1,-1,1,1,1,-1,1,-1,-1,1,1,1,1,1,-1,1,1,-1,-1,1,1,-1,1,0.0,-74.12181517579549,4
67,-1,-1,1,-1,-1,-1,-1,-1,1,-1,1,1,1,1,-1,-1,1,1,1,-1,1,-1,1,-1,1,1,-1,-1,-1,-1,-1,1,-1,-1,1,1,1,-1,1,-1,0.0,-74.10275322815616,1
68,1,1,1,-1,1,1,1,1,-1,1,-1,-1,-1,-1,1,1,-1,-1,-1,1,-1,1,-1,1,-1,-1,1,1,1,1,1,-1,1,1,-1,-1,1,-1,-1,1,0.0,-74.0524066232274,2
69,1,1,-1,1,1,1,1,1,-1,1,-1,-1,-1,-1,1,1,-1,-1,-1,-1,-1,1,-1,1,-1,-1,1,1,1,1,1,-1,1,1,-1,-1,1,1,-1,1,0.0,-73.99440398116572,1
70,1,-1,-1,-1,1,1,1,1,-1,-1,-1,-1,-1,-1,1,1,-1,-1,1,1,1,1,-1,1,-1,-1,1,1,1,1,1,-1,1,1,-1,-1,1,1,-1,1,0.0,-73.96592432366117,2
71,1,1,-1,1,1,1,1,1,-1,-1,-1,-1,-1,-1,1,1,-1,-1,1,1,1,1,-1,1,-1,-1,1,1,1,1,1,-1,1,1,1,-1,1,1,-1,1,0.0,-73.94614916286844,2
72,1,1,-1,-1,1,1,1,1,-1,-1,-1,-1,-1,-1,1,1,-1,1,-1,1,1,1,-1,1,-1,-1,1,1,1,1,1,-1,1,1,-1,-1,1,1,-1,1,0.0,-73.8968205325076,2
73,-1,1,1,1,-1,-1,-1,-1,1,1,1,1,1,1,-1,-1,1,1,-1,-1,1,-1,1,-1,1,1,-1,-1,-1,-1,-1,1,-1,-1,1,1,-1,-1,1,-1,0.0,-73.81906353635188,1
74,1,-1,-1,-1,1,1,1,1,-1,-1,-1,-1,-1,-1,1,1,-1,-1,1,1,-1,1,-1,1,-1,-1,1,1,1,1,1,-1,1,1,-1,-1,1,1,-1,1,0.0,-73.81906353635188,1
75,-1,-1,1,-1,-1,-1,-1,-1,1,1,1,1,1,1,-1,-1,1,1,1,1,-1,-1,1,-1,1,1,-1,-1,-1,-1,-1,1,-1,-1,1,1,1,-1,1,-1,0.0,-73.80809141138805,1
76,1,1,-1,1,1,1,1,1,-1,-1,-1,-1,-1,-1,1,1,-1,-1,-1,-1,1,1,-1,1,-1,-1,1,1,1,1,1,-1,1,1,-1,-1,-1,1,-1,1,0.0,-73.80809141138805,2
77,1,1,-1,1,1,1,1,1,-1,-1,-1,-1,-1,-1,1,1,-1,-1,1,1,-1,1,-1,1,-1,-1,1,1,1,1,1,-1,1,1,1,-1,1,1,-1,1,0.0,-73.79928837555914,5
78,1,1,-1,1,-1,1,1,1,-1,-1,-1,-1,-1,-1,1,1,-1,-1,-1,1,1,1,-1,1,-1,-1,1,1,1,1,1,-1,1,1,1,-1,-1,1,-1,1,0.0,-73.7806495004233,1
79,-1,-1,1,-1,1,-1,-1,-1,1,1,1,1,1,1,-1,-1,1,1,1,-1,-1,-1,1,-1,1,1,-1,-1,-1,-1,-1,1,-1,-1,-1,1,1,-1,1,-1,0.0,-73.7806495004233,1
80,1,-1,-1,-1,1,1,1,1,-1,-1,-1,-1,-1,-1,1,1,-1,-1,-1,1,1,1,-1,1,1,1,1,1,1,1,1,-1,1,1,-1,-1,1,1,-1,1,0.0,-73.77468478944067,10
81,1,1,1,-1,1,1,1,1,-1,-1,-1,-1,-1,-1,1,1,-1,-1,-1,-1,1,1,-1,1,-1,-1,1,1,1,1,1,-1,1,1,-1,-1,1,-1,-1,1,0.0,-73.75774480645929,2
82,1,1,-1,-1,1,1,1,1,-1,-1,-1,-1,-1,-1,1,1,-1,1,-1,1,-1,1,-1,1,-1,-1,1,1,1,1,1,-1,1,1,-1,-1,1,1,-1,1,0.0,-73.74995974519831,1
83,1,-1,-1,-1,1,1,1,1,-1,1,-1,-1,-1,-1,1,1,-1,-1,-1,1,-1,1,-1,1,-1,-1,1,1,1,1,1,-1,1,1,-1,-1,1,1,-1,1,0.0,-73.74823161564518,3
84,1,1,1,-1,1,1,1,1,-1,1,-1,-1,-1,-1,1,1,-1,-1,1,1,1,1,-1,1,-1,-1,1,1,1,1,1,-1,1,1,-1,-1,1,-1,-1,1,0.0,-73.74162644286586,1
85,-1,1,1,-1,-1,-1,-1,-1,1,1,1,1,1,1,-1,-1,1,1,1,-1,-1,-1,1,-1,1,1,-1,-1,-1,-1,-1,1,-1,-1,1,1,-1,-1,1,-1,0.0,-73.70479241628698,1
86,1,-1,-1,1,1,1,1,1,-1,-1,-1,-1,-1,-1,1,1,-1,-1,-1,1,1,1,-1,1,-1,-1,1,1,1,1,1,-1,1,1,-1,-1,1,1,-1,1,0.0,-73.70479241628694,2
87,1,1,-1,-1,1,1,1,1,-1,-1,-1,-1,1,-1,1,1,-1,-1,1,1,1,1,-1,1,-1,-1,1,1,1,1,1,-1,1,1,-1,-1,1,1,-1,1,0.0,-73.66417420812466,1
88,1,1,-1,1,-1,1,1,1,-1,-1,-1,-1,-1,-1,1,1,-1,-1,-1,1,-1,1,-1,1,-1,-1,1,1,1,1,1,-1,1,1,1,-1,-1,1,-1,1,0.0,-73.633788713114,1
89,-1,-1,1,1,-1,-1,-1,-1,1,-1,1,1,-1,1,-1,-1,1,1,1,-1,1,1,1,-1,1,1,-1,-1,-1,-1,-1,1,-1,-1,1,1,-1,-1,1,-1,0.0,-73.6329391444431,2
90,1,-1,-1,-1,1,1,1,1,-1,-1,-1,-1,-1,-1,1,1,-1,-1,-1,1,-1,1,-1,1,1,1,1,1,1,1,1,-1,1,1,-1,-1,1,1,-1,1,0.0,-73.62782400213138,5
91,1,1,1,-1,1,1,1,1,-1,-1,-1,-1,-1,-1,1,1,-1,-1,-1,-1,-1,1,-1,1,-1,-1,1,1,1,1,1,-1,1,1,-1,-1,1,-1,-1,1,0.0,-73.61088401915,1
92,-1,-1,1,1,-1,-1,-1,-1,1,-1,1,1,-1,1,-1,-1,1,1,1,-1,-1,-1,1,-1,1,1,-1,-1,-1,-1,-1,1,-1,-1,1,1,-1,-1,1,-1,0.0,-73.59334228741798,2
93,1,1,-1,-1,1,1,1,1,-1,1,-1,-1,1,-1,1,1,-1,-1,-1,1,1,1,-1,1,-1,-1,1,1,1,1,1,-1,1,1,-1,-1,1,1,-1,1,0.0,-73.59334228741798,1
94,1,1,-1,-1,1,1,1,1,-1,-1,-1,-1,-1,-1,1,1,-1,-1,1,1,1,1,-1,1,-1,-1,1,-1,1,1,1,-1,1,1,-1,-1,1,1,-1,1,0.0,-73.57881190186929,1
95,1,-1,-1,1,1,1,1,1,-1,-1,-1,-1,-1,-1,1,1,-1,-1,-1,1,-1,1,-1,1,-1,-1,1,1,1,1,1,-1,1,1,-1,-1,1,1,-1,1,0.0,-73.55793162897768,2
96,1,1,-1,1,1,1,1,1,-1,-1,-1,-1,-1,-1,1,1,-1,-1,-1,1,1,1,-1,1,-1,-1,1,1,1,1,1,-1,1,1,1,-1,-1,1,-1,1,0.0,-73.54214388507478,1
97,1,1,-1,-1,1,1,1,1,-1,-1,-1,-1,-1,-1,1,1,-1,1,1,1,1,1,-1,1,-1,-1,1,1,1,1,1,-1,1,1,-1,-1,1,1,-1,1,0.0,-73.43917956483679,1
98,1,-1,-1,-1,1,1,1,1,-1,1,-1,-1,-1,-1,1,1,-1,-1,1,1,1,1,-1,1,-1,-1,1,1,1,1,1,-1,1,1,-1,-1,1,1,-1,1,0.0,-73.43745143528365,1
99,1,1,-1,1,1,1,1,1,-1,-1,-1,-1,-1,-1,1,1,-1,-1,-1,-1,1,1,-1,1,-1,-1,1,1,1,1,1,-1,1,1,1,-1,1,1,-1,1,0.0,-73.43379463808434,1
100,1,1,-1,-1,1,1,1,1,-1,-1,-1,-1,-1,-1,1,1,-1,-1,1,1,-1,1,-1,1,-1,-1,1,-1,1,1,1,-1,1,1,-1,-1,1,1,-1,1,0.0,-73.43195111456001,3
101,-1,-1,1,1,-1,-1,-1,-1,1,1,1,1,1,1,-1,-1,1,1,-1,-1,1,-1,1,-1,1,1,-1,1,-1,-1,-1,1,-1,-1,1,1,-1,-1,1,-1,0.0,-73.43195111456001,2
102,1,1,-1,1,1,1,1,1,-1,-1,-1,-1,1,-1,1,1,-1,-1,-1,1,1,1,-1,1,-1,-1,1,1,1,1,1,-1,1,1,-1,-1,1,1,-1,1,0.0,-73.40304230075046,1
103,1,1,-1,-1,1,1,1,1,-1,1,-1,-1,-1,-1,1,1,-1,1,-1,1,1,1,-1,1,-1,-1,1,1,1,1,1,-1,1,1,-1,-1,1,1,-1,1,0.0,-73.3683476441301,2
104,1,1,-1,1,-1,1,1,1,-1,-1,-1,-1,-1,-1,1,1,-1,-1,1,1,1,1,-1,1,-1,-1,1,1,1,1,1,-1,1,1,1,-1,-1,1,-1,1,0.0,-73.32300853275247,1
105,1,-1,-1,-1,1,1,1,1,-1,-1,-1,-1,-1,-1,1,1,-1,-1,1,1,1,1,-1,1,1,1,1,1,1,1,1,-1,1,1,-1,-1,1,1,-1,1,0.0,-73.31704382176983,6
106,-1,-1,1,-1,-1,-1,-1,-1,1,-1,1,1,1,1,-1,-1,1,1,1,1,-1,-1,1,-1,1,1,-1,-1,-1,-1,-1,1,-1,-1,1,1,1,-1,1,-1,0.0,-73.27961852301053,1
107,1,-1,1,-1,1,1,-1,1,-1,-1,-1,-1,-1,-1,1,1,-1,-1,-1,1,1,1,-1,1,1,1,1,1,1,1,1,-1,1,1,-1,1,1,-1,-1,1,0.0,-73.2619779286301,14
108,1,-1,-1,1,1,1,1,1,-1,-1,-1,-1,-1,-1,1,1,-1,-1,1,1,1,1,-1,1,-1,-1,1,1,1,1,1,-1,1,1,-1,-1,1,1,-1,1,0.0,-73.24715144861614,3
109,1,1,-1,-1,1,1,1,1,-1,-1,-1,-1,-1,-1,1,1,1,-1,-1,1,1,1,-1,1,-1,-1,1,1,1,1,1,-1,1,1,-1,-1,1,1,1,1,0.0,-73.23311899593006,3
110,1,1,1,-1,1,1,1,1,-1,1,-1,-1,-1,-1,1,1,-1,-1,-1,-1,1,1,-1,1,-1,-1,1,1,1,1,1,-1,1,1,-1,-1,1,-1,-1,1,0.0,-73.22927191808178,1
111,-1,-1,1,1,-1,-1,-1,-1,1,1,1,1,-1,1,-1,-1,1,1,1,1,1,1,1,-1,1,1,-1,-1,-1,-1,-1,1,-1,-1,1,1,-1,-1,1,-1,0.0,-73.19141654036568,1
112,1,1,-1,1,1,1,1,1,-1,-1,-1,-1,-1,-1,1,1,-1,1,-1,1,1,1,-1,1,-1,-1,1,1,1,1,1,-1,1,1,-1,-1,1,1,-1,1,0.0,-73.17804765746259,1
113,-1,-1,1,-1,1,-1,-1,-1,1,1,1,1,1,1,-1,-1,1,1,-1,-1,1,-1,1,-1,1,1,-1,-1,-1,-1,-1,1,-1,-1,-1,1,1,-1,1,-1,0.0,-73.17614774544319,1
114,1,1,-1,1,-1,1,1,1,-1,-1,-1,-1,-1,-1,1,1,-1,-1,1,1,-1,1,-1,1,-1,-1,1,1,1,1,1,-1,1,1,1,-1,-1,1,-1,1,0.0,-73.17614774544319,1
115,-1,1,1,1,-1,-1,-1,-1,1,1,1,1,1,1,-1,-1,1,1,-1,-1,1,-1,1,-1,-1,-1,-1,-1,-1,-1,-1,1,-1,-1,1,1,-1,-1,1,-1,0.0,-73.17018303446052,1
116,1,-1,-1,-1,1,1,1,1,-1,-1,-1,-1,-1,-1,1,1,-1,-1,1,1,-1,1,-1,1,1,1,1,1,1,1,1,-1,1,1,-1,-1,1,1,-1,1,0.0,-73.17018303446055,1
117,1,1,-1,-1,1,1,1,1,-1,-1,-1,-1,1,-1,1,1,-1,-1,-1,-1,1,1,-1,1,-1,-1,1,1,1,1,1,-1,1,1,-1,-1,1,1,-1,1,0.0,-73.15181968334056,2
118,-1,-1,1,-1,1,-1,-1,-1,1,1,1,1,1,1,-1,-1,1,1,1,-1,-1,-1,1,-1,1,1,-1,-1,-1,-1,-1,1,-1,-1,1,1,1,-1,1,-1,0.0,-73.14929405336085,1
119,-1,-1,1,1,-1,-1,-1,-1,1,1,1,1,-1,1,-1,-1,1,1,1,1,1,1,1,-1,1,1,1,-1,-1,-1,-1,1,-1,-1,1,1,-1,-1,1,-1,0.0,-73.14827349080971,1
120,1,1,-1,-1,1,1,1,1,-1,-1,-1,-1,1,-1,1,1,-1,-1,-1,-1,-1,-1,-1,1,-1,-1,-1,1,1,1,1,-1,1,1,-1,-1,1,1,-1,1,0.0,-73.14827349080971,5
121,1,-1,1,-1,1,1,-1,1,-1,-1,-1,-1,-1,-1,1,1,-1,-1,-1,1,-1,1,-1,1,1,1,1,1,1,1,1,-1,1,1,-1,1,1,-1,-1,1,0.0,-73.11511714132081,15
122,1,1,-1,-1,1,1,1,1,-1,-1,-1,-1,1,-1,1,1,-1,-1,-1,-1,1,1,-1,1,-1,-1,-1,1,1,1,1,-1,1,1,-1,-1,1,1,-1,1,0.0,-73.1086766337846,3
123,-1,-1,1,1,-1,-1,-1,-1,1,1,1,1,1,1,-1,-1,-1,1,1,-1,1,-1,1,-1,1,1,-1,-1,-1,-1,-1,1,-1,-1,1,1,-1,-1,-1,-1,0.0,-73.08625820862075,1
124,1,1,-1,-1,1,1,1,1,-1,-1,-1,-1,-1,-1,1,1,1,-1,-1,1,-1,1,-1,1,-1,-1,1,1,1,1,1,-1,1,1,-1,-1,1,1,1,1,0.0,-73.08625820862075,4
125,-1,-1,1,1,-1,-1,-1,-1,1,1,1,1,-1,1,-1,-1,1,1,1,-1,1,-1,1,-1,1,1,-1,-1,-1,-1,-1,1,-1,-1,1,1,-1,-1,1,-1,0.0,-73.078236160785,1
126,1,-1,-1,1,1,1,1,1,-1,-1,-1,-1,-1,-1,1,1,-1,-1,-1,1,1,1,-1,1,1,1,1,1,1,1,1,-1,1,1,-1,-1,1,1,-1,1,0.0,-73.05591191439564,3
127,-1,-1,1,-1,1,-1,-1,-1,1,1,1,1,1,1,-1,-1,1,1,1,-1,1,-1,1,-1,1,1,-1,-1,-1,-1,-1,1,-1,-1,1,1,1,-1,1,-1,0.0,-73.00243326605155,2
128,1,-1,-1,-1,1,1,1,1,-1,-1,-1,-1,-1,-1,1,1,-1,-1,-1,1,-1,1,-1,1,1,-1,1,1,1,1,1,-1,1,1,-1,-1,1,1,-1,1,0.0,-72.99613422869086,2
129,1,1,-1,1,1,1,1,1,-1,-1,-1,-1,1,-1,1,1,-1,-1,1,1,-1,-1,-1,1,-1,-1,1,1,1,1,1,-1,1,1,-1,-1,1,1,-1,1,0.0,-72.98499819010476,2
130,1,1,-1,-1,1,1,1,1,-1,-1,-1,-1,-1,-1,1,1,-1,1,-1,-1,1,1,-1,1,-1,-1,1,1,1,1,1,-1,1,1,-1,-1,1,1,-1,1,0.0,-72.92682504005269,1
131,1,-1,-1,-1,1,1,1,1,-1,1,-1,-1,-1,-1,1,1,-1,-1,-1,-1,1,1,-1,1,-1,-1,1,1,1,1,1,-1,1,1,-1,-1,1,1,-1,1,0.0,-72.92509691049956,1
132,1,1,-1,1,1,1,1,1,-1,1,-1,-1,1,-1,1,1,-1,-1,-1,1,-1,-1,-1,1,-1,-1,1,1,1,1,1,-1,1,1,-1,-1,1,1,-1,1,0.0,-72.91416626939807,2
133,-1,-1,1,-1,-1,-1,-1,-1,1,-1,1,1,-1,1,-1,-1,1,1,1,-1,1,1,1,-1,1,1,-1,-1,-1,-1,-1,1,-1,-1,1,1,-1,-1,1,-1,0.0,-72.91416626939807,3
134,1,-1,-1,1,1,1,1,1,-1,-1,-1,-1,-1,-1,1,1,-1,-1,-1,1,-1,1,-1,1,1,1,1,1,1,1,1,-1,1,1,-1,-1,1,1,-1,1,0.0,-72.90905112708634,2
135,1,1,-1,-1,1,1,1,1,-1,-1,-1,-1,-1,-1,1,1,-1,-1,-1,1,-1,1,-1,1,-1,1,1,1,1,1,1,-1,1,1,-1,-1,1,1,-1,1,0.0,-72.9052484910863,2
136,1,1,-1,1,1,1,1,1,-1,-1,-1,-1,-1,-1,1,1,-1,-1,1,1,1,1,-1,1,-1,-1,1,-1,1,1,1,-1,1,1,-1,-1,1,1,-1,1,0.0,-72.86003902682427,1
137,-1,-1,1,-1,-1,-1,-1,-1,1,1,1,1,1,1,-1,-1,1,1,-1,-1,-1,-1,1,-1,1,1,-1,1,-1,-1,-1,1,-1,-1,1,1,-1,-1,1,-1,0.0,-72.86003902682427,1
138,-1,-1,1,1,-1,-1,-1,-1,1,1,1,1,-1,1,-1,-1,1,1,1,-1,-1,1,1,-1,1,1,-1,-1,-1,-1,-1,1,-1,-1,1,1,-1,-1,1,-1,0.0,-72.85375737111141,1
139,1,1,-1,-1,1,1,1,1,-1,-1,-1,-1,1,-1,1,1,-1,-1,-1,1,1,-1,-1,1,-1,-1,1,1,1,1,1,-1,1,1,-1,-1,1,1,-1,1,0.0,-72.85375737111141,1
140,-1,-1,-1,1,-1,-1,1,1,1,1,1,1,1,1,-1,-1,1,1,1,-1,-1,-1,1,-1,1,-1,-1,-1,-1,-1,-1,1,1,-1,1,-1,-1,1,1,-1,0.0,-72.81486511853265,1
141,1,1,1,-1,1,1,-1,-1,-1,-1,-1,-1,-1,-1,1,1,-1,-1,-1,1,1,1,-1,1,-1,1,1,1,1,1,1,-1,-1,1,-1,1,1,-1,-1,1,0.0,-72.81486511853265,3
142,1,-1,-1,-1,1,1,1,1,-1,-1,-1,-1,-1,-1,1,1,-1,-1,-1,-1,1,1,-1,1,1,1,1,1,1,1,1,-1,1,1,-1,-1,1,1,-1,1,0.0,-72.80468929698574,3
143,1,-1,1,-1,1,1,-1,1,-1,-1,-1,-1,-1,-1,1,1,-1,-1,1,1,1,1,-1,1,1,1,1,1,1,1,1,-1,1,1,-1,1,1,-1,-1,1,0.0,-72.80433696095926,4
144,1,-1,1,-1,1,1,1,1,-1,-1,-1,-1,-1,-1,1,1,-1,-1,-1,1,1,1,-1,1,-1,-1,1,1,1,1,1,-1,1,1,-1,-1,1,-1,-1,1,0.0,-72.7927995658937,1
145,1,1,-1,-1,1,1,1,1,-1,-1,-1,-1,-1,-1,1,1,1,-1,1,1,1,1,-1,1,-1,-1,1,1,1,1,1,-1,1,1,-1,-1,1,1,1,1,0.0,-72.77547802825923,2
146,1,-1,-1,-1,1,1,-1,1,-1,-1,-1,-1,-1,-1,1,1,-1,-1,-1,1,1,1,-1,1,1,1,1,1,1,1,1,-1,1,1,-1,1,1,1,-1,1,0.0,-72.73627744294075,11
147,1,-1,-1,1,1,1,1,1,-1,-1,-1,-1,-1,-1,1,1,-1,-1,-1,-1,1,1,-1,1,-1,-1,1,1,1,1,1,-1,1,1,-1,-1,1,1,-1,1,0.0,-72.73479692383205,1
148,1,1,1,-1,1,1,1,1,-1,-1,-1,-1,-1,-1,1,1,-1,-1,-1,1,-1,1,-1,1,-1,-1,1,1,1,1,1,-1,1,1,-1,-1,1,1,-1,1,0.0,-72.71336305619926,1
149,1,1,-1,1,1,1,1,1,-1,-1,-1,-1,-1,-1,1,1,-1,-1,1,1,-1,1,-1,1,-1,-1,1,-1,1,1,1,-1,1,1,-1,-1,1,1,-1,1,0.0,-72.71317823951499,1
150,1,1,-1,1,-1,1,1,1,-1,-1,-1,-1,-1,-1,1,1,-1,-1,1,1,1,1,-1,1,-1,-1,1,1,1,1,1,-1,1,1,-1,-1,-1,1,-1,1,0.0,-72.69165308569,1
151,1,-1,-1,-1,1,1,1,1,-1,-1,-1,-1,-1,-1,1,1,-1,-1,1,1,1,1,-1,1,1,-1,1,1,1,1,1,-1,1,1,-1,-1,1,1,-1,1,0.0,-72.68535404832933,2
152,1,1,1,-1,1,1,-1,-1,-1,-1,-1,-1,-1,-1,1,1,-1,-1,-1,1,-1,1,-1,1,-1,1,1,1,1,1,1,-1,-1,1,-1,1,1,-1,-1,1,0.0,-72.66800433122336,3
153,1,-1,-1,-1,1,1,1,1,-1,-1,-1,-1,-1,-1,1,1,-1,-1,-1,-1,-1,1,-1,1,1,1,1,1,1,1,1,-1,1,1,-1,-1,1,1,-1,1,0.0,-72.65782850967646,2
154,1,-1,1,-1,1,1,-1,1,-1,-1,-1,-1,-1,-1,1,1,-1,-1,1,1,-1,1,-1,1,1,1,1,1,1,1,1,-1,1,1,-1,1,1,-1,-1,1,0.0,-72.65747617364998,3
155,1,-1,1,-1,1,1,1,1,-1,-1,-1,-1,-1,-1,1,1,-1,-1,-1,1,-1,1,-1,1,-1,-1,1,1,1,1,1,-1,1,1,-1,-1,1,-1,-1,1,0.0,-72.64593877858445,1
156,1,1,-1,-1,1,1,1,1,-1,-1,-1,-1,-1,-1,1,1,1,-1,1,1,-1,1,-1,1,-1,-1,1,1,1,1,1,-1,1,1,-1,-1,1,1,1,1,0.0,-72.62861724094992,1
157,1,1,-1,-1,1,1,1,1,-1,1,-1,-1,1,-1,1,1,-1,-1,-1,-1,1,1,-1,1,-1,-1,1,1,1,1,1,-1,1,1,-1,-1,1,1,-1,1,0.0,-72.62334679496307,1
158,-1,-1,1,1,-1,-1,-1,-1,1,1,1,1,-1,1,-1,-1,1,1,-1,-1,1,-1,1,-1,1,1,-1,-1,-1,-1,-1,1,-1,-1,1,1,-1,-1,1,-1,0.0,-72.62059519311417,1
159,1,-1,-1,1,1,1,1,1,-1,-1,-1,-1,-1,-1,1,1,-1,-1,1,1,1,1,-1,1,1,1,1,1,1,1,1,-1,1,1,-1,-1,1,1,-1,1,0.0,-72.59827094672481,1
160,1,1,-1,-1,1,1,1,1,-1,-1,-1,-1,-1,-1,1,1,-1,-1,1,1,1,1,-1,1,-1,1,1,1,1,1,1,-1,1,1,-1,-1,1,1,-1,1,0.0,-72.59446831072475,1
161,1,-1,-1,-1,1,1,-1,1,-1,-1,-1,-1,-1,-1,1,1,-1,-1,-1,1,-1,1,-1,1,1,1,1,1,1,1,1,-1,1,1,-1,1,1,1,-1,1,0.0,-72.58941665563145,3
162,1,1,-1,1,1,1,1,1,-1,-1,-1,-1,1,-1,1,1,-1,-1,-1,1,-1,-1,-1,1,-1,-1,1,1,1,1,1,-1,1,1,-1,-1,-1,1,-1,1,0.0,-72.5809929123111,1
163,-1,-1,1,-1,-1,-1,-1,-1,1,1,1,1,1,1,-1,-1,1,-1,-1,-1,1,-1,1,-1,1,1,-1,-1,-1,-1,-1,1,-1,-1,1,1,-1,-1,1,-1,0.0,-72.57354590248246,1
164,1,1,-1,-1,1,1,1,1,-1,1,-1,-1,-1,-1,1,1,1,-1,-1,1,-1,1,-1,1,-1,-1,1,1,1,1,1,-1,1,1,-1,-1,1,1,1,1,0.0,-72.55778532024324,1
165,1,-1,-1,-1,1,1,1,1,-1,-1,-1,-1,-1,-1,1,1,-1,-1,1,1,-1,1,-1,1,1,-1,1,1,1,1,1,-1,1,1,-1,-1,1,1,-1,1,0.0,-72.53849326102005,1
166,1,1,-1,1,1,1,1,1,-1,-1,-1,-1,-1,-1,1,1,1,-1,-1,1,1,1,-1,1,-1,-1,1,1,1,1,1,-1,1,1,-1,-1,1,1,1,1,0.0,-72.51434612088504,1
167,1,1,1,-1,1,1,1,1,-1,-1,-1,-1,1,-1,1,1,-1,-1,-1,1,1,1,-1,1,-1,-1,1,1,1,1,1,-1,1,1,-1,-1,1,-1,-1,1,0.0,-72.49104945035722,1
168,1,1,-1,1,1,1,1,1,-1,1,-1,-1,1,-1,1,1,-1,-1,1,1,-1,-1,-1,1,-1,-1,1,1,1,1,1,-1,1,1,-1,-1,1,1,-1,1,0.0,-72.45652530172725,1
169,1,1,-1,1,1,1,1,1,-1,-1,-1,-1,1,-1,1,1,-1,-1,-1,-1,1,1,-1,1,-1,-1,1,1,1,1,1,-1,1,1,-1,-1,1,1,-1,1,0.0,-72.43304680829556,1
170,1,1,-1,1,1,1,1,1,-1,-1,-1,-1,-1,-1,1,1,-1,-1,-1,-1,-1,1,-1,1,-1,-1,1,1,1,1,1,-1,1,1,1,-1,-1,1,-1,1,0.0,-72.42528760531059,1
171,1,1,-1,1,1,1,1,1,-1,-1,-1,-1,1,-1,1,1,-1,-1,-1,-1,1,1,-1,1,-1,-1,-1,1,1,1,1,-1,1,1,-1,-1,1,1,-1,1,0.0,-72.38990375873959,1
172,1,1,1,-1,1,1,-1,-1,-1,-1,-1,-1,-1,-1,1,1,-1,-1,-1,1,1,1,-1,1,-1,1,1,1,1,1,1,-1,1,1,-1,1,1,-1,-1,1,0.0,-72.37486012151678,1
173,1,1,-1,1,1,1,1,1,-1,-1,-1,-1,-1,-1,1,1,1,-1,-1,1,-1,1,-1,1,-1,-1,1,1,1,1,1,-1,1,1,-1,-1,1,1,1,1,0.0,-72.36748533357573,2
174,1,1,1,-1,1,1,-1,1,-1,-1,-1,-1,-1,-1,1,1,-1,-1,-1,1,1,1,-1,1,-1,-1,1,1,1,1,1,-1,1,1,-1,1,1,-1,-1,1,0.0,-72.36090375093903,1
175,-1,-1,1,-1,-1,-1,-1,-1,1,1,1,1,-1,1,-1,-1,1,1,1,-1,1,-1,1,-1,1,1,-1,-1,-1,-1,-1,1,-1,-1,1,1,-1,-1,1,-1,0.0,-72.35946328573996,1
176,1,1,1,-1,1,1,-1,-1,-1,-1,-1,-1,-1,-1,1,1,-1,-1,1,1,1,1,-1,1,-1,1,1,1,1,1,1,-1,-1,1,-1,1,1,-1,-1,1,0.0,-72.35722415086181,1
177,-1,-1,1,-1,-1,-1,-1,-1,1,1,1,1,1,1,-1,-1,1,1,1,-1,-1,-1,1,-1,1,-1,-1,-1,-1,-1,-1,1,-1,-1,1,1,-1,-1,1,-1,0.0,-72.33333640335059,1
178,1,-1,-1,1,1,1,1,1,-1,1,-1,-1,-1,-1,1,1,-1,-1,-1,1,1,1,-1,1,-1,-1,1,1,1,1,1,-1,1,1,-1,-1,-1,1,-1,1,0.0,-72.314673282445,1
179,1,-1,1,-1,1,1,-1,1,-1,-1,-1,-1,-1,-1,1,1,-1,-1,-1,-1,1,1,-1,1,1,1,1,1,1,1,1,-1,1,1,-1,1,1,-1,-1,1,0.0,-72.29198243617518,3
180,1,1,-1,-1,1,1,-1,-1,-1,-1,-1,-1,-1,-1,1,1,-1,-1,-1,1,1,1,-1,1,-1,1,1,1,1,1,1,-1,-1,1,-1,1,1,1,-1,1,0.0,-72.2891646328433,2
181,1,-1,-1,-1,1,1,-1,1,-1,-1,-1,-1,-1,-1,1,1,-1,-1,1,1,1,1,-1,1,1,1,1,1,1,1,1,-1,1,1,-1,1,1,1,-1,1,0.0,-72.27863647526992,2
182,1,1,1,-1,1,1,1,1,-1,-1,-1,-1,-1,-1,1,1,-1,1,-1,1,1,1,-1,1,-1,-1,1,1,1,1,1,-1,1,1,-1,-1,1,-1,-1,1,0.0,-72.26605480706937,1
183,1,1,1,-1,1,1,-1,-1,-1,-1,-1,-1,-1,-1,1,1,-1,-1,-1,1,-1,1,-1,1,-1,1,1,1,1,1,1,-1,1,1,-1,1,1,-1,-1,1,0.0,-72.22799933420748,3
184,-1,1,1,1,-1,-1,-1,-1,1,1,1,1,-1,1,-1,-1,1,1,1,-1,1,1,1,-1,1,1,-1,-1,-1,-1,-1,1,-1,-1,1,1,-1,-1,1,-1,0.0,-72.22647129980012,1
185,1,1,1,-1,1,1,-1,1,-1,-1,-1,-1,-1,-1,1,1,-1,-1,-1,1,-1,1,-1,1,-1,-1,1,1,1,1,1,-1,1,1,-1,1,1,-1,-1,1,0.0,-72.21404296362974,1
186,1,1,-1,1,1,1,1,1,-1,-1,-1,-1,1,-1,1,1,-1,-1,-1,1,-1,-1,-1,1,-1,-1,1,1,1,1,1,-1,1,1,1,-1,1,1,-1,1,0.0,-72.20669613900739,1
187,1,-1,-1,1,1,1,1,1,-1,-1,-1,-1,-1,-1,1,1,-1,-1,-1,1,1,1,-1,1,1,1,1,1,1,1,1,-1,1,1,-1,-1,-1,1,-1,1,0.0,-72.1942656689312,1
188,1,-1,-1,-1,1,1,1,1,-1,-1,-1,-1,-1,-1,1,1,-1,-1,-1,-1,1,1,-1,1,1,-1,1,1,1,1,1,-1,1,1,-1,-1,1,1,-1,1,0.0,-72.17299952354524,2
189,1,-1,1,-1,1,1,-1,1,-1,-1,-1,-1,-1,-1,1,1,-1,-1,-1,-1,-1,1,-1,1,1,1,1,1,1,1,1,-1,1,1,-1,1,1,-1,-1,1,0.0,-72.1451216488659,4
190,-1,1,-1,1,-1,-1,1,1,1,1,1,1,1,1,-1,-1,1,1,1,-1,-1,-1,1,-1,1,-1,-1,-1,-1,-1,-1,1,1,-1,1,-1,-1,1,1,-1,0.0,-72.14370475933967,1
191,1,-1,1,-1,1,1,-1,-1,-1,-1,-1,-1,-1,-1,1,1,-1,-1,-1,1,1,1,-1,1,-1,1,1,1,1,1,1,-1,-1,1,-1,1,1,-1,-1,1,0.0,-72.14370475933967,3
192,1,1,-1,-1,1,1,-1,-1,-1,-1,-1,-1,-1,-1,1,1,-1,-1,-1,1,-1,1,-1,1,-1,1,1,1,1,1,1,-1,-1,1,-1,1,1,1,-1,1,0.0,-72.142303845534,1
193,1,1,-1,1,1,1,1,1,-1,-1,-1,-1,1,-1,1,1,-1,-1,-1,1,1,-1,-1,1,-1,-1,1,1,1,1,1,-1,1,1,-1,-1,1,1,-1,1,0.0,-72.13498449606638,1
194,-1,-1,1,-1,-1,-1,-1,-1,1,1,1,1,-1,1,-1,-1,1,1,1,-1,-1,1,1,-1,1,1,-1,-1,-1,-1,-1,1,-1,-1,1,1,-1,-1,1,-1,0.0,-72.13498449606638,1
195,1,-1,-1,-1,1,1,-1,1,-1,-1,-1,-1,-1,-1,1,1,-1,-1,1,1,-1,1,-1,1,1,1,1,1,1,1,1,-1,1,1,-1,1,1,1,-1,1,0.0,-72.13177568796064,1
196,1,1,-1,-1,1,1,1,1,-1,-1,-1,-1,-1,-1,1,1,1,-1,-1,-1,-1,1,-1,1,-1,-1,1,1,1,1,1,-1,1,1,-1,-1,1,1,1,1,0.0,-72.11626271616583,1
197,1,-1,-1,1,1,1,1,1,-1,-1,-1,-1,-1,-1,1,1,-1,-1,-1,-1,1,1,-1,1,1,1,1,1,1,1,1,-1,1,1,-1,-1,1,1,-1,1,0.0,-72.08591642194072,1
198,-1,-1,-1,1,-1,-1,-1,-1,1,1,1,1,-1,1,-1,-1,1,1,-1,-1,1,1,1,-1,1,1,-1,-1,-1,-1,-1,1,-1,-1,1,1,-1,1,1,-1,0.0,-72.07300533971154,1
199,1,1,-1,-1,1,1,1,1,-1,-1,-1,-1,1,-1,1,1,-1,-1,-1,-1,-1,1,-1,1,-1,-1,-1,1,1,1,1,-1,1,1,-1,-1,1,1,-1,1,0.0,-72.0650976187741,1
200,1,-1,-1,1,1,1,1,1,-1,-1,-1,-1,-1,-1,1,1,-1,-1,-1,1,-1,1,-1,1,1,1,1,1,1,1,1,-1,1,1,-1,-1,-1,1,-1,1,0.0,-72.0474048816219,1
201,1,-1,-1,-1,1,1,1,1,-1,-1,-1,-1,-1,-1,1,1,-1,-1,-1,-1,-1,1,-1,1,1,-1,1,1,1,1,1,-1,1,1,-1,-1,1,1,-1,1,0.0,-72.02613873623596,1
202,-1,-1,1,-1,-1,-1,-1,-1,1,1,1,1,1,1,-1,-1,1,1,-1,-1,-1,-1,1,-1,1,1,-1,1,-1,-1,-1,1,-1,-1,1,1,1,-1,1,-1,0.0,-71.99839278135974,1
203,1,1,-1,1,1,1,1,1,-1,-1,-1,-1,-1,-1,1,1,-1,-1,1,1,1,1,-1,1,-1,-1,1,-1,1,1,1,-1,1,1,-1,-1,-1,1,-1,1,0.0,-71.9983927813598,2
204,1,-1,1,-1,1,1,1,1,-1,-1,-1,-1,-1,-1,1,1,-1,-1,-1,1,-1,1,-1,1,1,1,1,1,1,1,1,-1,1,1,-1,-1,1,-1,-1,1,0.0,-71.99705827669314,1
205,1,-1,1,-1,1,1,-1,-1,-1,-1,-1,-1,-1,-1,1,1,-1,-1,-1,1,-1,1,-1,1,-1,1,1,1,1,1,1,-1,-1,1,-1,1,1,-1,-1,1,0.0,-71.99684397203038,1
206,1,1,-1,1,1,1,1,1,-1,1,-1,-1,-1,-1,1,1,1,-1,-1,1,1,1,-1,1,-1,-1,1,1,1,1,1,-1,1,1,-1,-1,1,1,1,1,0.0,-71.98587323250753,1
207,1,-1,-1,1,1,1,1,1,-1,-1,-1,-1,-1,-1,1,1,-1,-1,1,1,1,1,-1,1,1,-1,1,1,1,1,1,-1,1,1,-1,-1,1,1,-1,1,0.0,-71.96658117328431,1
208,1,1,1,-1,1,1,-1,1,-1,-1,-1,-1,-1,-1,1,1,-1,-1,1,1,1,1,-1,1,-1,-1,1,1,1,1,1,-1,1,1,-1,1,1,-1,-1,1,0.0,-71.9032627832682,1
209,1,1,-1,1,1,1,1,1,-1,-1,-1,-1,-1,-1,1,1,-1,-1,1,1,1,1,-1,1,-1,1,1,1,1,1,1,-1,1,1,-1,-1,1,1,-1,1,0.0,-71.87569543567975,1
210,1,1,1,-1,1,1,-1,-1,-1,-1,-1,-1,-1,-1,1,-1,1,-1,-1,1,1,1,-1,1,-1,1,1,1,1,1,1,-1,-1,1,-1,1,1,-1,1,1,0.0,-71.86180347284628,1
211,1,1,-1,1,1,1,1,1,-1,-1,-1,-1,-1,-1,1,1,-1,-1,1,1,-1,1,-1,1,-1,-1,1,-1,1,1,1,-1,1,1,-1,-1,-1,1,-1,1,0.0,-71.85153199405052,1
212,1,1,-1,-1,1,1,-1,-1,-1,-1,-1,-1,-1,-1,1,1,-1,-1,-1,1,1,1,-1,1,-1,1,1,1,1,1,1,-1,1,1,-1,1,1,1,-1,1,0.0,-71.84915963582742,1
213,-1,-1,1,1,-1,-1,1,1,1,1,1,1,1,1,-1,-1,1,1,1,-1,-1,-1,1,-1,1,-1,-1,-1,-1,-1,-1,1,-1,-1,1,-1,-1,-1,1,-1,0.0,-71.84915963582742,1
214,1,1,1,-1,1,1,-1,-1,-1,-1,-1,-1,-1,-1,1,1,-1,-1,-1,-1,1,1,-1,1,-1,1,1,1,1,1,1,-1,-1,1,-1,1,1,-1,-1,1,0.0,-71.84486962607772,1
215,1,1,-1,-1,1,1,-1,1,-1,-1,-1,-1,-1,-1,1,1,-1,-1,-1,1,1,1,-1,1,-1,-1,1,1,1,1,1,-1,1,1,-1,1,1,1,-1,1,0.0,-71.8352032652497,1
216,-1,-1,1,1,-1,-1,1,1,1,1,1,1,1,1,-1,-1,1,1,-1,-1,-1,-1,1,-1,1,-1,-1,-1,-1,-1,-1,1,1,-1,1,-1,-1,-1,1,-1,0.0,-71.83152366517247,1
217,1,1,1,-1,1,1,-1,-1,-1,-1,-1,-1,-1,-1,1,1,-1,-1,1,1,-1,1,-1,1,-1,1,1,1,1,1,1,-1,1,1,-1,1,1,-1,-1,1,0.0,-71.77035836653666,1
218,1,-1,-1,-1,1,1,1,1,-1,-1,-1,-1,1,-1,1,1,-1,-1,1,1,-1,-1,-1,1,-1,-1,1,1,1,1,1,-1,1,1,-1,-1,1,1,-1,1,0.0,-71.76883033212933,2
219,1,-1,-1,-1,1,1,-1,1,-1,-1,-1,-1,-1,-1,1,1,-1,-1,-1,-1,1,1,-1,1,1,1,1,1,1,1,1,-1,1,1,-1,1,1,1,-1,1,0.0,-71.76628195048583,1
220,1,1,1,-1,1,1,-1,1,-1,-1,-1,-1,-1,-1,1,1,-1,-1,1,1,-1,1,-1,1,-1,-1,1,1,1,1,1,-1,1,1,-1,1,1,-1,-1,1,0.0,-71.75640199595892,2
221,1,-1,-1,1,1,1,1,1,-1,-1,-1,-1,-1,-1,1,1,-1,-1,1,1,1,1,-1,1,1,1,1,1,1,1,1,-1,1,1,-1,-1,-1,1,-1,1,0.0,-71.73662470126035,1
222,1,1,1,-1,1,1,-1,-1,-1,-1,-1,-1,-1,-1,1,-1,1,-1,-1,1,-1,1,-1,1,-1,1,1,1,1,1,1,-1,-1,1,-1,1,1,-1,1,1,0.0,-71.71494268553698,1
223,1,1,-1,-1,1,1,1,1,-1,1,-1,-1,-1,-1,1,1,1,-1,-1,1,-1,1,-1,1,-1,-1,1,1,1,1,1,-1,1,1,-1,-1,1,1,-1,1,0.0,-71.71206043632013,1
224,1,1,-1,1,1,1,1,1,-1,-1,-1,-1,1,-1,1,1,-1,-1,1,1,1,1,-1,1,-1,-1,1,1,1,1,1,-1,1,1,1,-1,1,1,-1,1,0.0,-71.70945831431148,1
225,1,-1,1,-1,1,1,-1,-1,-1,-1,-1,-1,-1,-1,1,1,-1,-1,-1,1,1,1,-1,1,-1,1,1,1,1,1,1,-1,1,1,-1,1,1,-1,-1,1,0.0,-71.7036997623238,1
226,-1,-1,-1,1,-1,-1,1,1,1,1,1,1,1,1,-1,-1,1,1,1,1,1,-1,1,-1,1,-1,-1,-1,-1,-1,-1,1,1,-1,1,-1,-1,1,1,-1,0.0,-71.69800883876844,1
227,1,-1,-1,-1,1,1,1,1,-1,-1,-1,-1,-1,-1,1,1,-1,-1,1,1,1,1,-1,1,-1,-1,1,-1,1,1,1,-1,1,1,-1,-1,1,1,-1,1,0.0,-71.64387116884883,1
228,1,-1,-1,-1,1,1,-1,-1,-1,-1,-1,-1,-1,-1,1,1,-1,-1,-1,1,1,1,-1,1,-1,1,1,1,1,1,1,-1,-1,1,-1,1,1,1,-1,1,0.0,-71.61800427365031,1
229,1,-1,-1,1,-1,1,-1,1,-1,-1,-1,-1,-1,-1,1,1,-1,-1,-1,1,-1,1,-1,1,1,1,1,1,1,1,1,-1,1,1,-1,1,-1,1,-1,1,0.0,-71.60896999871096,2
230,-1,-1,1,-1,-1,-1,-1,-1,1,-1,1,1,-1,1,-1,-1,1,1,1,-1,-1,1,1,-1,1,1,-1,-1,-1,-1,-1,1,-1,-1,1,1,-1,-1,1,-1,0.0,-71.60651160768887,1
231,1,1,1,-1,1,1,1,1,-1,-1,-1,-1,-1,-1,1,1,1,-1,-1,1,1,1,-1,1,-1,-1,1,1,1,1,1,-1,1,1,-1,-1,1,-1,1,1,0.0,-71.6023532704918,1
232,-1,-1,1,-1,1,-1,-1,-1,1,1,1,1,-1,1,-1,-1,1,1,1,-1,1,1,1,-1,1,1,-1,-1,-1,-1,-1,1,-1,-1,-1,1,1,-1,1,-1,0.0,-71.58355550889146,1
233,1,1,-1,1,1,1,1,1,-1,-1,-1,-1,1,-1,1,1,-1,-1,-1,-1,-1,-1,-1,1,-1,-1,-1,1,1,1,1,-1,1,1,-1,-1,-1,1,-1,1,0.0,-71.56785437030022,1
234,-1,1,-1,1,-1,-1,1,1,1,1,1,1,1,1,-1,-1,1,1,1,-1,1,-1,1,-1,1,-1,-1,-1,-1,-1,-1,1,-1,-1,1,-1,-1,1,1,-1,0.0,-71.5568389750145,1
235,-1,-1,1,-1,-1,-1,-1,-1,1,-1,1,1,-1,1,-1,-1,1,1,-1,-1,-1,-1,1,-1,1,1,-1,-1,-1,-1,-1,1,-1,-1,1,1,1,-1,1,-1,0.0,-71.55528219923767,1
236,1,1,-1,1,1,1,1,1,-1,-1,-1,-1,-1,-1,1,1,1,-1,-1,-1,1,1,-1,1,-1,-1,1,1,1,1,1,-1,1,1,-1,-1,1,1,1,1,0.0,-71.5443506284301,1
237,1,1,-1,1,1,1,1,1,-1,-1,-1,-1,1,-1,1,1,-1,-1,-1,-1,1,1,-1,1,-1,-1,-1,1,1,1,1,-1,1,1,-1,-1,-1,1,-1,1,0.0,-71.52825751327512,1
238,1,1,1,-1,1,1,1,1,-1,-1,-1,-1,1,-1,1,1,-1,-1,-1,-1,-1,-1,-1,1,-1,-1,-1,1,1,1,1,-1,1,1,-1,-1,1,-1,-1,1,0.0,-71.51750776537148,1
239,1,-1,-1,-1,1,1,1,1,-1,-1,-1,-1,-1,-1,1,1,-1,-1,1,1,-1,1,-1,1,-1,-1,1,-1,1,1,1,-1,1,1,-1,-1,1,1,-1,1,0.0,-71.49701038153954,1
240,1,1,1,-1,1,1,-1,-1,-1,-1,-1,-1,-1,-1,1,-1,1,-1,1,1,1,1,-1,1,-1,1,1,1,1,1,1,-1,-1,1,-1,1,1,-1,1,1,0.0,-71.40416250517544,1
241,1,1,-1,1,1,1,1,1,-1,-1,-1,-1,-1,-1,1,1,1,-1,-1,-1,-1,1,-1,1,-1,-1,1,1,1,1,1,-1,1,1,-1,-1,1,1,1,1,0.0,-71.39748984112083,1
242,1,-1,1,-1,1,1,-1,1,-1,-1,-1,-1,-1,-1,1,1,-1,-1,-1,1,1,1,-1,1,1,1,1,1,1,1,1,-1,1,1,-1,1,1,1,-1,1,0.0,-71.39446147322442,3
243,1,1,-1,-1,1,1,-1,-1,-1,-1,-1,-1,-1,-1,1,1,-1,-1,1,1,1,1,-1,1,-1,1,1,1,1,1,1,-1,1,1,-1,1,1,1,-1,1,0.0,-71.39151866815659,1
244,1,1,-1,-1,1,1,1,1,-1,-1,-1,-1,-1,-1,1,1,-1,-1,1,1,-1,-1,-1,1,-1,-1,1,1,1,1,1,-1,1,1,-1,-1,1,1,-1,1,0.0,-71.38169628301935,1
245,1,1,-1,1,1,1,1,1,-1,1,-1,-1,-1,-1,1,1,1,-1,1,1,-1,1,-1,1,-1,-1,1,1,1,1,1,-1,1,1,-1,-1,1,1,1,1,0.0,-71.38137147752741,2
246,1,-1,-1,-1,-1,1,-1,1,-1,-1,-1,-1,-1,-1,1,1,-1,-1,-1,1,1,1,-1,1,1,1,1,1,1,1,1,-1,1,1,-1,1,-1,1,-1,1,0.0,-71.34526094427551,1
247,-1,-1,1,-1,-1,-1,-1,-1,1,1,1,1,-1,1,-1,-1,1,1,1,-1,1,1,1,-1,1,1,-1,-1,-1,-1,-1,1,-1,-1,-1,1,1,-1,1,-1,0.0,-71.34504989354295,1
248,1,-1,-1,1,1,1,1,1,-1,1,-1,-1,-1,-1,1,1,-1,-1,-1,-1,1,1,-1,1,-1,-1,1,1,1,1,1,-1,1,1,-1,-1,-1,1,-1,1,0.0,-71.34467778999007,1
249,1,1,-1,-1,1,1,-1,-1,-1,-1,-1,-1,-1,-1,1,1,-1,-1,-1,-1,1,1,-1,1,-1,1,1,1,1,1,1,-1,-1,1,-1,1,1,1,-1,1,0.0,-71.31916914038838,1
250,1,1,-1,-1,1,1,1,1,-1,1,-1,-1,-1,-1,1,1,-1,-1,-1,1,-1,-1,-1,1,-1,-1,1,1,1,1,1,-1,1,1,-1,-1,1,1,-1,1,0.0,-71.31086436231269,1
251,1,-1,-1,1,-1,1,-1,1,-1,-1,-1,-1,-1,-1,1,1,-1,-1,1,1,1,1,-1,1,1,1,1,1,1,1,1,-1,1,1,-1,1,-1,1,-1,1,0.0,-71.29818981834941,1
252,-1,-1,1,-1,-1,-1,-1,-1,-1,-1,1,1,1,-1,1,1,-1,-1,-1,-1,-1,-1,1,-1,1,1,-1,1,1,1,-1,-1,-1,1,-1,1,-1,-1,-1,1,0.0,-71.29794032301588,1
253,1,1,-1,1,1,1,1,1,1,1,-1,-1,-1,1,-1,-1,1,1,1,1,1,1,-1,1,-1,-1,1,-1,-1,-1,1,1,1,-1,1,-1,1,1,1,-1,0.0,-71.29794032301588,1
254,1,1,-1,-1,1,1,1,1,-1,-1,-1,-1,1,1,1,1,-1,-1,1,-1,1,1,-1,1,-1,-1,-1,-1,1,1,1,-1,1,1,-1,-1,1,1,-1,1,0.0,-71.27139184708292,4
255,1,1,-1,-1,1,1,1,1,-1,-1,-1,-1,-1,-1,1,1,-1,-1,-1,-1,1,1,-1,1,-1,-1,1,1,1,1,1,-1,1,1,-1,-1,-1,1,-1,1,0.0,-71.2549867405834,1
256,1,-1,1,-1,1,1,-1,-1,-1,-1,-1,-1,-1,-1,1,1,-1,-1,1,1,1,1,-1,1,-1,1,1,1,1,1,1,-1,1,1,-1,1,1,-1,-1,1,0.0,-71.24605879465295,1
257,1,1,1,-1,1,1,-1,1,-1,-1,-1,-1,-1,-1,1,1,-1,-1,-1,-1,-1,1,-1,1,-1,-1,1,1,1,1,1,-1,1,1,-1,1,1,-1,-1,1,0.0,-71.24404747117484,1
258,1,-1,-1,-1,1,1,1,1,-1,-1,-1,-1,1,-1,1,1,-1,-1,-1,-1,1,1,-1,1,-1,-1,1,1,1,1,1,-1,1,1,-1,-1,1,1,-1,1,0.0,-71.21687895032012,1
259,1,-1,-1,1,1,1,1,1,-1,1,-1,-1,-1,-1,1,1,-1,-1,-1,-1,-1,1,-1,1,-1,-1,1,1,1,1,1,-1,1,1,-1,-1,-1,1,-1,1,0.0,-71.1978170026808,1
260,1,-1,-1,1,-1,1,1,1,-1,-1,-1,-1,-1,-1,1,1,-1,-1,-1,1,1,1,-1,1,1,1,1,1,1,1,1,-1,1,1,1,-1,-1,1,-1,1,0.0,-71.1968282655115,1
261,1,-1,1,-1,1,1,-1,-1,-1,-1,-1,-1,-1,-1,1,-1,1,-1,-1,1,1,1,-1,1,-1,1,1,1,1,1,1,-1,-1,1,-1,1,1,-1,1,1,0.0,-71.19064311365328,1
262,1,-1,1,-1,1,1,1,1,-1,-1,-1,-1,-1,-1,1,1,-1,-1,-1,-1,1,1,-1,1,1,1,1,1,1,1,1,-1,1,1,-1,-1,1,-1,-1,1,0.0,-71.1739235715475,1
263,1,1,-1,1,1,1,1,1,-1,-1,-1,-1,1,-1,1,1,-1,-1,-1,-1,1,-1,-1,1,-1,-1,1,1,1,1,1,-1,1,1,-1,-1,1,1,-1,1,0.0,-71.1649890036115,1
264,-1,1,1,-1,1,-1,1,-1,1,1,1,1,1,1,-1,-1,1,1,-1,-1,1,-1,1,-1,-1,-1,-1,-1,-1,-1,-1,1,-1,-1,1,-1,1,-1,1,-1,0.0,-71.15132903104013,1
265,1,-1,-1,-1,1,1,1,1,-1,-1,-1,-1,1,-1,1,1,-1,-1,-1,1,-1,1,-1,1,-1,-1,1,1,1,1,1,-1,1,1,-1,-1,1,1,-1,1,0.0,-71.14329542776451,1
266,1,1,-1,1,1,1,1,1,-1,-1,-1,-1,-1,-1,1,1,1,-1,-1,1,-1,1,-1,1,-1,-1,1,1,1,1,1,-1,1,1,1,-1,1,1,1,1,0.0,-71.13154231480756,1
267,1,1,-1,1,1,1,1,1,-1,1,-1,-1,-1,-1,1,1,1,-1,-1,1,1,1,-1,1,-1,-1,1,1,1,1,1,-1,1,1,-1,-1,-1,1,1,1,0.0,-71.12422698704306,1
268,1,1,-1,1,1,1,1,1,-1,-1,-1,-1,-1,-1,1,1,-1,-1,-1,1,-1,-1,-1,1,-1,-1,1,1,1,1,1,-1,1,1,-1,-1,1,1,-1,1,0.0,-71.12056437564516,1
269,1,1,-1,-1,1,1,1,1,-1,1,-1,-1,-1,-1,-1,1,-1,1,-1,1,1,1,-1,1,-1,-1,1,1,1,1,1,1,1,1,-1,-1,1,1,-1,-1,0.0,-71.1110964411183,1
270,-1,1,1,-1,-1,-1,-1,-1,1,1,1,1,1,1,-1,-1,1,-1,1,-1,1,-1,1,-1,1,1,-1,-1,-1,-1,-1,1,-1,-1,1,1,-1,-1,1,-1,0.0,-71.09624613713282,1
271,1,-1,-1,1,1,1,1,1,-1,-1,-1,-1,-1,-1,1,1,-1,-1,-1,-1,-1,1,-1,1,1,1,1,1,1,1,1,-1,1,1,-1,-1,-1,1,-1,1,0.0,-71.07740938916699,1
272,1,-1,1,-1,1,1,-1,1,-1,-1,-1,-1,1,-1,1,1,-1,-1,-1,1,-1,-1,-1,1,1,1,1,1,1,1,1,-1,1,1,-1,1,1,-1,-1,1,0.0,-71.06488393709824,1
273,1,-1,1,-1,1,1,-1,-1,-1,-1,-1,-1,-1,-1,1,1,-1,-1,-1,-1,-1,1,-1,1,-1,1,1,1,1,1,1,-1,-1,1,-1,1,1,-1,-1,1,0.0,-71.02684847957548,1
274,1,-1,1,-1,1,1,-1,1,-1,-1,-1,-1,1,-1,1,1,-1,-1,-1,1,1,1,-1,1,1,1,1,1,1,1,1,-1,1,1,-1,1,1,-1,-1,1,0.0,-71.02528708007313,1
275,1,-1,-1,-1,1,1,1,1,-1,1,-1,-1,-1,-1,1,1,-1,-1,-1,1,1,1,-1,1,1,-1,1,1,1,1,1,-1,1,1,-1,-1,1,1,-1,1,0.0,-71.01378348430029,1
276,-1,1,1,-1,-1,-1,-1,-1,1,1,1,1,1,1,-1,-1,1,1,-1,-1,1,-1,1,-1,1,1,-1,-1,-1,-1,-1,1,-1,-1,-1,1,1,-1,1,-1,0.0,-71.00270139707422,1
277,-1,-1,1,1,-1,-1,-1,-1,1,1,1,1,-1,1,-1,-1,-1,1,1,-1,-1,-1,1,-1,1,1,-1,-1,-1,-1,-1,1,-1,-1,1,1,-1,-1,-1,-1,0.0,-70.9964281473731,1
278,-1,-1,1,-1,1,-1,1,1,1,1,1,1,1,1,-1,-1,1,1,1,-1,-1,-1,1,-1,1,-1,-1,-1,-1,-1,-1,1,1,-1,1,-1,1,-1,1,-1,0.0,-70.99576388847319,1
279,1,-1,-1,-1,1,1,1,1,-1,-1,-1,-1,-1,-1,1,1,-1,1,-1,-1,1,1,-1,1,-1,-1,1,1,1,1,1,-1,1,1,-1,-1,1,1,-1,1,0.0,-70.99188430703224,1
280,1,-1,-1,1,1,1,1,1,-1,1,-1,-1,1,-1,1,1,-1,-1,-1,1,-1,-1,-1,1,-1,-1,1,1,1,1,1,-1,1,1,-1,-1,1,1,-1,1,0.0,-70.97922553637761,1
281,1,1,-1,-1,1,1,1,1,-1,1,-1,-1,-1,-1,-1,1,-1,1,-1,1,-1,1,-1,1,-1,-1,1,1,1,1,1,1,1,1,-1,-1,1,1,-1,-1,0.0,-70.96423565380903,1
282,1,1,1,-1,1,1,-1,-1,-1,-1,-1,-1,-1,-1,1,1,-1,-1,-1,1,1,1,-1,1,-1,1,1,1,1,1,1,-1,-1,1,-1,1,1,1,-1,1,0.0,-70.94734866312697,1
283,-1,-1,1,-1,-1,-1,-1,-1,1,-1,1,1,1,1,-1,-1,1,1,-1,-1,-1,-1,1,-1,1,1,-1,1,-1,-1,-1,1,-1,-1,1,1,-1,-1,1,-1,0.0,-70.94444948712197,1
284,1,1,-1,1,1,1,1,1,-1,-1,-1,-1,1,-1,1,1,-1,1,-1,1,1,1,-1,1,-1,-1,1,1,1,1,1,-1,1,1,-1,-1,1,1,-1,1,0.0,-70.94135680890562,1
285,-1,-1,1,-1,-1,-1,-1,-1,1,1,1,1,-1,1,-1,-1,1,-1,1,-1,-1,-1,1,-1,1,1,-1,-1,-1,-1,-1,1,-1,-1,1,1,-1,-1,1,-1,0.0,-70.94135680890562,1
286,-1,-1,1,1,-1,-1,-1,-1,1,-1,1,1,1,1,-1,-1,-1,-1,1,-1,1,-1,1,-1,1,1,-1,-1,-1,-1,-1,1,-1,-1,1,1,-1,-1,1,-1,0.0,-70.89601216736321,1
287,1,-1,-1,-1,-1,1,-1,1,-1,-1,-1,-1,-1,-1,1,1,-1,-1,1,1,1,1,-1,1,1,1,1,1,1,1,1,-1,1,1,-1,1,-1,1,-1,1,0.0,-70.8876199766047,2
288,-1,-1,1,1,-1,-1,1,1,1,1,1,1,1,1,-1,1,-1,1,-1,-1,-1,-1,1,-1,1,-1,-1,-1,-1,-1,-1,1,1,-1,1,-1,-1,-1,-1,-1,0.0,-70.8784620194861,1
289,-1,-1,-1,-1,1,1,1,1,-1,-1,-1,-1,-1,-1,1,1,-1,-1,-1,1,-1,1,-1,1,1,1,1,1,1,1,1,-1,1,1,-1,-1,1,1,-1,1,0.0,-70.86405762493176,2
290,1,1,-1,-1,1,1,1,1,-1,-1,-1,-1,1,-1,1,1,-1,-1,-1,1,-1,-1,-1,1,-1,1,1,1,1,1,1,-1,1,1,-1,-1,1,1,-1,1,0.0,-70.85501528686373,1
291,1,1,-1,1,-1,1,-1,1,-1,-1,-1,-1,-1,-1,1,1,-1,-1,-1,1,1,1,-1,1,-1,-1,1,1,1,1,1,-1,1,1,-1,1,-1,1,-1,1,0.0,-70.85475660832918,1
292,1,1,-1,-1,1,1,1,1,-1,1,-1,-1,-1,-1,1,1,-1,-1,1,1,-1,-1,-1,1,-1,-1,1,1,1,1,1,-1,1,1,-1,-1,1,1,-1,1,0.0,-70.85322339464184,1
293,1,1,-1,1,1,1,1,1,-1,-1,-1,-1,-1,-1,1,1,1,1,-1,1,1,1,-1,1,-1,-1,1,1,1,1,1,-1,1,1,-1,-1,1,1,-1,1,0.0,-70.85257296800499,1
294,1,-1,1,-1,1,1,-1,1,-1,-1,-1,-1,-1,-1,1,1,-1,1,-1,1,1,1,-1,1,1,1,1,1,1,1,1,-1,1,1,-1,1,1,-1,-1,1,0.0,-70.80029243678526,1
295,1,-1,-1,1,-1,1,-1,1,-1,-1,-1,-1,-1,-1,1,1,-1,-1,-1,-1,1,1,-1,1,1,1,1,1,1,1,1,-1,1,1,-1,1,-1,1,-1,1,0.0,-70.78583529356533,1
296,-1,-1,-1,1,-1,-1,-1,-1,1,1,1,1,-1,1,-1,-1,1,1,-1,-1,-1,1,1,-1,1,1,-1,-1,-1,-1,-1,1,-1,-1,1,1,-1,1,1,-1,0.0,-70.76535067800236,1
297,1,-1,1,-1,1,1,-1,-1,-1,-1,-1,-1,-1,-1,1,-1,1,-1,1,1,1,1,-1,1,-1,1,1,1,1,1,1,-1,-1,1,-1,1,1,-1,1,1,0.0,-70.73300214598245,1
298,1,1,-1,-1,1,1,-1,-1,-1,-1,-1,-1,-1,-1,1,-1,1,-1,1,1,-1,1,-1,1,-1,1,1,1,1,1,1,-1,-1,1,-1,1,1,1,1,1,0.0,-70.73160123217681,1
299,1,-1,-1,1,1,1,1,1,-1,-1,-1,-1,-1,-1,1,1,-1,-1,1,1,1,1,-1,1,1,-1,1,1,1,1,1,-1,1,1,1,-1,1,1,-1,1,0.0,-70.73063815451614,1
300,1,1,-1,-1,1,1,-1,1,-1,-1,-1,-1,-1,-1,1,1,-1,-1,-1,-1,-1,1,-1,1,-1,-1,1,1,1,1,1,-1,1,1,-1,1,1,1,-1,1,0.0,-70.7183469854855,1
301,1,-1,-1,-1,1,1,1,1,-1,-1,-1,-1,-1,-1,1,1,-1,1,1,1,-1,1,-1,1,1,1,1,1,1,1,1,-1,1,1,-1,-1,1,1,-1,1,0.0,-70.7084975426157,1
302,-1,-1,1,-1,-1,-1,-1,-1,1,1,1,1,1,1,-1,-1,-1,1,-1,-1,1,-1,1,-1,1,1,-1,-1,-1,-1,-1,1,-1,-1,-1,1,-1,-1,-1,-1,0.0,-70.67390134713675,1
303,-1,-1,1,1,-1,-1,-1,-1,1,1,1,1,-1,1,-1,-1,1,-1,1,1,-1,-1,1,-1,1,1,1,-1,-1,-1,-1,1,-1,-1,1,1,-1,-1,1,-1,0.0,-70.64699114193976,1
304,1,-1,1,-1,1,1,1,1,-1,-1,-1,-1,1,-1,1,1,-1,-1,-1,1,-1,-1,-1,1,-1,-1,1,1,1,1,1,-1,1,1,-1,-1,1,-1,-1,1,0.0,-70.59570557436192,1
305,-1,1,1,-1,-1,-1,-1,-1,1,1,1,1,1,1,-1,-1,1,-1,1,-1,-1,-1,1,-1,-1,-1,-1,-1,-1,-1,-1,1,-1,-1,1,1,-1,-1,1,-1,0.0,-70.5942264225508,1
306,1,1,-1,1,1,1,1,1,1,1,-1,-1,-1,1,-1,-1,1,1,-1,1,1,1,-1,1,-1,-1,1,1,-1,-1,1,1,1,-1,1,-1,1,1,1,-1,0.0,-70.5901694926078,1
307,1,-1,1,-1,1,1,-1,1,-1,-1,-1,-1,1,-1,1,1,-1,-1,1,1,1,1,-1,1,1,1,1,1,1,1,1,-1,1,1,-1,1,1,-1,-1,1,0.0,-70.56764611240231,1
308,1,1,-1,1,1,1,1,1,-1,-1,-1,-1,-1,-1,1,1,1,-1,-1,-1,-1,1,-1,1,-1,-1,1,1,1,1,1,-1,1,1,-1,-1,1,1,-1,1,0.0,-70.55176495719772,1
309,1,-1,1,-1,1,1,1,1,-1,-1,-1,-1,-1,-1,1,1,-1,-1,-1,-1,1,1,-1,1,1,-1,1,1,1,1,1,-1,1,1,-1,-1,1,-1,-1,1,0.0,-70.542233798107,1
310,-1,-1,1,-1,1,-1,1,1,1,1,1,1,1,1,-1,-1,1,1,-1,-1,-1,-1,1,-1,1,-1,-1,-1,-1,-1,-1,1,1,-1,1,-1,1,-1,1,-1,0.0,-70.53812292080237,1
311,1,1,-1,1,-1,1,-1,-1,-1,-1,-1,-1,-1,-1,1,1,-1,-1,1,1,1,1,-1,1,-1,1,1,1,1,1,1,-1,-1,1,-1,1,-1,1,-1,1,0.0,-70.53812292080237,1
312,1,1,-1,-1,1,1,1,1,-1,-1,-1,-1,1,1,1,1,-1,-1,-1,-1,1,1,-1,1,-1,-1,-1,-1,1,1,1,-1,1,1,-1,-1,1,1,-1,1,0.0,-70.5056112682094,2
313,-1,-1,1,-1,1,1,-1,1,-1,-1,-1,-1,-1,-1,1,1,-1,-1,-1,1,1,1,-1,1,1,1,1,1,1,1,1,-1,1,1,-1,1,1,-1,-1,1,0.0,-70.49821155143047,1
314,1,-1,-1,1,1,1,1,1,-1,-1,-1,-1,1,-1,1,1,-1,-1,-1,-1,-1,-1,-1,1,-1,-1,-1,1,1,1,1,-1,1,1,-1,-1,1,1,-1,1,0.0,-70.49455988274424,1
315,1,1,-1,-1,1,1,1,1,-1,-1,-1,-1,-1,-1,1,1,-1,-1,-1,-1,1,1,-1,1,-1,-1,1,1,1,1,1,-1,-1,1,-1,-1,1,1,-1,1,0.0,-70.44288385102557,1
316,1,1,-1,1,1,1,1,1,-1,-1,-1,-1,-1,-1,1,1,-1,1,1,1,1,1,-1,1,-1,-1,1,-1,1,1,1,-1,1,1,-1,-1,1,1,-1,1,0.0,-70.39835353497944,1
317,1,1,-1,1,1,1,1,1,-1,1,-1,-1,-1,-1,-1,1,-1,1,-1,1,1,1,-1,1,-1,-1,1,1,1,1,1,1,1,1,-1,-1,1,1,-1,-1,0.0,-70.39232356607329,1
318,1,-1,-1,-1,1,1,1,1,-1,-1,-1,-1,-1,-1,1,1,-1,-1,1,1,1,1,-1,1,1,-1,1,-1,1,1,1,-1,1,1,-1,-1,1,1,-1,1,0.0,-70.36330089351694,1
319,1,1,1,-1,-1,-1,-1,-1,-1,-1,-1,-1,-1,-1,1,1,-1,-1,-1,1,1,1,-1,1,-1,1,1,1,1,1,-1,-1,-1,1,-1,1,-1,-1,-1,1,0.0,-70.34795708917721,2
320,1,1,-1,-1,1,1,1,1,-1,1,-1,-1,-1,-1,-1,1,-1,1,-1,1,1,1,-1,1,-1,-1,1,1,1,1,1,1,1,-1,-1,-1,1,1,-1,-1,0.0,-70.3250697566874,2
321,1,1,-1,-1,1,1,1,1,-1,-1,-1,-1,-1,-1,1,-1,1,-1,-1,1,-1,1,-1,1,-1,-1,1,1,1,1,1,-1,-1,1,-1,-1,1,1,1,1,0.0,-70.31295691048483,1
322,1,1,-1,-1,1,1,-1,-1,-1,-1,-1,-1,-1,-1,1,-1,-1,-1,1,1,-1,1,-1,1,-1,1,1,1,1,1,1,-1,-1,1,-1,1,1,1,-1,1,0.0,-70.27872009051602,2
323,-1,-1,1,-1,-1,-1,-1,-1,1,1,1,1,1,1,-1,-1,-1,1,1,-1,1,-1,1,-1,1,1,-1,-1,-1,-1,-1,1,-1,-1,-1,1,1,-1,-1,-1,0.0,-70.26989606934309,1
324,1,1,-1,1,1,1,1,1,-1,-1,-1,-1,-1,-1,1,1,-1,-1,-1,1,-1,1,-1,1,-1,-1,1,-1,1,1,1,-1,1,1,-1,-1,1,1,-1,1,0.0,-70.25929228270309,1
325,-1,-1,-1,-1,1,1,1,1,-1,-1,-1,-1,-1,-1,1,1,-1,-1,-1,1,1,1,1,-1,1,1,1,1,1,1,1,-1,1,1,-1,-1,1,1,-1,1,0.0,-70.23321609879065,1
326,-1,-1,-1,1,1,1,1,1,1,1,1,1,1,1,-1,-1,1,1,1,-1,1,-1,1,-1,1,-1,-1,-1,-1,-1,1,1,1,-1,1,-1,1,1,1,-1,0.0,-70.20109630186795,2
327,1,1,-1,1,-1,1,1,1,-1,-1,-1,-1,-1,-1,1,1,1,-1,1,1,1,1,-1,1,-1,-1,1,1,1,1,1,-1,1,1,1,-1,-1,1,1,1,0.0,-70.19762150433007,1
328,1,-1,1,-1,1,1,-1,1,-1,-1,-1,-1,-1,-1,1,1,-1,1,1,1,-1,1,-1,1,1,1,1,1,1,1,1,-1,1,1,-1,1,1,-1,-1,1,0.0,-70.19579068180514,1
329,-1,-1,1,1,-1,-1,-1,-1,1,-1,1,1,1,1,1,-1,1,-1,1,-1,1,-1,1,-1,1,1,-1,-1,-1,-1,-1,-1,-1,1,1,1,-1,-1,1,1,0.0,-70.17820896937812,1
330,1,1,-1,-1,1,1,1,1,-1,-1,-1,-1,-1,-1,1,-1,-1,-1,1,1,1,1,-1,1,-1,-1,1,1,1,1,1,-1,1,1,-1,-1,1,1,-1,1,0.0,-70.15242087351628,1
331,1,-1,1,-1,1,1,-1,1,-1,-1,-1,-1,-1,-1,1,1,1,-1,-1,1,1,1,-1,1,1,1,1,1,1,1,1,-1,1,1,-1,1,1,-1,1,1,0.0,-70.1365909002077,1
332,1,-1,1,-1,1,1,1,1,-1,-1,-1,-1,-1,-1,1,1,-1,-1,-1,1,-1,1,-1,1,1,1,1,1,1,1,1,-1,1,1,-1,-1,1,1,-1,1,0.0,-70.12954182128749,1
333,-1,-1,1,1,1,-1,1,1,1,1,1,1,1,1,-1,-1,1,1,-1,-1,-1,-1,1,-1,1,-1,-1,-1,-1,-1,-1,1,1,-1,1,-1,1,-1,1,-1,0.0,-70.12755307905763,1
334,1,1,-1,1,1,1,1,1,-1,-1,-1,-1,-1,-1,1,1,-1,1,-1,-1,1,1,-1,1,-1,-1,1,1,1,1,1,-1,1,1,1,-1,-1,1,-1,1,0.0,-70.11046290077502,1
335,1,-1,1,-1,1,1,-1,1,-1,-1,-1,-1,1,-1,1,1,-1,-1,-1,-1,-1,-1,-1,1,1,1,1,1,1,1,1,-1,1,1,-1,1,1,-1,-1,1,0.0,-70.09488844464333,1
336,1,-1,1,-1,1,1,-1,1,-1,-1,-1,-1,1,-1,1,1,-1,-1,-1,-1,-1,-1,-1,1,1,1,-1,1,1,1,1,-1,1,1,-1,1,1,-1,-1,1,0.0,-70.05174539508735,1
337,1,1,-1,1,-1,1,-1,-1,-1,-1,-1,-1,-1,-1,1,-1,1,-1,-1,1,1,1,-1,1,-1,1,1,1,1,1,1,-1,-1,1,-1,1,-1,1,1,1,0.0,-70.0427022427868,1
338,1,-1,1,-1,1,1,1,1,-1,-1,-1,-1,-1,-1,1,1,-1,-1,1,1,1,1,-1,1,-1,-1,1,-1,1,1,1,-1,1,1,-1,-1,1,-1,-1,1,0.0,-70.0131054434106,1
339,1,-1,-1,-1,1,1,-1,1,-1,-1,-1,-1,-1,-1,1,1,-1,-1,-1,1,1,1,-1,1,-1,1,1,1,1,1,1,-1,1,1,-1,1,1,1,-1,1,0.0,-69.996962825926,1
340,-1,-1,1,1,1,-1,1,1,1,1,1,1,1,1,-1,-1,1,1,-1,-1,1,-1,1,-1,1,-1,-1,-1,-1,-1,-1,1,1,-1,1,-1,1,-1,1,-1,0.0,-69.98069229174835,1
341,-1,-1,-1,-1,1,1,-1,1,-1,-1,-1,-1,-1,-1,1,1,-1,-1,-1,1,1,1,-1,1,1,1,1,1,1,1,1,-1,1,1,-1,1,1,1,-1,1,0.0,-69.97251106574114,1
342,-1,-1,1,-1,1,1,-1,-1,-1,-1,1,1,1,-1,1,1,-1,-1,-1,-1,-1,-1,1,-1,1,1,-1,1,1,1,-1,-1,-1,1,-1,1,1,-1,-1,1,0.0,-69.96654450061548,1
343,1,-1,1,-1,1,1,1,1,-1,-1,-1,-1,1,-1,1,1,-1,-1,-1,1,-1,-1,-1,1,1,1,1,1,1,1,1,-1,1,1,-1,-1,1,-1,-1,1,0.0,-69.94682507247057,1
344,1,-1,-1,-1,1,1,1,1,-1,1,-1,-1,-1,-1,1,1,-1,-1,-1,1,-1,1,-1,1,1,1,1,1,1,1,1,-1,1,1,-1,-1,1,1,-1,1,0.025,-69.49051278367989,1
345,1,1,-1,-1,1,1,-1,1,-1,-1,-1,-1,-1,-1,1,1,-1,-1,-1,1,1,1,-1,1,1,1,1,1,1,1,1,-1,1,1,-1,1,1,1,-1,1,0.0,-69.91200978338222,1
346,-1,-1,-1,1,1,1,1,1,1,1,1,1,1,1,-1,-1,1,1,-1,-1,-1,-1,1,-1,1,-1,-1,-1,-1,-1,1,1,1,-1,1,-1,1,1,1,-1,0.0,-69.8903161215064,1
347,1,1,1,-1,-1,-1,-1,-1,-1,-1,-1,-1,-1,-1,1,1,-1,-1,1,1,1,1,-1,1,-1,1,1,1,1,1,-1,-1,-1,1,-1,1,-1,-1,-1,1,0.0,-69.89031612150634,1
348,-1,-1,-1,1,-1,-1,1,1,1,1,1,1,1,1,-1,-1,1,1,-1,-1,1,-1,1,-1,1,-1,-1,1,-1,-1,-1,1,1,-1,1,-1,-1,1,1,-1,0.0,-69.88831020874021,1
349,1,1,1,-1,1,1,-1,-1,-1,-1,-1,-1,-1,-1,1,-1,1,-1,-1,1,-1,1,-1,1,-1,1,1,1,1,1,1,-1,-1,1,-1,1,1,1,1,1,0.0,-69.84742623013132,2
350,1,-1,1,-1,1,1,-1,1,-1,-1,-1,-1,-1,-1,1,1,-1,1,-1,-1,1,1,-1,1,1,1,1,1,1,1,1,-1,1,1,-1,1,1,-1,-1,1,0.0,-69.83029694433033,1
351,1,1,-1,1,1,1,1,1,-1,-1,-1,-1,1,1,1,1,-1,-1,-1,-1,1,1,-1,1,-1,-1,-1,-1,1,1,1,-1,1,1,-1,-1,1,1,-1,1,0.0,-69.78683839316439,1
352,1,-1,1,-1,1,1,-1,1,-1,-1,-1,-1,1,-1,1,1,-1,-1,-1,1,1,-1,-1,1,1,1,1,1,1,1,1,-1,1,1,-1,1,1,-1,-1,1,0.0,-69.75722927538908,1
353,1,1,-1,1,1,1,1,1,-1,-1,-1,-1,-1,-1,1,-1,1,-1,-1,1,1,1,-1,1,-1,-1,1,1,1,1,1,-1,-1,1,-1,-1,1,1,1,1,0.0,-69.74104482274909,1
354,1,-1,-1,-1,1,1,1,1,-1,-1,-1,-1,-1,-1,1,1,-1,1,-1,-1,1,1,-1,1,1,-1,1,1,1,1,1,-1,1,1,-1,-1,1,1,-1,1,0.0,-69.7113140317004,1
355,-1,1,-1,-1,1,1,1,1,-1,-1,-1,-1,-1,-1,1,1,-1,-1,-1,-1,1,1,1,-1,-1,-1,1,1,1,1,1,-1,1,1,-1,-1,1,1,-1,1,0.0,-69.69915649585415,1
356,-1,-1,1,-1,-1,-1,-1,-1,1,1,1,1,-1,1,-1,-1,1,-1,1,-1,-1,1,1,-1,1,1,-1,-1,-1,-1,-1,1,-1,-1,1,1,-1,-1,1,-1,0.0,-69.67329900422156,1
357,-1,-1,1,-1,-1,-1,-1,-1,-1,-1,1,1,1,-1,1,-1,1,-1,1,-1,-1,-1,1,-1,1,1,-1,-1,1,1,-1,-1,-1,1,-1,1,-1,-1,1,1,0.0,-69.64201055010082,1
358,-1,1,1,1,1,-1,1,1,1,1,1,1,1,1,-1,-1,1,1,1,-1,1,-1,1,-1,1,-1,-1,-1,-1,-1,-1,1,-1,-1,1,-1,1,-1,1,-1,0.0,-69.64012199065994,1
359,1,1,-1,1,1,1,1,1,-1,-1,-1,-1,-1,-1,1,1,-1,-1,-1,1,1,1,-1,1,1,-1,1,1,1,1,1,-1,1,1,1,-1,1,1,-1,1,0.0,-69.62779183645591,1
360,1,1,-1,1,1,1,1,1,-1,1,-1,-1,-1,-1,1,1,-1,-1,-1,-1,-1,-1,-1,1,-1,-1,1,1,1,1,1,-1,1,1,-1,-1,1,1,-1,1,0.0,-69.62209599481274,1
361,-1,-1,1,1,1,-1,1,1,1,1,1,1,1,1,-1,-1,1,1,1,1,-1,-1,1,-1,1,-1,-1,-1,-1,-1,-1,1,1,-1,1,-1,1,-1,1,-1,0.0,-69.61519855427355,1
362,1,1,-1,1,1,1,1,1,-1,1,-1,-1,-1,-1,-1,1,-1,1,-1,1,1,1,-1,1,-1,-1,1,1,1,1,1,1,1,-1,-1,-1,1,1,-1,-1,0.0,-69.6062968816424,1
363,1,-1,-1,1,1,1,1,1,-1,-1,-1,-1,1,-1,1,1,-1,-1,-1,1,1,-1,-1,1,1,1,1,1,1,1,1,-1,1,1,-1,-1,1,1,-1,1,0.0,-69.55116326115461,1
364,1,-1,-1,-1,1,1,-1,1,-1,-1,-1,-1,1,-1,1,1,-1,-1,-1,-1,-1,-1,-1,1,1,1,-1,1,1,1,1,-1,1,1,-1,1,1,1,-1,1,0.0,-69.52604490939802,1
365,1,-1,1,-1,1,1,-1,1,-1,-1,-1,-1,-1,-1,1,1,-1,-1,-1,-1,1,1,-1,1,1,-1,1,1,1,1,1,-1,1,1,-1,1,1,-1,-1,1,0.0,-69.52097599690853,1
366,1,1,-1,-1,1,1,1,1,-1,-1,-1,-1,-1,-1,1,-1,-1,-1,-1,-1,-1,1,-1,1,-1,-1,1,1,1,1,1,-1,1,1,-1,-1,1,1,-1,1,0.0,-69.49320556142291,1
367,1,1,-1,-1,-1,1,-1,-1,-1,-1,-1,-1,-1,-1,1,-1,1,-1,-1,1,-1,1,-1,1,-1,1,1,1,1,1,1,-1,-1,1,-1,1,-1,1,1,1,0.0,-69.48527161373279,1
368,-1,1,1,1,-1,-1,-1,-1,1,1,1,1,1,1,-1,-1,-1,1,1,1,-1,-1,1,-1,1,1,-1,-1,-1,-1,-1,1,-1,-1,1,1,-1,-1,1,-1,0.0,-69.48245788653155,1
369,1,1,1,-1,1,1,-1,-1,-1,-1,-1,-1,-1,-1,1,-1,1,1,-1,1,-1,1,-1,1,-1,1,1,1,1,1,1,-1,-1,1,-1,1,1,-1,1,1,0.0,-69.46434999950357,1
370,-1,-1,1,-1,-1,-1,-1,-1,1,-1,1,1,1,1,1,-1,1,-1,1,-1,1,-1,1,-1,1,1,-1,-1,-1,-1,-1,-1,-1,1,1,1,-1,-1,1,1,0.0,-69.45943609433311,1
371,1,1,1,-1,1,1,1,1,-1,-1,-1,-1,1,-1,1,1,1,-1,-1,1,-1,-1,-1,1,-1,-1,1,1,1,1,1,-1,1,1,-1,-1,1,-1,1,1,0.0,-69.40525927895996,1
372,1,1,1,-1,1,1,-1,-1,-1,-1,-1,-1,-1,-1,1,-1,1,-1,1,1,-1,1,-1,1,-1,1,1,1,1,1,1,-1,-1,1,-1,1,1,1,1,1,0.0,-69.38978526246049,1
373,-1,-1,-1,1,1,1,1,1,1,1,1,1,1,1,-1,-1,1,1,1,1,-1,-1,1,-1,1,-1,-1,-1,-1,-1,1,1,1,-1,1,-1,1,1,1,-1,0.0,-69.37796159672232,1
374,-1,1,-1,1,-1,-1,1,1,1,1,1,1,1,1,-1,-1,1,1,-1,-1,-1,-1,1,-1,1,-1,-1,1,-1,-1,-1,1,1,-1,1,-1,-1,1,1,-1,0.0,-69.36401063685652,1
375,1,1,1,-1,-1,1,-1,-1,-1,-1,-1,-1,-1,-1,1,1,-1,-1,-1,1,-1,1,-1,1,-1,1,1,1,1,1,1,-1,1,1,-1,1,-1,-1,-1,1,0.0,-69.34954774574564,1
376,1,1,1,-1,-1,1,-1,1,-1,-1,-1,-1,-1,-1,1,1,-1,-1,-1,1,-1,1,-1,1,-1,-1,1,1,1,1,1,-1,1,1,-1,1,-1,-1,-1,1,0.0,-69.3355913751679,1
377,-1,-1,1,-1,1,1,-1,1,-1,-1,-1,-1,-1,-1,1,1,-1,-1,1,1,1,1,1,-1,1,1,1,1,1,1,1,-1,1,1,-1,1,1,-1,-1,1,0.0,-69.26286827030926,2
378,1,-1,1,-1,1,1,-1,-1,-1,-1,-1,-1,-1,-1,1,1,-1,1,-1,1,1,1,-1,1,-1,1,1,1,1,1,1,-1,1,1,-1,1,1,-1,-1,1,0.0,-69.24201427047895,1
379,1,-1,1,-1,1,1,1,1,-1,-1,-1,-1,-1,-1,1,1,-1,-1,1,1,-1,1,-1,1,1,1,1,-1,1,1,1,-1,1,1,-1,-1,1,-1,-1,1,0.0,-69.21736415420999,1
380,-1,-1,1,-1,-1,-1,-1,-1,-1,-1,1,1,1,-1,1,-1,-1,-1,1,-1,-1,-1,1,-1,1,1,-1,-1,1,1,-1,-1,-1,1,-1,1,-1,-1,-1,1,0.0,-69.18912940844001,1
381,1,1,1,-1,1,1,1,1,-1,-1,-1,-1,-1,-1,1,1,-1,-1,1,1,-1,1,-1,1,-1,-1,1,1,1,1,1,-1,-1,1,-1,-1,1,-1,-1,1,0.0,-69.17761186306214,1
382,1,1,1,-1,1,1,-1,-1,-1,-1,-1,-1,-1,-1,1,-1,-1,1,-1,1,-1,1,-1,1,-1,1,1,1,1,1,1,-1,-1,1,-1,1,1,-1,1,-1,0.0,-69.17049744870833,1
383,1,1,1,-1,1,1,-1,-1,-1,-1,-1,-1,1,-1,1,1,-1,-1,-1,-1,-1,-1,-1,1,-1,1,-1,1,1,1,1,-1,1,1,-1,1,1,-1,-1,1,0.0,-69.16462758797402,1
384,-1,1,-1,1,-1,-1,-1,-1,1,1,1,1,1,1,-1,-1,1,1,1,-1,-1,-1,1,-1,1,1,-1,-1,-1,-1,-1,1,-1,-1,-1,1,-1,1,1,-1,0.0,-69.14630550800956,1
385,1,1,-1,-1,1,1,1,1,-1,-1,-1,-1,-1,1,1,1,-1,-1,-1,-1,1,1,-1,1,-1,-1,-1,-1,1,1,1,-1,1,1,-1,-1,1,1,-1,1,0.0,-69.0853667005959,1
386,-1,1,1,1,-1,-1,-1,-1,1,1,1,1,1,1,-1,-1,1,-1,-1,-1,1,-1,1,-1,1,1,-1,1,-1,-1,-1,1,-1,-1,1,1,-1,-1,1,-1,0.0,-69.0353248896947,1
387,1,-1,-1,1,1,1,1,1,-1,-1,-1,-1,1,-1,1,1,-1,-1,-1,-1,-1,-1,-1,1,1,1,1,1,1,1,1,-1,1,1,-1,-1,-1,1,-1,1,0.0,-69.02717618494441,1
388,1,-1,-1,-1,1,1,-1,1,-1,-1,-1,-1,1,-1,1,1,-1,-1,1,1,-1,1,-1,1,1,1,1,1,1,1,1,-1,1,1,-1,1,1,1,-1,1,0.0,-68.99836661170247,1
389,1,1,-1,1,1,1,1,1,-1,-1,-1,-1,-1,-1,1,1,-1,-1,1,1,1,1,-1,1,1,1,1,1,1,1,1,-1,1,1,-1,-1,-1,1,-1,1,0.0,-68.91235704170181,1
390,1,-1,1,-1,1,1,-1,-1,-1,-1,-1,-1,-1,-1,1,1,-1,-1,1,1,1,1,-1,1,1,1,1,1,1,1,1,-1,-1,1,-1,1,1,-1,-1,1,0.0,-68.91007334045912,1
391,1,-1,1,-1,1,1,1,1,-1,-1,-1,-1,-1,-1,1,1,1,-1,-1,1,-1,1,-1,1,1,1,1,1,1,1,1,-1,1,1,-1,-1,1,-1,1,1,0.0,-68.87167124827074,1
392,1,1,-1,-1,1,1,1,1,-1,-1,-1,-1,-1,-1,1,1,1,-1,-1,-1,-1,1,-1,1,-1,1,1,1,1,1,1,-1,1,1,-1,-1,1,1,1,1,0.0,-68.80986597020897,1
393,-1,-1,1,1,-1,-1,-1,-1,-1,-1,1,1,1,-1,1,1,-1,-1,-1,-1,-1,-1,1,-1,1,1,-1,1,1,1,-1,-1,-1,1,-1,1,-1,-1,-1,1,0.0,-68.80792745435652,1
394,1,1,-1,-1,1,1,1,1,1,1,-1,-1,-1,1,-1,-1,1,1,-1,1,1,1,-1,1,-1,-1,1,1,-1,-1,1,1,1,-1,-1,-1,1,1,1,-1,0.0,-68.7855974037285,1
395,1,1,-1,1,1,1,1,1,-1,-1,-1,-1,-1,-1,1,-1,-1,-1,-1,-1,-1,1,-1,1,-1,-1,1,1,1,1,1,-1,1,1,-1,-1,1,1,-1,1,0.0,-68.77443268637789,1
396,-1,1,-1,-1,1,1,1,1,-1,-1,-1,-1,1,-1,1,1,-1,-1,-1,1,1,1,-1,1,-1,-1,1,1,1,1,1,-1,1,1,-1,-1,1,1,-1,1,0.0,-68.73471658993964,1
397,1,1,1,-1,1,1,-1,-1,-1,-1,-1,-1,-1,-1,1,1,1,-1,-1,-1,1,1,-1,1,-1,1,1,1,1,1,1,-1,-1,1,-1,1,1,-1,1,1,0.0,-68.71948259765531,1
398,1,-1,-1,-1,1,1,-1,-1,-1,-1,-1,-1,-1,-1,1,1,-1,-1,1,1,-1,1,-1,1,-1,1,1,-1,1,1,1,-1,-1,1,-1,1,1,1,-1,1,0.0,-68.69144936385788,1
399,1,-1,-1,-1,-1,1,-1,1,-1,-1,-1,-1,1,-1,1,1,-1,-1,1,1,-1,-1,-1,1,1,1,1,1,1,1,1,-1,1,1,-1,1,-1,1,-1,1,0.0,-68.69052598507287,1
400,1,1,1,-1,1,1,-1,-1,-1,-1,-1,-1,1,-1,1,-1,1,-1,-1,-1,-1,-1,-1,1,-1,1,-1,1,1,1,1,-1,-1,1,-1,1,1,-1,1,1,0.0,-68.65157093930353,1
401,-1,-1,1,-1,-1,-1,-1,-1,1,-1,1,1,1,1,1,-1,1,-1,1,1,-1,-1,1,-1,1,1,-1,-1,-1,-1,-1,-1,-1,1,1,1,-1,-1,1,1,0.0,-68.63630138918748,1
402,1,1,1,-1,1,1,-1,-1,-1,-1,-1,-1,1,-1,1,-1,1,-1,-1,-1,1,1,-1,1,-1,1,-1,1,1,1,1,-1,-1,1,-1,1,1,-1,1,1,0.0,-68.61197408227842,1
403,1,1,-1,-1,1,1,-1,1,-1,-1,-1,-1,1,-1,1,1,-1,-1,-1,-1,1,1,-1,1,-1,-1,-1,1,1,1,1,-1,1,1,-1,1,1,1,-1,1,0.0,-68.58537387468185,1
404,1,1,-1,-1,-1,1,-1,1,-1,-1,-1,-1,-1,-1,1,1,-1,-1,-1,1,1,1,-1,1,1,1,1,1,1,1,1,-1,1,1,-1,1,-1,1,-1,1,0.0,-68.52099328471698,1
405,-1,1,1,-1,-1,-1,-1,-1,-1,-1,1,1,1,-1,1,1,-1,-1,-1,-1,-1,-1,1,-1,1,1,-1,1,1,1,-1,-1,-1,1,-1,1,1,-1,-1,1,0.0,-68.5013533445309,1
406,1,-1,1,-1,-1,-1,-1,-1,-1,-1,1,-1,1,-1,1,1,-1,-1,-1,-1,-1,-1,-1,1,-1,1,-1,1,1,1,-1,-1,-1,1,-1,1,-1,-1,-1,1,0.0,-68.4082925016435,1
407,-1,1,1,-1,1,-1,1,1,1,1,1,1,1,1,-1,1,1,1,-1,-1,1,-1,1,-1,1,-1,-1,-1,-1,-1,-1,1,1,-1,1,-1,1,-1,1,-1,0.0,-68.31415898695293,1
408,1,1,1,-1,1,1,-1,-1,-1,-1,-1,-1,-1,-1,1,1,-1,-1,1,1,-1,1,-1,1,-1,1,1,1,1,1,1,-1,-1,1,-1,1,1,-1,-1,1,0.025,-72.21036336355253,1
409,1,-1,1,-1,1,1,-1,1,-1,-1,-1,-1,1,1,1,1,-1,-1,1,-1,1,1,-1,1,1,1,-1,-1,1,1,1,-1,1,1,-1,1,1,-1,-1,1,0.0,-68.17486375136056,1
410,-1,1,1,1,1,-1,1,-1,1,1,1,1,1,1,-1,-1,1,1,-1,-1,-1,-1,1,-1,1,-1,-1,-1,-1,-1,-1,1,-1,-1,1,-1,1,-1,1,-1,0.0,-68.14830535958995,1
411,1,-1,-1,1,1,1,1,1,-1,-1,-1,-1,1,-1,1,1,-1,-1,-1,-1,-1,1,-1,1,1,-1,-1,1,1,1,1,-1,1,1,-1,-1,1,1,-1,1,0.0,-68.1308137353768,1
412,1,-1,-1,1,1,1,1,1,-1,-1,-1,-1,-1,-1,1,1,-1,-1,1,1,-1,-1,-1,1,1,1,1,1,1,1,1,-1,1,1,-1,-1,1,1,-1,1,0.0,-68.07910217306255,1
413,1,-1,-1,-1,1,1,1,1,-1,-1,-1,-1,-1,-1,1,1,-1,-1,-1,-1,1,1,-1,1,1,1,-1,1,1,1,1,-1,1,1,-1,-1,1,1,-1,1,0.0,-68.02198329326045,1
414,1,-1,1,-1,1,1,-1,1,-1,-1,-1,-1,-1,-1,1,1,1,1,1,1,1,1,-1,1,1,1,1,1,1,1,1,-1,1,1,-1,1,1,-1,-1,1,0.0,-68.01717677965684,1
415,1,1,1,-1,1,1,1,1,1,1,-1,-1,-1,1,-1,-1,1,1,1,1,1,1,-1,1,-1,-1,1,-1,-1,-1,1,1,1,-1,1,-1,1,-1,1,-1,0.0,-67.97539643350667,1
416,1,-1,1,-1,1,1,-1,-1,-1,-1,-1,-1,-1,-1,1,-1,1,1,-1,-1,1,1,-1,1,-1,1,1,1,1,1,1,-1,-1,1,-1,1,1,-1,1,1,0.0,-67.97005493516497,1
417,-1,-1,1,-1,-1,-1,-1,-1,1,-1,1,1,1,1,-1,-1,1,1,-1,-1,-1,1,1,-1,1,1,-1,-1,-1,-1,-1,1,-1,-1,1,1,-1,-1,1,-1,0.0,-67.93007763018643,1
418,1,1,-1,1,1,1,1,1,1,1,-1,-1,-1,1,-1,1,1,-1,-1,1,1,1,-1,1,-1,-1,1,1,-1,-1,1,1,1,-1,1,-1,1,1,1,1,0.0,-67.81199842404668,1
419,1,-1,1,-1,1,1,-1,-1,-1,-1,-1,-1,-1,-1,1,-1,-1,-1,1,1,-1,1,-1,1,-1,1,1,-1,1,1,1,-1,-1,1,-1,1,1,-1,-1,1,0.0,-67.81120706220007,1
420,-1,-1,-1,-1,1,1,-1,-1,-1,-1,1,1,1,-1,1,-1,1,-1,1,-1,-1,-1,1,-1,1,1,-1,-1,1,1,-1,-1,-1,1,-1,1,1,1,1,1,0.0,-67.78491424201107,1
421,1,-1,-1,1,1,1,1,1,-1,-1,-1,-1,1,-1,1,1,-1,-1,-1,-1,-1,-1,-1,1,1,1,-1,1,1,1,1,-1,1,1,1,-1,-1,1,-1,1,0.0,-67.74809011662028,1
422,-1,1,-1,-1,1,1,1,1,1,1,1,1,1,1,-1,-1,1,1,1,-1,1,-1,1,-1,1,-1,-1,-1,-1,-1,1,1,1,-1,-1,-1,1,1,1,-1,0.0,-67.72536385379567,1
423,-1,-1,-1,-1,1,1,1,1,-1,-1,-1,1,-1,-1,1,1,-1,-1,-1,-1,1,1,1,-1,1,1,1,1,1,1,1,-1,1,1,-1,-1,1,1,-1,1,0.0,-67.63244975817385,1
424,1,1,1,-1,1,1,1,1,-1,1,-1,-1,-1,-1,-1,1,-1,1,-1,1,1,1,-1,1,-1,-1,1,1,1,1,1,1,1,1,-1,-1,1,1,-1,-1,0.0,-67.61281426027442,1
425,1,-1,-1,-1,-1,1,-1,1,-1,-1,-1,-1,-1,-1,1,1,-1,-1,-1,-1,1,1,-1,1,1,-1,1,1,1,1,1,-1,1,1,-1,1,-1,1,-1,1,0.0,-67.60425901255397,1
426,-1,-1,1,-1,1,1,-1,-1,-1,-1,1,1,1,-1,1,-1,1,-1,-1,-1,-1,-1,1,-1,1,1,-1,-1,1,1,-1,-1,-1,1,-1,1,1,-1,1,1,0.0,-67.54483414882691,1
427,-1,-1,1,1,-1,-1,-1,-1,1,1,1,1,-1,1,-1,-1,1,1,1,1,-1,1,1,-1,1,1,-1,-1,-1,-1,-1,1,-1,-1,-1,1,-1,-1,1,-1,0.0,-67.43903311618396,1
428,1,1,-1,1,1,1,1,1,-1,-1,-1,-1,-1,-1,1,1,1,-1,-1,-1,1,1,-1,1,-1,-1,1,-1,1,1,1,-1,1,1,-1,-1,1,1,1,1,0.0,-67.42526163064205,1
429,1,1,1,-1,1,1,-1,-1,-1,-1,-1,-1,-1,-1,1,-1,1,-1,-1,1,-1,-1,-1,1,-1,1,1,1,1,1,1,-1,-1,1,-1,1,1,-1,1,1,0.0,-67.342634699184,1
430,1,-1,-1,-1,1,1,-1,1,-1,-1,-1,-1,1,1,1,1,-1,-1,-1,-1,1,1,-1,1,1,1,-1,1,1,1,1,-1,1,1,-1,1,1,1,-1,1,0.0,-67.33644120015789,1
431,1,-1,-1,1,1,1,1,1,-1,-1,-1,-1,1,-1,1,1,-1,-1,-1,-1,1,-1,-1,1,1,1,-1,1,1,1,1,-1,1,1,1,-1,1,1,-1,1,0.0,-67.30208170037558,1
432,1,1,-1,1,1,1,1,1,-1,-1,-1,-1,-1,1,1,1,-1,-1,-1,1,1,1,-1,1,-1,-1,1,1,1,1,1,-1,1,1,-1,-1,1,1,-1,1,0.0,-67.25480451709439,1
433,1,-1,-1,1,1,1,1,1,-1,-1,-1,-1,-1,-1,1,1,1,-1,-1,-1,1,1,-1,1,1,1,1,1,1,1,1,-1,1,1,-1,-1,-1,1,-1,1,0.0,-67.25315826413075,1
434,1,1,-1,-1,1,1,1,1,-1,1,-1,-1,-1,-1,1,1,-1,-1,1,1,1,1,-1,1,-1,-1,1,1,1,1,1,-1,1,-1,-1,-1,1,1,-1,1,0.0,-67.20169124462699,1
435,-1,1,1,-1,1,1,-1,1,-1,-1,-1,-1,-1,-1,1,1,-1,-1,-1,1,1,1,1,-1,1,-1,1,1,1,1,1,-1,1,1,-1,1,1,-1,-1,1,0.0,-67.14926279888519,1
436,1,-1,1,-1,1,1,1,1,-1,1,-1,-1,-1,-1,1,1,1,1,1,1,1,1,-1,1,-1,-1,1,1,1,1,1,-1,1,1,-1,-1,1,-1,-1,1,0.0,-67.01952552854299,1
437,-1,-1,-1,-1,1,1,1,1,1,1,1,1,1,1,-1,1,1,1,1,-1,1,-1,1,-1,1,-1,-1,-1,-1,-1,1,1,1,-1,-1,-1,1,1,1,-1,0.0,-66.99548412882092,1
438,-1,-1,-1,1,1,-1,1,1,1,1,1,1,-1,1,-1,-1,1,1,-1,-1,1,1,1,-1,1,-1,-1,-1,-1,-1,-1,1,1,-1,1,-1,1,1,1,-1,0.0,-66.96872448341854,1
439,1,1,-1,1,-1,-1,1,1,1,1,-1,-1,-1,1,-1,-1,1,1,-1,1,1,1,-1,1,-1,-1,1,1,-1,-1,1,1,-1,-1,1,-1,-1,-1,1,-1,0.0,-66.95125221778585,1
440,-1,-1,1,1,-1,-1,-1,-1,1,1,1,1,-1,1,-1,-1,1,-1,1,-1,1,1,1,-1,1,1,-1,-1,-1,-1,-1,1,1,-1,1,1,-1,-1,1,-1,0.0,-66.7540998601038,1
441,1,-1,-1,1,1,1,1,1,1,1,-1,-1,-1,1,-1,1,-1,1,-1,1,1,1,-1,1,1,-1,1,1,-1,-1,1,1,1,-1,1,-1,1,1,-1,-1,0.0,-66.6817199301122,1
442,-1,-1,1,1,-1,-1,-1,-1,1,1,1,1,1,1,1,-1,1,-1,-1,-1,1,-1,1,-1,1,1,-1,-1,-1,-1,-1,-1,-1,-1,1,1,-1,-1,1,1,0.0,-66.47343063143995,1
443,1,-1,-1,-1,1,1,-1,1,-1,-1,-1,-1,1,-1,1,1,1,-1,-1,-1,-1,-1,-1,1,1,1,-1,1,1,1,1,-1,1,1,-1,1,1,1,1,1,0.0,-66.40065788097561,1
444,1,-1,-1,1,1,1,1,1,1,1,-1,-1,-1,1,-1,-1,1,1,-1,1,1,1,-1,1,-1,-1,1,-1,-1,-1,1,1,1,-1,1,-1,-1,1,1,-1,0.0,-66.35560699892173,1
445,1,-1,1,-1,1,1,-1,1,-1,-1,-1,-1,-1,-1,1,-1,1,-1,-1,-1,-1,1,-1,1,1,1,1,1,1,1,1,-1,-1,1,-1,1,1,-1,1,1,0.0,-66.23082502209571,1
446,1,1,1,-1,1,1,1,1,-1,-1,-1,-1,1,-1,1,-1,1,-1,-1,-1,-1,-1,-1,1,-1,-1,-1,1,1,1,1,-1,1,1,-1,-1,1,-1,1,1,0.0,-66.22194472386691,1
447,-1,-1,1,-1,-1,-1,-1,-1,-1,-1,1,1,-1,-1,1,-1,1,-1,1,1,-1,-1,1,-1,1,1,1,-1,1,1,-1,-1,-1,1,-1,1,-1,-1,1,1,0.0,-66.21607643990353,1
448,1,1,1,-1,1,1,1,1,-1,-1,1,-1,-1,-1,1,1,-1,-1,-1,1,-1,1,-1,1,-1,-1,1,1,1,1,1,-1,1,1,-1,-1,1,-1,-1,1,0.025,-56.79321127062883,1
449,1,-1,1,-1,-1,1,-1,1,-1,-1,-1,-1,1,-1,1,1,-1,-1,-1,1,1,-1,-1,1,1,1,1,1,1,1,1,-1,1,1,-1,1,1,-1,-1,1,0.0,-66.0355422155375,1
450,1,1,-1,1,1,1,1,1,-1,-1,-1,-1,1,-1,1,-1,1,1,-1,1,-1,-1,-1,1,-1,-1,1,1,1,1,1,-1,1,1,-1,-1,1,1,1,1,0.0,-65.89648343023762,1
451,1,-1,1,-1,1,1,-1,1,-1,-1,-1,-1,-1,-1,1,1,1,-1,-1,-1,1,1,-1,1,1,-1,1,1,1,1,1,-1,1,1,-1,1,1,-1,-1,1,0.0,-65.54986408456303,1
452,1,-1,-1,1,-1,1,-1,1,-1,-1,-1,-1,1,-1,1,1,1,-1,-1,-1,1,1,-1,1,1,1,-1,1,1,1,1,-1,1,1,-1,1,-1,1,1,1,0.0,-65.38061436702999,1
453,1,-1,-1,-1,1,1,-1,-1,-1,-1,-1,-1,-1,-1,1,-1,1,-1,-1,-1,-1,-1,-1,1,-1,1,1,1,1,1,1,-1,-1,1,-1,1,1,1,1,1,0.0,-65.17577836184675,1
454,-1,1,-1,1,1,1,1,1,1,1,-1,1,-1,1,-1,1,1,1,-1,1,1,1,1,-1,1,-1,1,-1,-1,-1,1,1,1,-1,1,-1,1,1,1,-1,0.0,-64.86150607186653,1
455,-1,-1,1,-1,1,-1,1,1,1,1,1,1,-1,1,-1,-1,1,1,-1,-1,1,1,1,-1,1,-1,-1,-1,-1,-1,1,1,1,-1,1,-1,1,-1,1,-1,0.0,-64.169725398005,1
456,1,1,-1,-1,1,1,-1,1,-1,1,-1,-1,1,-1,1,1,-1,-1,-1,1,1,-1,-1,1,-1,-1,1,1,1,1,1,-1,1,1,-1,-1,1,1,-1,1,0.0,-64.06332696223052,1
457,-1,1,-1,1,-1,1,1,1,1,1,1,1,1,1,-1,1,1,1,1,1,1,-1,1,-1,1,-1,-1,-1,-1,-1,1,1,1,1,1,-1,-1,1,1,-1,0.0,-63.40831818830128,1
458,1,1,1,1,-1,-1,1,-1,1,1,1,-1,-1,1,-1,-1,-1,1,-1,-1,-1,1,-1,1,-1,-1,-1,-1,-1,-1,-1,1,-1,-1,1,-1,-1,-1,-1,-1,0.0,-63.35183155104244,1
459,1,1,-1,-1,1,1,1,1,-1,-1,-1,-1,-1,-1,1,-1,1,-1,-1,1,-1,1,1,1,-1,-1,1,1,1,1,1,-1,-1,1,-1,-1,1,1,1,1,0.0,-62.28731758705663,1
460,1,1,-1,1,1,1,1,1,-1,-1,-1,-1,1,-1,-1,1,-1,1,-1,1,1,-1,-1,1,-1,-1,1,1,1,1,1,-1,1,-1,-1,-1,-1,1,-1,-1,0.0,-60.84015713100996,1
461,-1,-1,1,-1,-1,-1,-1,-1,-1,-1,1,1,1,-1,-1,-1,-1,1,1,-1,-1,-1,1,-1,1,1,-1,1,1,1,-1,1,-1,-1,-1,1,-1,-1,1,-1,0.0,-60.57137100881843,1
