,2,3,4,5,6,7,8,9,10,11,12,13,14,15,16,17,18,19,20,21,26,27,28,29,30,31,32,33,34,35,36,37,38,39,40,41,42,43,44,45,chain_break_fraction,energy,num_occurrences
0,1,-1,-1,-1,1,-1,1,1,1,1,-1,1,1,1,1,1,-1,1,1,1,-1,-1,-1,1,-1,1,-1,-1,1,-1,1,1,1,-1,-1,1,-1,-1,1,-1,0.0,-74.84768575444673,60
1,-1,1,1,1,-1,1,-1,-1,-1,-1,1,-1,-1,-1,-1,-1,1,-1,-1,-1,1,1,1,-1,1,-1,1,1,-1,1,-1,-1,-1,1,1,-1,1,1,-1,1,0.0,-74.84768575444673,21
2,1,1,-1,-1,1,-1,1,1,1,1,-1,1,1,1,1,1,-1,1,1,1,-1,-1,1,-1,-1,1,-1,-1,1,-1,1,1,1,-1,-1,1,-1,-1,1,-1,0.0,-74.6458582645341,31
3,-1,-1,1,1,-1,1,-1,-1,-1,-1,1,-1,-1,-1,-1,-1,1,-1,-1,-1,1,1,-1,1,1,-1,1,1,-1,1,-1,-1,-1,1,1,-1,1,1,-1,1,0.0,-74.6458582645341,14
4,1,-1,-1,-1,1,-1,1,1,1,1,-1,1,1,1,1,1,-1,1,1,1,-1,1,-1,1,-1,1,-1,-1,1,-1,1,1,1,-1,-1,1,-1,-1,1,-1,0.0,-74.04723019999558,26
5,-1,1,1,1,-1,1,-1,-1,-1,-1,1,-1,-1,-1,-1,-1,1,-1,-1,-1,1,-1,1,-1,1,-1,1,1,-1,1,-1,-1,-1,1,1,-1,1,1,-1,1,0.0,-74.04723019999558,3
6,-1,1,1,1,1,-1,-1,-1,-1,1,1,-1,-1,-1,-1,-1,1,-1,-1,-1,1,1,1,-1,1,-1,1,1,-1,1,1,1,-1,1,1,1,1,1,-1,1,0.0,-73.93788771540669,5
7,1,-1,-1,-1,-1,1,1,1,1,-1,-1,1,1,1,1,1,-1,1,1,1,-1,-1,-1,1,-1,1,-1,-1,1,-1,-1,-1,1,-1,-1,-1,-1,-1,1,-1,0.0,-73.93788771540669,45
8,1,1,-1,-1,1,-1,1,1,1,1,-1,1,1,1,1,1,-1,1,1,1,-1,1,1,-1,-1,1,-1,-1,1,-1,1,1,1,-1,-1,1,-1,-1,1,-1,0.0,-73.84540271008295,11
9,-1,-1,1,1,-1,1,-1,-1,-1,-1,1,-1,-1,-1,-1,-1,1,-1,-1,-1,1,-1,-1,1,1,-1,1,1,-1,1,-1,-1,-1,1,1,-1,1,1,-1,1,0.0,-73.84540271008295,6
10,-1,-1,1,1,1,-1,-1,-1,-1,1,1,-1,-1,-1,-1,-1,1,-1,-1,-1,1,1,-1,1,1,-1,1,1,-1,1,1,1,-1,1,1,1,1,1,-1,1,0.0,-73.73606022549407,10
11,1,1,-1,-1,-1,1,1,1,1,-1,-1,1,1,1,1,1,-1,1,1,1,-1,-1,1,-1,-1,1,-1,-1,1,-1,-1,-1,1,-1,-1,-1,-1,-1,1,-1,0.0,-73.73606022549407,18
12,-1,1,1,1,1,1,-1,-1,-1,1,1,-1,-1,-1,-1,-1,1,-1,-1,-1,1,1,1,-1,1,-1,1,1,-1,1,-1,-1,-1,1,1,1,1,1,-1,1,0.0,-73.45980582649298,1
13,1,-1,-1,-1,-1,-1,1,1,1,-1,-1,1,1,1,1,1,-1,1,1,1,-1,-1,-1,1,-1,1,-1,-1,1,-1,1,1,1,-1,-1,-1,-1,-1,1,-1,0.0,-73.45980582649298,12
14,-1,1,1,1,-1,1,-1,-1,-1,1,1,-1,-1,-1,-1,-1,1,-1,-1,-1,1,1,1,-1,1,-1,1,1,-1,1,-1,-1,-1,1,1,1,1,1,-1,1,0.0,-73.45479934022718,6
15,1,-1,-1,-1,1,-1,1,1,1,-1,-1,1,1,1,1,1,-1,1,1,1,-1,-1,-1,1,-1,1,-1,-1,1,-1,1,1,1,-1,-1,-1,-1,-1,1,-1,0.0,-73.45479934022718,10
16,-1,1,1,1,1,-1,-1,-1,-1,1,1,-1,-1,-1,-1,-1,1,-1,-1,-1,1,1,1,-1,1,-1,1,1,-1,1,-1,-1,-1,1,1,1,1,1,-1,1,0.0,-73.34296571626564,6
17,1,-1,-1,-1,-1,1,1,1,1,-1,-1,1,1,1,1,1,-1,1,1,1,-1,-1,-1,1,-1,1,-1,-1,1,-1,1,1,1,-1,-1,-1,-1,-1,1,-1,0.0,-73.34296571626564,12
18,-1,1,1,-1,-1,1,-1,-1,-1,1,1,-1,-1,-1,-1,-1,1,-1,-1,-1,1,1,1,-1,1,-1,1,1,-1,1,-1,-1,-1,1,1,1,1,-1,-1,1,0.0,-73.30033693278217,8
19,1,-1,-1,1,1,-1,1,1,1,-1,-1,1,1,1,1,1,-1,1,1,1,-1,-1,-1,1,-1,1,-1,-1,1,-1,1,1,1,-1,-1,-1,-1,1,1,-1,0.0,-73.30033693278217,12
20,-1,-1,1,1,1,1,-1,-1,-1,1,1,-1,-1,-1,-1,-1,1,-1,-1,-1,1,1,-1,1,1,-1,1,1,-1,1,-1,-1,-1,1,1,1,1,1,-1,1,0.0,-73.25797833658035,3
21,1,1,-1,-1,-1,-1,1,1,1,-1,-1,1,1,1,1,1,-1,1,1,1,-1,-1,1,-1,-1,1,-1,-1,1,-1,1,1,1,-1,-1,-1,-1,-1,1,-1,0.0,-73.25797833658035,3
22,-1,-1,1,1,-1,1,-1,-1,-1,1,1,-1,-1,-1,-1,-1,1,-1,-1,-1,1,1,-1,1,1,-1,1,1,-1,1,-1,-1,-1,1,1,1,1,1,-1,1,0.0,-73.25297185031457,6
23,1,1,-1,-1,1,-1,1,1,1,-1,-1,1,1,1,1,1,-1,1,1,1,-1,-1,1,-1,-1,1,-1,-1,1,-1,1,1,1,-1,-1,-1,-1,-1,1,-1,0.0,-73.25297185031457,2
24,-1,1,1,1,1,-1,-1,-1,-1,1,1,-1,-1,-1,1,1,-1,1,-1,-1,1,1,1,-1,1,-1,1,1,-1,1,1,1,1,-1,1,1,1,1,1,-1,0.0,-73.17790900416045,1
25,1,-1,-1,-1,-1,1,1,1,1,-1,-1,1,1,1,-1,-1,1,-1,1,1,-1,-1,-1,1,-1,1,-1,-1,1,-1,-1,-1,-1,1,-1,-1,-1,-1,-1,1,0.0,-73.1779090041604,14
26,1,1,-1,-1,-1,1,1,1,1,-1,-1,1,1,1,1,1,-1,1,1,1,-1,-1,1,-1,-1,1,-1,-1,1,-1,1,1,1,-1,-1,-1,-1,-1,1,-1,0.0,-73.14113822635301,1
27,-1,-1,1,1,1,-1,-1,-1,-1,1,1,-1,-1,-1,-1,-1,1,-1,-1,-1,1,1,-1,1,1,-1,1,1,-1,1,-1,-1,-1,1,1,1,1,1,-1,1,0.0,-73.14113822635301,6
28,1,-1,-1,-1,-1,1,1,1,1,-1,-1,1,1,1,1,1,-1,1,1,1,-1,1,-1,1,-1,1,-1,-1,1,-1,-1,-1,1,-1,-1,-1,-1,-1,1,-1,0.0,-73.13743216095554,24
29,-1,1,1,1,1,-1,-1,-1,-1,1,1,-1,-1,-1,-1,-1,1,-1,-1,-1,1,-1,1,-1,1,-1,1,1,-1,1,1,1,-1,1,1,1,1,1,-1,1,0.0,-73.13743216095554,2
30,-1,-1,1,-1,-1,1,-1,-1,-1,1,1,-1,-1,-1,-1,-1,1,-1,-1,-1,1,1,-1,1,1,-1,1,1,-1,1,-1,-1,-1,1,1,1,1,-1,-1,1,0.0,-73.09850944286954,7
31,1,1,-1,1,1,-1,1,1,1,-1,-1,1,1,1,1,1,-1,1,1,1,-1,-1,1,-1,-1,1,-1,-1,1,-1,1,1,1,-1,-1,-1,-1,1,1,-1,0.0,-73.09850944286954,3
32,-1,1,1,1,-1,1,-1,-1,-1,-1,1,-1,-1,-1,-1,-1,1,-1,-1,-1,1,1,-1,-1,1,-1,1,1,-1,1,-1,-1,-1,1,1,-1,1,1,-1,1,0.0,-73.05694396888765,2
33,1,-1,-1,-1,1,-1,1,1,1,1,-1,1,1,1,1,1,-1,1,1,1,-1,-1,1,1,-1,1,-1,-1,1,-1,1,1,1,-1,-1,1,-1,-1,1,-1,0.0,-73.05694396888765,5
34,-1,-1,1,1,1,-1,-1,-1,-1,1,1,-1,-1,-1,1,1,-1,1,-1,-1,1,1,-1,1,1,-1,1,1,-1,1,1,1,1,-1,1,1,1,1,1,-1,0.0,-72.97608151424778,4
35,1,1,-1,-1,-1,1,1,1,1,-1,-1,1,1,1,-1,-1,1,-1,1,1,-1,-1,1,-1,-1,1,-1,-1,1,-1,-1,-1,-1,1,-1,-1,-1,-1,-1,1,0.0,-72.97608151424778,6
36,1,1,-1,-1,-1,1,1,1,1,-1,-1,1,1,1,1,1,-1,1,1,1,-1,1,1,-1,-1,1,-1,-1,1,-1,-1,-1,1,-1,-1,-1,-1,-1,1,-1,0.0,-72.93560467104294,4
37,-1,-1,1,1,1,-1,-1,-1,-1,1,1,-1,-1,-1,-1,-1,1,-1,-1,-1,1,-1,-1,1,1,-1,1,1,-1,1,1,1,-1,1,1,1,1,1,-1,1,0.0,-72.93560467104294,2
38,1,-1,-1,-1,1,-1,1,-1,1,1,-1,1,1,1,1,1,-1,1,1,1,-1,-1,-1,1,-1,1,-1,-1,1,-1,1,1,1,-1,-1,1,-1,-1,1,-1,0.0,-72.84605850320798,10
39,-1,1,1,1,-1,1,-1,1,-1,-1,1,-1,-1,-1,-1,-1,1,-1,-1,-1,1,1,1,-1,1,-1,1,1,-1,1,-1,-1,-1,1,1,-1,1,1,-1,1,0.0,-72.84605850320798,3
40,1,1,-1,-1,1,-1,1,-1,1,1,-1,1,1,1,1,1,-1,1,1,1,-1,-1,1,-1,-1,-1,-1,-1,1,-1,1,1,1,-1,-1,1,-1,-1,1,-1,0.0,-72.75551058718483,2
41,-1,-1,1,1,-1,1,-1,1,-1,-1,1,-1,-1,-1,-1,-1,1,-1,-1,-1,1,1,-1,1,1,1,1,1,-1,1,-1,-1,-1,1,1,-1,1,1,-1,1,0.0,-72.75551058718483,1
42,1,-1,-1,1,1,-1,1,1,1,1,-1,1,1,1,1,1,-1,1,1,1,-1,-1,-1,1,-1,1,-1,-1,1,-1,1,1,1,-1,-1,1,-1,1,1,-1,0.0,-72.67704225591811,7
43,-1,1,1,-1,-1,1,-1,-1,-1,-1,1,-1,-1,-1,-1,-1,1,-1,-1,-1,1,1,1,-1,1,-1,1,1,-1,1,-1,-1,-1,1,1,-1,1,-1,-1,1,0.0,-72.67704225591811,1
44,1,-1,-1,-1,-1,-1,1,1,1,-1,-1,1,1,1,1,1,-1,1,1,1,-1,1,-1,1,-1,1,-1,-1,1,-1,1,1,1,-1,-1,-1,-1,-1,1,-1,0.0,-72.65935027204185,4
45,-1,1,1,1,1,1,-1,-1,-1,1,1,-1,-1,-1,-1,-1,1,-1,-1,-1,1,-1,1,-1,1,-1,1,1,-1,1,-1,-1,-1,1,1,1,1,1,-1,1,0.0,-72.65935027204185,2
46,1,-1,-1,-1,1,-1,1,1,1,-1,-1,1,1,1,1,1,-1,1,1,1,-1,1,-1,1,-1,1,-1,-1,1,-1,1,1,1,-1,-1,-1,-1,-1,1,-1,0.0,-72.65434378577605,5
47,1,1,-1,-1,1,-1,1,-1,1,1,-1,1,1,1,1,1,-1,1,1,1,-1,-1,1,-1,-1,1,-1,-1,1,-1,1,1,1,-1,-1,1,-1,-1,1,-1,0.0,-72.64423101329535,7
48,-1,-1,1,1,-1,1,-1,1,-1,-1,1,-1,-1,-1,-1,-1,1,-1,-1,-1,1,1,-1,1,1,-1,1,1,-1,1,-1,-1,-1,1,1,-1,1,1,-1,1,0.0,-72.64423101329535,3
49,1,-1,-1,-1,1,-1,1,1,1,1,-1,1,1,1,1,1,-1,1,1,1,1,1,-1,1,-1,1,-1,-1,1,-1,1,1,1,-1,-1,1,-1,-1,1,-1,0.0,-72.6175234637992,1
50,1,-1,-1,-1,-1,1,1,1,1,-1,-1,1,1,1,1,1,-1,1,1,1,-1,1,-1,1,-1,1,-1,-1,1,-1,1,1,1,-1,-1,-1,-1,-1,1,-1,0.0,-72.5425101618145,5
51,-1,1,1,1,1,-1,-1,-1,-1,1,1,-1,-1,-1,-1,-1,1,-1,-1,-1,1,-1,1,-1,1,-1,1,1,-1,1,-1,-1,-1,1,1,1,1,1,-1,1,0.0,-72.5425101618145,1
52,-1,1,-1,-1,1,-1,1,-1,-1,1,1,-1,-1,-1,1,1,-1,1,-1,-1,1,1,1,-1,1,-1,1,1,-1,1,1,1,1,-1,-1,1,-1,-1,1,-1,0.0,-72.53051953419795,8
53,1,-1,1,1,-1,1,-1,1,1,-1,-1,1,1,1,-1,-1,1,-1,1,1,-1,-1,-1,1,-1,1,-1,-1,1,-1,-1,-1,-1,1,1,-1,1,1,-1,1,0.0,-72.53051953419795,2
54,1,-1,-1,1,-1,1,1,1,1,-1,-1,1,1,1,1,1,-1,1,1,1,-1,-1,-1,1,-1,1,-1,-1,1,-1,-1,-1,1,-1,-1,-1,-1,1,1,-1,0.0,-72.50981426985621,7
55,1,-1,-1,1,1,-1,1,1,1,-1,-1,1,1,1,1,1,-1,1,1,1,-1,1,-1,1,-1,1,-1,-1,1,-1,1,1,1,-1,-1,-1,-1,1,1,-1,0.0,-72.49988137833104,3
56,-1,1,1,-1,-1,1,-1,-1,-1,1,1,-1,-1,-1,-1,-1,1,-1,-1,-1,1,-1,1,-1,1,-1,1,1,-1,1,-1,-1,-1,1,1,1,1,-1,-1,1,0.0,-72.49988137833104,1
57,-1,-1,1,-1,-1,1,-1,-1,-1,-1,1,-1,-1,-1,-1,-1,1,-1,-1,-1,1,1,-1,1,1,-1,1,1,-1,1,-1,-1,-1,1,1,-1,1,-1,-1,1,0.0,-72.47521476600548,2
58,1,1,-1,1,1,-1,1,1,1,1,-1,1,1,1,1,1,-1,1,1,1,-1,-1,1,-1,-1,1,-1,-1,1,-1,1,1,1,-1,-1,1,-1,1,1,-1,0.0,-72.47521476600548,1
59,1,-1,-1,-1,-1,1,1,1,1,-1,-1,1,1,1,1,1,-1,1,1,1,-1,-1,-1,1,-1,1,-1,-1,1,-1,1,-1,1,-1,-1,-1,-1,-1,1,-1,0.0,-72.46938524372408,7
60,-1,-1,1,1,1,1,-1,-1,-1,1,1,-1,-1,-1,-1,-1,1,-1,-1,-1,1,-1,-1,1,1,-1,1,1,-1,1,-1,-1,-1,1,1,1,1,1,-1,1,0.0,-72.45752278212922,1
61,1,1,-1,-1,-1,-1,1,1,1,-1,-1,1,1,1,1,1,-1,1,1,1,-1,1,1,-1,-1,1,-1,-1,1,-1,1,1,1,-1,-1,-1,-1,-1,1,-1,0.0,-72.45752278212922,2
62,-1,-1,1,1,-1,1,-1,-1,-1,1,1,-1,-1,-1,-1,-1,1,-1,-1,-1,1,-1,-1,1,1,-1,1,1,-1,1,-1,-1,-1,1,1,1,1,1,-1,1,0.0,-72.45251629586343,2
63,1,-1,-1,1,-1,1,1,1,1,-1,-1,1,1,1,1,1,-1,1,1,1,-1,-1,-1,1,-1,1,-1,-1,1,-1,-1,-1,1,-1,-1,-1,1,1,1,-1,0.0,-72.41213663693088,13
64,-1,1,1,-1,1,-1,-1,-1,-1,1,1,-1,-1,-1,-1,-1,1,-1,-1,-1,1,1,1,-1,1,-1,1,1,-1,1,1,1,-1,1,1,1,-1,-1,-1,1,0.0,-72.41213663693088,1
65,1,-1,-1,-1,-1,1,1,1,1,-1,-1,1,1,1,-1,-1,1,-1,1,1,-1,1,-1,1,-1,1,-1,-1,1,-1,-1,-1,-1,1,-1,-1,-1,-1,-1,1,0.0,-72.37745344970926,8
66,-1,1,1,1,1,-1,-1,-1,-1,1,1,-1,-1,-1,1,1,-1,1,-1,-1,1,-1,1,-1,1,-1,1,1,-1,1,1,1,1,-1,1,1,1,1,1,-1,0.0,-72.37745344970926,1
67,1,1,-1,-1,-1,1,1,1,1,-1,-1,1,1,1,1,1,-1,1,1,1,-1,1,1,-1,-1,1,-1,-1,1,-1,1,1,1,-1,-1,-1,-1,-1,1,-1,0.0,-72.34068267190187,1
68,-1,-1,1,1,1,-1,-1,-1,-1,1,1,-1,-1,-1,-1,-1,1,-1,-1,-1,1,-1,-1,1,1,-1,1,1,-1,1,-1,-1,-1,1,1,1,1,1,-1,1,0.0,-72.34068267190187,2
69,-1,-1,-1,-1,1,-1,1,-1,-1,1,1,-1,-1,-1,1,1,-1,1,-1,-1,1,1,-1,1,1,-1,1,1,-1,1,1,1,1,-1,-1,1,-1,-1,1,-1,0.0,-72.32869204428532,9
70,1,1,1,1,-1,1,-1,1,1,-1,-1,1,1,1,-1,-1,1,-1,1,1,-1,-1,1,-1,-1,1,-1,-1,1,-1,-1,-1,-1,1,1,-1,1,1,-1,1,0.0,-72.32869204428532,2
71,1,-1,-1,-1,-1,-1,1,1,1,1,-1,1,1,1,1,1,-1,1,1,1,-1,-1,-1,1,-1,1,-1,-1,1,-1,1,1,1,-1,-1,-1,-1,-1,1,-1,0.0,-72.30935706656759,5
72,-1,-1,1,-1,1,-1,-1,-1,-1,1,1,-1,-1,-1,-1,-1,1,-1,-1,-1,1,1,-1,1,1,-1,1,1,-1,1,1,1,-1,1,1,1,1,-1,-1,1,0.0,-72.30798677994359,1
73,1,1,-1,1,-1,1,1,1,1,-1,-1,1,1,1,1,1,-1,1,1,1,-1,-1,1,-1,-1,1,-1,-1,1,-1,-1,-1,1,-1,-1,-1,-1,1,1,-1,0.0,-72.30798677994359,3
74,-1,1,1,1,-1,1,-1,-1,-1,-1,1,-1,-1,-1,-1,-1,1,-1,-1,-1,1,1,1,-1,1,-1,1,1,-1,1,-1,-1,-1,1,1,1,1,1,-1,1,0.0,-72.30435058030187,1
75,1,1,-1,-1,-1,1,1,1,1,-1,-1,1,1,1,1,1,-1,1,1,1,-1,-1,1,-1,-1,1,-1,-1,1,-1,1,-1,1,-1,-1,-1,-1,-1,1,-1,0.0,-72.26755775381146,1
76,-1,-1,1,1,1,-1,-1,-1,-1,1,1,-1,-1,-1,-1,-1,1,-1,-1,-1,1,1,-1,1,1,-1,1,1,-1,1,-1,1,-1,1,1,1,1,1,-1,1,0.0,-72.26755775381146,1
77,1,-1,-1,-1,1,-1,1,1,1,1,-1,1,1,1,1,1,-1,1,1,1,-1,1,1,1,-1,1,-1,-1,1,-1,1,1,1,-1,-1,1,-1,-1,1,-1,0.0,-72.25648841443652,2
78,-1,1,1,1,-1,1,-1,-1,-1,1,1,-1,-1,-1,1,1,-1,1,-1,-1,1,1,1,-1,1,-1,1,1,-1,1,1,-1,1,-1,1,1,1,1,1,-1,0.0,-72.22994281562048,1
79,1,-1,-1,-1,1,-1,1,1,1,-1,-1,1,1,1,-1,-1,1,-1,1,1,-1,-1,-1,1,-1,1,-1,-1,1,-1,-1,1,-1,1,-1,-1,-1,-1,-1,1,0.0,-72.22994281562048,5
80,-1,-1,1,-1,1,-1,-1,-1,-1,1,1,-1,-1,-1,-1,-1,1,-1,-1,-1,1,1,-1,1,1,-1,1,1,-1,1,1,1,-1,1,1,1,-1,-1,-1,1,0.0,-72.21030914701825,1
81,1,1,-1,1,-1,1,1,1,1,-1,-1,1,1,1,1,1,-1,1,1,1,-1,-1,1,-1,-1,1,-1,-1,1,-1,-1,-1,1,-1,-1,-1,1,1,1,-1,0.0,-72.21030914701825,3
82,1,1,-1,-1,-1,1,1,1,1,-1,-1,1,1,1,-1,-1,1,-1,1,1,-1,1,1,-1,-1,1,-1,-1,1,-1,-1,-1,-1,1,-1,-1,-1,-1,-1,1,0.0,-72.17562595979665,7
83,1,-1,-1,1,1,-1,1,1,1,1,-1,1,1,1,1,1,-1,1,1,1,-1,-1,-1,1,-1,1,-1,-1,1,-1,1,1,1,-1,-1,-1,-1,1,1,-1,0.0,-72.14988817285678,5
84,1,-1,-1,-1,-1,1,1,1,1,-1,-1,1,1,1,1,1,-1,1,1,1,-1,-1,1,1,-1,1,-1,-1,1,-1,-1,-1,1,-1,-1,-1,-1,-1,1,-1,0.0,-72.14714592984762,3
85,-1,-1,1,1,1,1,-1,-1,-1,-1,1,-1,-1,-1,-1,-1,1,-1,-1,-1,1,1,-1,1,1,-1,1,1,-1,1,-1,-1,-1,1,1,1,1,1,-1,1,0.0,-72.10752957665495,1
86,-1,-1,1,1,-1,1,-1,-1,-1,-1,1,-1,-1,-1,-1,-1,1,-1,-1,-1,1,1,-1,1,1,-1,1,1,-1,1,-1,-1,-1,1,1,1,1,1,-1,1,0.0,-72.10252309038916,2
87,-1,1,1,-1,-1,1,-1,-1,-1,1,1,-1,-1,-1,1,1,-1,1,-1,-1,1,1,1,-1,1,-1,1,1,-1,1,1,-1,1,-1,1,1,1,-1,1,-1,0.0,-72.07548040817545,2
88,1,-1,-1,1,1,-1,1,1,1,-1,-1,1,1,1,-1,-1,1,-1,1,1,-1,-1,-1,1,-1,1,-1,-1,1,-1,-1,1,-1,1,-1,-1,-1,1,-1,1,0.0,-72.07548040817545,3
89,1,-1,-1,-1,1,-1,1,-1,1,1,-1,1,1,1,1,1,-1,1,1,1,-1,1,-1,1,-1,1,-1,-1,1,-1,1,1,1,-1,-1,1,-1,-1,1,-1,0.0,-72.04560294875685,3
90,-1,-1,1,1,-1,1,-1,-1,-1,1,1,-1,-1,-1,1,1,-1,1,-1,-1,1,1,-1,1,1,-1,1,1,-1,1,1,-1,1,-1,1,1,1,1,1,-1,0.0,-72.02811532570784,1
91,1,1,-1,-1,1,-1,1,1,1,-1,-1,1,1,1,-1,-1,1,-1,1,1,-1,-1,1,-1,-1,1,-1,-1,1,-1,-1,1,-1,1,-1,-1,-1,-1,-1,1,0.0,-72.02811532570784,3
92,1,-1,-1,-1,1,-1,1,1,1,1,-1,1,1,1,1,1,-1,-1,1,1,-1,-1,-1,1,-1,1,-1,-1,1,-1,1,1,1,-1,-1,1,-1,-1,1,-1,0.0,-72.0252533696114,1
93,-1,-1,1,1,1,-1,-1,-1,-1,-1,1,-1,-1,-1,-1,-1,1,-1,-1,-1,1,1,-1,1,1,-1,1,1,-1,1,-1,-1,-1,1,1,1,1,1,-1,1,0.0,-71.99068946642761,1
94,1,1,-1,-1,-1,1,1,1,1,1,-1,1,1,1,1,1,-1,1,1,1,-1,-1,1,-1,-1,1,-1,-1,1,-1,1,1,1,-1,-1,-1,-1,-1,1,-1,0.0,-71.99068946642761,1
95,-1,1,1,-1,1,1,-1,-1,-1,1,1,-1,-1,-1,-1,-1,1,-1,-1,-1,1,1,1,-1,1,-1,1,1,-1,1,-1,-1,-1,1,1,1,1,-1,-1,1,0.0,-71.97033221833709,1
96,1,-1,-1,1,-1,-1,1,1,1,-1,-1,1,1,1,1,1,-1,1,1,1,-1,-1,-1,1,-1,1,-1,-1,1,-1,1,1,1,-1,-1,-1,-1,1,1,-1,0.0,-71.97033221833709,2
97,1,1,-1,-1,1,-1,1,-1,1,1,-1,1,1,1,1,1,-1,1,1,1,-1,1,1,-1,-1,-1,-1,-1,1,-1,1,1,1,-1,-1,1,-1,-1,1,-1,0.0,-71.9550550327337,2
98,-1,-1,1,1,-1,1,-1,1,-1,-1,1,-1,-1,-1,-1,-1,1,-1,-1,-1,1,-1,-1,1,1,1,1,1,-1,1,-1,-1,-1,1,1,-1,1,1,-1,1,0.0,-71.9550550327337,1
99,1,1,-1,1,1,-1,1,1,1,1,-1,1,1,1,1,1,-1,1,1,1,-1,-1,1,-1,-1,1,-1,-1,1,-1,1,1,1,-1,-1,-1,-1,1,1,-1,0.0,-71.94806068294422,1
100,1,-1,-1,1,-1,1,1,1,1,-1,-1,1,1,1,1,1,-1,1,1,1,-1,-1,-1,1,-1,1,-1,-1,1,-1,1,1,1,-1,-1,-1,-1,1,1,-1,0.0,-71.91489227071516,2
101,1,-1,-1,1,1,-1,1,1,1,1,-1,1,1,1,1,1,-1,1,1,1,-1,1,-1,1,-1,1,-1,-1,1,-1,1,1,1,-1,-1,1,-1,1,1,-1,0.0,-71.87658670146698,3
102,1,1,-1,1,1,-1,1,1,1,-1,-1,1,1,1,-1,-1,1,-1,1,1,-1,-1,1,-1,-1,1,-1,-1,1,-1,-1,1,-1,1,-1,-1,-1,1,-1,1,0.0,-71.87365291826283,3
103,1,-1,-1,1,-1,1,1,1,1,-1,-1,1,1,1,1,1,-1,1,1,1,-1,-1,-1,1,-1,1,-1,-1,1,-1,1,1,1,-1,-1,-1,1,1,1,-1,0.0,-71.81721463778982,2
104,1,-1,-1,-1,1,1,1,1,1,-1,-1,1,1,1,-1,-1,1,-1,1,1,-1,-1,-1,1,-1,1,-1,-1,1,-1,-1,-1,-1,1,-1,-1,-1,-1,-1,1,0.0,-71.80915408733512,3
105,-1,1,1,1,-1,1,-1,-1,-1,1,1,-1,-1,-1,-1,-1,1,-1,-1,-1,1,1,1,-1,1,-1,1,1,-1,1,-1,-1,-1,-1,1,1,1,1,-1,1,0.0,-71.79207436359656,1
106,1,-1,-1,-1,1,-1,1,1,1,-1,-1,1,1,1,1,1,-1,1,1,1,-1,-1,-1,1,-1,1,-1,-1,1,-1,1,1,1,1,-1,-1,-1,-1,1,-1,0.0,-71.79207436359656,2
107,1,-1,1,1,-1,1,1,1,1,-1,-1,1,1,1,1,1,-1,1,1,1,-1,-1,-1,1,-1,1,-1,-1,1,-1,-1,-1,1,-1,1,-1,1,1,1,-1,0.0,-71.76976425525402,3
108,-1,1,-1,-1,1,-1,-1,-1,-1,1,1,-1,-1,-1,-1,-1,1,-1,-1,-1,1,1,1,-1,1,-1,1,1,-1,1,1,1,-1,1,-1,1,-1,-1,-1,1,0.0,-71.76976425525402,1
109,1,1,-1,1,-1,-1,1,1,1,-1,-1,1,1,1,1,1,-1,1,1,1,-1,-1,1,-1,-1,1,-1,-1,1,-1,1,1,1,-1,-1,-1,-1,1,1,-1,0.0,-71.76850472842446,2
110,1,-1,-1,1,-1,1,1,1,1,-1,-1,1,1,1,-1,-1,1,-1,1,1,-1,-1,-1,1,-1,1,-1,-1,1,-1,-1,-1,-1,1,-1,-1,-1,1,-1,1,0.0,-71.74983555860992,4
111,1,-1,1,1,-1,1,-1,1,1,-1,-1,1,1,1,-1,-1,1,-1,1,1,-1,1,-1,1,-1,1,-1,-1,1,-1,-1,-1,-1,1,1,-1,1,1,-1,1,0.0,-71.73006397974682,2
112,1,-1,-1,1,1,1,1,1,1,-1,-1,1,1,1,-1,-1,1,-1,1,1,-1,-1,-1,1,-1,1,-1,-1,1,-1,-1,-1,-1,1,-1,-1,-1,1,-1,1,0.0,-71.7160918424955,4
113,-1,-1,1,-1,1,-1,-1,-1,-1,1,1,-1,-1,-1,-1,-1,1,-1,-1,-1,1,1,-1,1,1,-1,1,1,-1,1,-1,-1,-1,1,1,1,1,-1,-1,1,0.0,-71.71306478080253,2
114,1,1,-1,1,-1,1,1,1,1,-1,-1,1,1,1,1,1,-1,1,1,1,-1,-1,1,-1,-1,1,-1,-1,1,-1,1,1,1,-1,-1,-1,-1,1,1,-1,0.0,-71.71306478080253,2
115,-1,1,1,-1,1,-1,-1,-1,-1,1,1,-1,-1,-1,-1,-1,1,-1,-1,-1,1,-1,1,-1,1,-1,1,1,-1,1,1,1,-1,1,1,1,1,-1,-1,1,0.0,-71.70935871540507,1
116,1,-1,-1,1,-1,1,1,1,1,-1,-1,1,1,1,1,1,-1,1,1,1,-1,1,-1,1,-1,1,-1,-1,1,-1,-1,-1,1,-1,-1,-1,-1,1,1,-1,0.0,-71.70935871540507,5
117,1,-1,-1,-1,-1,1,1,1,1,-1,-1,1,1,1,1,1,-1,1,1,1,1,1,-1,1,-1,1,-1,-1,1,-1,-1,-1,1,-1,-1,-1,-1,-1,1,-1,0.0,-71.70772542475912,1
118,-1,-1,1,-1,-1,1,-1,-1,-1,-1,1,-1,-1,-1,-1,-1,1,-1,-1,-1,1,-1,-1,1,1,-1,1,1,-1,1,-1,-1,-1,1,1,-1,1,-1,-1,1,0.0,-71.67475921155435,2
119,1,1,-1,1,1,-1,1,1,1,1,-1,1,1,1,1,1,-1,1,1,1,-1,1,1,-1,-1,1,-1,-1,1,-1,1,1,1,-1,-1,1,-1,1,1,-1,0.0,-71.67475921155435,1
120,1,-1,-1,-1,-1,1,1,1,1,-1,-1,1,1,1,1,1,-1,1,1,1,-1,1,-1,1,-1,1,-1,-1,1,-1,1,-1,1,-1,-1,-1,-1,-1,1,-1,0.0,-71.66892968927294,1
121,-1,1,1,1,-1,1,-1,-1,-1,1,1,-1,-1,-1,-1,-1,1,-1,-1,-1,1,1,-1,-1,1,-1,1,1,-1,1,-1,-1,-1,1,1,1,1,1,-1,1,0.0,-71.66405755466812,1
122,1,-1,-1,1,-1,1,1,1,1,-1,-1,1,1,1,-1,-1,1,-1,1,1,-1,-1,-1,1,-1,1,-1,-1,1,-1,-1,-1,-1,1,-1,-1,1,1,-1,1,0.0,-71.65215792568459,4
123,-1,1,1,-1,1,-1,-1,-1,-1,1,1,-1,-1,-1,1,1,-1,1,-1,-1,1,1,1,-1,1,-1,1,1,-1,1,1,1,1,-1,1,1,-1,-1,1,-1,0.0,-71.65215792568459,1
124,1,-1,-1,1,1,-1,1,1,1,-1,-1,1,1,1,1,1,-1,1,1,1,-1,-1,-1,1,-1,1,-1,-1,1,-1,1,1,1,1,-1,-1,-1,1,1,-1,0.0,-71.63761195615159,1
125,-1,-1,1,-1,1,-1,-1,-1,-1,1,1,-1,-1,-1,-1,-1,1,-1,-1,-1,1,1,-1,1,1,-1,1,1,-1,1,-1,-1,-1,1,1,1,-1,-1,-1,1,0.0,-71.61538714787719,1
126,1,-1,-1,1,-1,1,1,1,1,-1,-1,1,1,1,1,1,-1,1,1,1,-1,1,-1,1,-1,1,-1,-1,1,-1,-1,-1,1,-1,-1,-1,1,1,1,-1,0.0,-71.61168108247975,5
127,-1,-1,1,1,-1,-1,-1,-1,-1,1,1,-1,-1,-1,1,1,-1,1,-1,-1,1,1,-1,1,1,-1,1,1,-1,1,1,1,1,-1,1,1,1,1,1,-1,0.0,-71.60732659742249,1
128,1,1,-1,-1,1,1,1,1,1,-1,-1,1,1,1,-1,-1,1,-1,1,1,-1,-1,1,-1,-1,1,-1,-1,1,-1,-1,-1,-1,1,-1,-1,-1,-1,-1,1,0.0,-71.60732659742249,1
129,1,-1,1,1,-1,1,1,-1,1,-1,-1,1,1,1,1,1,-1,1,1,1,-1,-1,-1,1,-1,1,-1,-1,1,-1,1,1,1,-1,1,-1,1,1,1,-1,0.0,-71.59246506484256,2
130,1,-1,-1,-1,1,-1,1,1,1,1,-1,1,1,1,1,1,-1,1,1,-1,-1,-1,-1,1,-1,1,-1,-1,1,-1,1,1,1,-1,-1,1,-1,-1,1,-1,0.0,-71.58156811035357,2
131,-1,-1,-1,-1,1,-1,-1,-1,-1,1,1,-1,-1,-1,-1,-1,1,-1,-1,-1,1,1,-1,1,1,-1,1,1,-1,1,1,1,-1,1,-1,1,-1,-1,-1,1,0.0,-71.5679367653414,5
132,1,1,1,1,-1,1,1,1,1,-1,-1,1,1,1,1,1,-1,1,1,1,-1,-1,1,-1,-1,1,-1,-1,1,-1,-1,-1,1,-1,1,-1,1,1,1,-1,0.0,-71.5679367653414,1
133,1,1,-1,1,-1,1,1,1,1,-1,-1,1,1,1,-1,-1,1,-1,1,1,-1,-1,1,-1,-1,1,-1,-1,1,-1,-1,-1,-1,1,-1,-1,-1,1,-1,1,0.0,-71.5480080686973,2
134,1,1,1,1,-1,1,-1,1,1,-1,-1,1,1,1,-1,-1,1,-1,1,1,-1,1,1,-1,-1,1,-1,-1,1,-1,-1,-1,-1,1,1,-1,1,1,-1,1,0.0,-71.52823648983419,1
135,-1,-1,-1,-1,1,-1,1,-1,-1,1,1,-1,-1,-1,1,1,-1,1,-1,-1,1,-1,-1,1,1,-1,1,1,-1,1,1,1,1,-1,-1,1,-1,-1,1,-1,0.0,-71.52823648983419,2
136,1,1,-1,1,1,1,1,1,1,-1,-1,1,1,1,-1,-1,1,-1,1,1,-1,-1,1,-1,-1,1,-1,-1,1,-1,-1,-1,-1,1,-1,-1,-1,1,-1,1,0.0,-71.51426435258287,1
137,-1,1,1,-1,-1,1,-1,-1,-1,1,1,-1,-1,-1,-1,-1,1,-1,-1,-1,1,1,-1,-1,1,-1,1,1,-1,1,-1,-1,-1,1,1,1,1,-1,-1,1,0.0,-71.5095951472231,1
138,1,-1,-1,1,1,-1,1,1,1,-1,-1,1,1,1,1,1,-1,1,1,1,-1,-1,1,1,-1,1,-1,-1,1,-1,1,1,1,-1,-1,-1,-1,1,1,-1,0.0,-71.5095951472231,1
139,1,-1,-1,-1,-1,-1,1,1,1,1,-1,1,1,1,1,1,-1,1,1,1,-1,1,-1,1,-1,1,-1,-1,1,-1,1,1,1,-1,-1,-1,-1,-1,1,-1,0.0,-71.50890151211645,2
140,1,1,-1,1,-1,1,1,1,1,-1,-1,1,1,1,1,1,-1,1,1,1,-1,1,1,-1,-1,1,-1,-1,1,-1,-1,-1,1,-1,-1,-1,-1,1,1,-1,0.0,-71.50753122549246,1
141,1,1,-1,-1,-1,1,1,1,1,-1,-1,1,1,1,1,1,-1,1,1,1,1,1,1,-1,-1,1,-1,-1,1,-1,-1,-1,1,-1,-1,-1,-1,-1,1,-1,0.0,-71.5058979348465,2
142,-1,1,1,1,-1,1,-1,-1,-1,-1,1,-1,-1,-1,-1,-1,1,-1,-1,-1,1,-1,1,-1,1,-1,1,1,-1,1,-1,-1,-1,1,1,1,1,1,-1,1,0.0,-71.50389502585065,1
143,1,-1,-1,-1,1,-1,1,1,1,1,-1,1,1,1,1,1,-1,1,1,1,-1,1,-1,1,-1,1,-1,-1,1,-1,1,1,1,-1,-1,-1,-1,-1,1,-1,0.0,-71.50389502585065,1
144,1,1,-1,-1,-1,1,1,1,1,-1,-1,1,1,1,1,1,-1,1,1,1,-1,1,1,-1,-1,1,-1,-1,1,-1,1,-1,1,-1,-1,-1,-1,-1,1,-1,0.0,-71.46710219936033,2
145,1,1,-1,1,-1,1,1,1,1,-1,-1,1,1,1,-1,-1,1,-1,1,1,-1,-1,1,-1,-1,1,-1,-1,1,-1,-1,-1,-1,1,-1,-1,1,1,-1,1,0.0,-71.45033043577196,1
146,-1,1,-1,-1,1,-1,1,-1,1,1,-1,1,1,1,1,1,-1,1,1,1,-1,1,1,-1,-1,-1,-1,-1,1,-1,1,1,1,-1,-1,1,-1,-1,1,-1,0.0,-71.44298805585244,2
147,1,1,-1,1,1,-1,1,1,1,-1,-1,1,1,1,1,1,-1,1,1,1,-1,-1,1,-1,-1,1,-1,-1,1,-1,1,1,1,1,-1,-1,-1,1,1,-1,0.0,-71.43578446623893,1
148,1,-1,-1,-1,1,-1,1,1,1,-1,-1,1,1,1,-1,-1,1,-1,1,1,-1,1,-1,1,-1,1,-1,-1,1,-1,-1,1,-1,1,-1,-1,-1,-1,-1,1,0.0,-71.42948726116934,5
149,-1,1,1,1,-1,1,-1,-1,-1,1,1,-1,-1,-1,1,1,-1,1,-1,-1,1,-1,1,-1,1,-1,1,1,-1,1,1,-1,1,-1,1,1,1,1,1,-1,0.0,-71.42948726116937,2
150,-1,1,-1,-1,1,-1,1,1,-1,1,1,-1,-1,-1,-1,-1,1,-1,-1,-1,1,1,1,-1,1,-1,1,1,-1,1,-1,-1,-1,1,-1,1,-1,-1,-1,1,0.0,-71.41160658321837,4
151,1,-1,1,1,-1,1,-1,-1,1,-1,-1,1,1,1,1,1,-1,1,1,1,-1,-1,-1,1,-1,1,-1,-1,1,-1,1,1,1,-1,1,-1,1,1,1,-1,0.0,-71.41160658321837,2
152,1,1,-1,1,-1,1,1,1,1,-1,-1,1,1,1,1,1,-1,1,1,1,-1,1,1,-1,-1,1,-1,-1,1,-1,-1,-1,1,-1,-1,-1,1,1,1,-1,0.0,-71.40985359256712,1
153,-1,-1,1,-1,1,-1,-1,-1,-1,1,1,-1,-1,-1,-1,-1,1,-1,-1,-1,1,-1,-1,1,1,-1,1,1,-1,1,1,1,-1,1,1,1,-1,-1,-1,1,0.0,-71.40985359256712,3
154,-1,-1,1,1,-1,1,-1,-1,-1,-1,1,-1,-1,-1,-1,-1,1,-1,-1,-1,1,1,-1,1,1,1,1,1,-1,1,-1,-1,-1,1,1,-1,1,1,-1,1,0.0,-71.39882849155714,1
155,1,-1,-1,-1,-1,1,1,1,1,1,-1,1,1,1,1,1,-1,1,1,1,-1,1,-1,1,-1,1,-1,-1,1,-1,1,1,1,-1,-1,-1,-1,-1,1,-1,0.0,-71.39206140188911,1
156,-1,-1,-1,-1,1,-1,-1,1,-1,1,1,-1,-1,-1,-1,-1,1,-1,-1,-1,1,1,-1,1,1,-1,1,1,-1,1,-1,-1,-1,1,-1,1,-1,-1,-1,1,0.0,-71.39063757492993,1
157,1,1,1,1,-1,1,1,-1,1,-1,-1,1,1,1,1,1,-1,1,1,1,-1,-1,1,-1,-1,1,-1,-1,1,-1,1,1,1,-1,1,-1,1,1,1,-1,0.0,-71.39063757492993,3
158,1,-1,-1,-1,-1,1,1,1,1,-1,-1,1,1,1,-1,-1,1,-1,1,1,-1,-1,1,1,-1,1,-1,-1,1,-1,-1,-1,-1,1,-1,-1,-1,-1,-1,1,0.0,-71.38716721860133,2
159,-1,1,1,-1,-1,1,-1,-1,-1,-1,1,-1,-1,-1,-1,-1,1,-1,-1,-1,1,-1,1,-1,1,-1,1,1,-1,1,-1,-1,-1,1,1,1,1,-1,-1,1,0.0,-71.34943261840564,2
160,1,-1,-1,1,1,-1,1,1,1,1,-1,1,1,1,1,1,-1,1,1,1,-1,1,-1,1,-1,1,-1,-1,1,-1,1,1,1,-1,-1,-1,-1,1,1,-1,0.0,-71.34943261840564,1
161,-1,-1,1,1,1,1,-1,-1,-1,-1,1,-1,-1,-1,-1,-1,1,-1,-1,-1,1,-1,-1,1,1,-1,1,1,-1,1,-1,-1,-1,1,1,1,1,1,-1,1,0.0,-71.30707402220382,1
162,1,-1,-1,-1,-1,-1,1,1,1,-1,-1,1,1,1,1,1,-1,1,1,1,1,1,-1,1,-1,1,-1,-1,1,-1,1,1,1,-1,-1,-1,-1,-1,1,-1,0.0,-71.22964353584541,2
163,1,1,-1,-1,1,-1,1,1,1,-1,-1,1,1,1,-1,-1,1,-1,1,1,-1,1,1,-1,-1,1,-1,-1,1,-1,-1,1,-1,1,-1,-1,-1,-1,-1,1,0.0,-71.22765977125671,2
164,-1,-1,1,1,-1,1,-1,-1,-1,1,1,-1,-1,-1,1,1,-1,1,-1,-1,1,-1,-1,1,1,-1,1,1,-1,1,1,-1,1,-1,1,1,1,1,1,-1,0.0,-71.22765977125671,1
165,1,-1,-1,-1,-1,1,1,1,1,-1,-1,1,1,1,-1,-1,1,-1,1,1,-1,-1,-1,1,-1,1,-1,-1,1,-1,-1,-1,1,1,-1,-1,-1,-1,-1,1,0.0,-71.21650892658027,3
166,-1,-1,-1,-1,1,-1,1,1,-1,1,1,-1,-1,-1,-1,-1,1,-1,-1,-1,1,1,-1,1,1,-1,1,1,-1,1,-1,-1,-1,1,-1,1,-1,-1,-1,1,0.0,-71.20977909330576,7
167,1,1,1,1,-1,1,-1,-1,1,-1,-1,1,1,1,1,1,-1,1,1,1,-1,-1,1,-1,-1,1,-1,-1,1,-1,1,1,1,-1,1,-1,1,1,1,-1,0.0,-71.20977909330576,1
168,-1,-1,1,1,1,-1,-1,-1,-1,-1,1,-1,-1,-1,-1,-1,1,-1,-1,-1,1,-1,-1,1,1,-1,1,1,-1,1,-1,-1,-1,1,1,1,1,1,-1,1,0.0,-71.19023391197648,1
169,-1,1,-1,-1,1,-1,-1,-1,-1,1,1,-1,-1,-1,-1,-1,1,-1,-1,-1,1,1,1,-1,1,-1,1,1,-1,1,-1,-1,-1,1,-1,1,-1,-1,-1,1,0.0,-71.17484225611295,1
170,1,-1,-1,1,-1,-1,1,1,1,-1,-1,1,1,1,1,1,-1,1,1,1,-1,1,-1,1,-1,1,-1,-1,1,-1,1,1,1,-1,-1,-1,-1,1,1,-1,0.0,-71.16987666388596,1
171,-1,1,1,-1,1,1,-1,-1,-1,1,1,-1,-1,-1,-1,-1,1,-1,-1,-1,1,-1,1,-1,1,-1,1,1,-1,1,-1,-1,-1,1,1,1,1,-1,-1,1,0.0,-71.16987666388596,1
172,1,-1,-1,-1,-1,1,1,1,1,-1,-1,1,1,1,1,1,-1,-1,1,1,-1,-1,-1,1,-1,1,-1,-1,1,-1,-1,-1,1,-1,-1,-1,-1,-1,1,-1,0.0,-71.11545533057136,2
173,-1,1,1,1,1,-1,-1,-1,-1,1,1,-1,-1,-1,-1,-1,1,1,-1,-1,1,1,1,-1,1,-1,1,1,-1,1,1,1,-1,1,1,1,1,1,-1,1,0.0,-71.11545533057136,1
174,1,-1,-1,1,-1,1,1,1,1,-1,-1,1,1,1,1,1,-1,1,1,1,-1,1,-1,1,-1,1,-1,-1,1,-1,1,1,1,-1,-1,-1,-1,1,1,-1,0.0,-71.1144367162641,1
175,1,-1,-1,-1,-1,1,1,1,1,-1,-1,1,1,1,1,1,-1,1,1,1,1,1,-1,1,-1,1,-1,-1,1,-1,1,1,1,-1,-1,-1,-1,-1,1,-1,0.0,-71.11280342561807,2
176,1,-1,-1,-1,1,-1,1,1,1,1,-1,1,1,1,1,1,-1,1,1,1,-1,-1,-1,1,-1,1,-1,-1,1,-1,1,1,-1,-1,-1,1,-1,-1,1,-1,0.0,-71.09110955257417,1
177,1,1,-1,1,1,-1,1,1,1,-1,-1,1,1,1,-1,-1,1,-1,1,1,-1,1,1,-1,-1,1,-1,-1,1,-1,-1,1,-1,1,-1,-1,-1,1,-1,1,0.0,-71.0731973638117,1
178,1,-1,-1,-1,1,-1,1,-1,1,1,-1,1,1,1,1,1,-1,1,1,1,-1,-1,1,1,-1,1,-1,-1,1,-1,1,1,1,-1,-1,1,-1,-1,1,-1,0.0,-71.0553167176489,1
179,1,-1,-1,1,-1,1,1,1,1,-1,-1,1,1,1,1,1,-1,1,1,1,-1,-1,-1,1,-1,1,-1,-1,1,-1,1,-1,1,-1,-1,-1,-1,1,1,-1,0.0,-71.0413117981736,1
180,1,1,-1,-1,-1,-1,1,1,1,-1,-1,1,1,1,1,1,-1,1,1,1,1,1,1,-1,-1,1,-1,-1,1,-1,1,1,1,-1,-1,-1,-1,-1,1,-1,0.0,-71.02781604593278,1
181,1,-1,-1,1,1,1,1,1,1,-1,-1,1,1,1,-1,-1,1,-1,1,1,-1,-1,-1,1,-1,1,-1,-1,1,-1,-1,1,-1,1,-1,-1,-1,1,-1,1,0.0,-71.01683061281653,1
182,1,-1,-1,1,-1,1,1,1,1,-1,-1,1,1,1,1,1,-1,1,1,1,-1,1,-1,1,-1,1,-1,-1,1,-1,1,1,1,-1,-1,-1,1,1,1,-1,0.0,-71.01675908333868,1
183,1,1,-1,-1,-1,1,1,1,1,-1,-1,1,1,1,-1,-1,1,-1,1,1,-1,-1,1,-1,-1,1,-1,-1,1,-1,-1,-1,1,1,-1,-1,-1,-1,-1,1,0.0,-71.01468143666764,2
184,-1,-1,-1,-1,1,-1,-1,-1,-1,1,1,-1,-1,-1,-1,-1,1,-1,-1,-1,1,1,-1,1,1,-1,1,1,-1,1,-1,-1,-1,1,-1,1,-1,-1,-1,1,0.0,-70.97301476620034,2
185,1,-1,1,1,-1,1,1,1,1,-1,-1,1,1,1,1,1,-1,1,1,1,-1,1,-1,1,-1,1,-1,-1,1,-1,-1,-1,1,-1,1,-1,1,1,1,-1,0.0,-70.96930870080288,1
186,1,1,-1,1,-1,-1,1,1,1,-1,-1,1,1,1,1,1,-1,1,1,1,-1,1,1,-1,-1,1,-1,-1,1,-1,1,1,1,-1,-1,-1,-1,1,1,-1,0.0,-70.96804917397333,1
187,-1,-1,1,-1,1,1,-1,-1,-1,1,1,-1,-1,-1,-1,-1,1,-1,-1,-1,1,-1,-1,1,1,-1,1,1,-1,1,-1,-1,-1,1,1,1,1,-1,-1,1,0.0,-70.96804917397333,1
188,1,-1,-1,1,-1,1,1,1,1,-1,-1,1,1,1,-1,-1,1,-1,1,1,-1,1,-1,1,-1,1,-1,-1,1,-1,-1,-1,-1,1,-1,-1,-1,1,-1,1,0.0,-70.94938000415878,1
189,1,-1,-1,1,-1,1,1,1,1,-1,-1,1,1,1,1,1,-1,1,1,1,-1,-1,-1,1,-1,1,-1,-1,1,-1,1,-1,1,-1,-1,-1,1,1,1,-1,0.0,-70.94363416524827,2
190,1,1,-1,-1,1,-1,1,1,1,1,-1,1,1,1,1,1,1,-1,1,1,-1,-1,1,-1,-1,1,-1,-1,1,-1,1,1,1,-1,-1,1,-1,-1,1,1,0.0,-70.93816373367527,1
191,1,-1,-1,-1,1,-1,1,1,1,-1,-1,1,1,1,-1,-1,1,-1,1,1,-1,-1,-1,1,-1,1,-1,-1,1,-1,-1,-1,-1,1,-1,-1,-1,-1,-1,1,0.0,-70.92799439592031,1
192,1,-1,-1,1,1,1,1,1,1,-1,-1,1,1,1,-1,-1,1,-1,1,1,-1,1,-1,1,-1,1,-1,-1,1,-1,-1,-1,-1,1,-1,-1,-1,1,-1,1,0.0,-70.91563628804437,1
193,-1,-1,1,1,1,-1,-1,-1,-1,1,1,-1,-1,-1,-1,-1,1,1,-1,-1,1,1,-1,1,1,-1,1,1,-1,1,1,1,-1,1,1,1,1,1,-1,1,0.0,-70.91362784065875,1
194,1,-1,-1,-1,1,1,1,1,1,-1,-1,1,1,1,1,1,-1,1,1,1,-1,-1,-1,1,-1,1,-1,-1,1,-1,1,1,1,-1,-1,-1,-1,-1,1,-1,0.0,-70.91164376531351,1
195,-1,-1,1,1,-1,-1,-1,-1,-1,1,1,-1,-1,-1,1,1,-1,1,-1,-1,1,1,-1,1,1,-1,1,1,-1,1,1,-1,1,-1,1,1,1,1,1,-1,0.0,-70.90806536774352,2
196,1,1,-1,-1,1,-1,1,1,1,1,-1,1,1,1,1,1,-1,1,1,1,-1,-1,1,-1,-1,1,-1,-1,1,-1,1,1,-1,-1,-1,1,-1,-1,1,-1,0.0,-70.88928206266154,2
197,1,-1,-1,1,1,-1,1,1,1,1,-1,1,1,1,1,1,-1,1,1,1,-1,-1,1,1,-1,1,-1,-1,1,-1,1,1,1,-1,-1,1,-1,1,1,-1,0.0,-70.88630047035903,1
198,-1,1,1,1,1,1,-1,-1,-1,1,1,-1,-1,-1,-1,-1,1,-1,-1,-1,1,-1,-1,-1,1,-1,1,1,-1,1,-1,-1,-1,1,1,1,1,1,-1,1,0.0,-70.86860848648277,1
199,1,-1,-1,-1,-1,-1,1,1,1,-1,-1,1,1,1,1,1,-1,1,1,1,-1,1,1,1,-1,1,-1,-1,1,-1,1,1,1,-1,-1,-1,-1,-1,1,-1,0.0,-70.86860848648283,1
200,-1,-1,-1,-1,1,-1,-1,1,-1,1,1,-1,-1,-1,-1,-1,1,-1,-1,-1,1,1,-1,1,1,1,1,1,-1,1,-1,-1,-1,1,-1,1,-1,-1,-1,1,0.0,-70.86400908533619,1
201,1,1,1,1,-1,1,1,-1,1,-1,-1,1,1,1,1,1,-1,1,1,1,-1,-1,1,-1,-1,-1,-1,-1,1,-1,1,1,1,-1,1,-1,1,1,1,-1,0.0,-70.86400908533619,3
202,1,-1,-1,1,-1,1,1,1,1,-1,-1,1,1,1,-1,-1,1,-1,1,1,-1,1,-1,1,-1,1,-1,-1,1,-1,-1,-1,-1,1,-1,-1,1,1,-1,1,0.0,-70.85170237123346,2
203,-1,-1,1,-1,1,-1,-1,-1,-1,1,1,-1,-1,-1,-1,-1,1,-1,-1,-1,1,1,-1,1,1,-1,1,1,-1,1,-1,1,-1,1,1,1,1,-1,-1,1,0.0,-70.83948430826098,1
204,-1,1,-1,-1,1,-1,1,-1,1,1,-1,1,1,1,1,1,-1,1,1,1,-1,-1,-1,-1,-1,-1,-1,-1,1,-1,1,1,1,-1,-1,1,-1,-1,1,-1,0.0,-70.82657183363548,2
205,1,-1,-1,1,-1,-1,1,1,1,1,-1,1,1,1,1,1,-1,1,1,1,-1,-1,-1,1,-1,1,-1,-1,1,-1,1,1,1,-1,-1,-1,-1,1,1,-1,0.0,-70.8198834584117,1
206,-1,1,1,-1,1,1,-1,-1,-1,-1,1,-1,-1,-1,-1,-1,1,-1,-1,-1,1,1,1,-1,1,-1,1,1,-1,1,-1,-1,-1,1,1,1,1,-1,-1,1,0.0,-70.8198834584117,1
207,1,-1,-1,1,1,1,1,1,1,-1,-1,1,1,1,1,1,-1,1,1,1,-1,-1,-1,1,-1,1,-1,-1,1,-1,1,1,1,-1,-1,-1,-1,1,1,-1,0.0,-70.8185815204739,1
208,-1,-1,-1,-1,1,-1,-1,-1,-1,1,1,-1,-1,-1,1,1,-1,1,-1,-1,1,1,-1,1,1,-1,1,1,-1,1,1,1,1,-1,-1,1,-1,-1,1,-1,0.0,-70.8079580540951,1
209,1,1,1,1,-1,1,1,1,1,-1,-1,1,1,1,-1,-1,1,-1,1,1,-1,-1,1,-1,-1,1,-1,-1,1,-1,-1,-1,-1,1,1,-1,1,1,-1,1,0.0,-70.8079580540951,1
210,1,-1,1,1,-1,1,1,-1,1,-1,-1,1,1,1,1,1,-1,1,1,1,-1,1,-1,1,-1,1,-1,-1,1,-1,1,1,1,-1,1,-1,1,1,1,-1,0.0,-70.79200951039142,3
211,1,1,-1,1,-1,1,1,1,1,-1,-1,1,1,1,-1,-1,1,-1,1,1,-1,1,1,-1,-1,1,-1,-1,1,-1,-1,-1,-1,1,-1,-1,-1,1,-1,1,0.0,-70.74755251424617,2
212,-1,-1,1,-1,1,-1,-1,-1,-1,1,1,-1,-1,-1,1,1,-1,1,-1,-1,1,-1,-1,1,1,-1,1,1,-1,1,1,1,1,-1,1,1,1,-1,1,-1,0.0,-70.74755251424617,1
213,-1,1,-1,-1,1,-1,1,-1,-1,1,1,-1,-1,-1,1,1,-1,1,-1,-1,1,1,-1,-1,1,-1,1,1,-1,1,1,1,1,-1,-1,1,-1,-1,1,-1,0.0,-70.73977774863887,2
214,1,-1,-1,1,-1,1,1,1,1,-1,-1,1,1,1,1,1,-1,1,1,1,-1,-1,1,1,-1,1,-1,-1,1,-1,-1,-1,1,-1,-1,-1,-1,1,1,-1,0.0,-70.71907248429714,1
215,1,-1,-1,-1,-1,1,1,1,1,-1,-1,1,1,-1,1,1,-1,1,1,-1,-1,-1,-1,1,-1,1,1,-1,1,-1,-1,-1,1,-1,-1,-1,-1,-1,1,-1,0.0,-70.71319184962961,3
216,1,-1,-1,1,1,-1,1,-1,1,1,-1,1,1,1,1,1,-1,1,1,1,-1,-1,-1,1,-1,1,-1,-1,1,-1,1,1,1,-1,-1,1,-1,1,1,-1,0.0,-70.67541500467937,1
217,1,-1,-1,1,-1,1,1,1,1,1,-1,1,1,1,1,1,-1,1,1,1,-1,-1,-1,1,-1,1,-1,-1,1,-1,1,1,1,-1,-1,-1,1,1,1,-1,0.0,-70.66676587786442,1
218,1,1,-1,1,-1,1,1,1,1,-1,-1,1,1,1,-1,-1,1,-1,1,1,-1,1,1,-1,-1,1,-1,-1,1,-1,-1,-1,-1,1,-1,-1,1,1,-1,1,0.0,-70.64987488132083,2
219,1,-1,-1,-1,-1,-1,1,1,1,-1,-1,1,1,1,1,1,-1,-1,1,1,-1,-1,-1,1,-1,1,-1,-1,1,-1,1,1,1,-1,-1,-1,-1,-1,1,-1,0.0,-70.63737344165766,1
220,1,1,-1,1,1,-1,1,1,1,-1,-1,1,1,1,1,1,-1,1,1,1,-1,1,1,-1,-1,1,-1,-1,1,-1,1,1,1,1,-1,-1,-1,1,1,-1,0.0,-70.6353289117878,1
221,-1,-1,1,1,1,1,-1,-1,-1,1,1,-1,-1,-1,-1,-1,1,-1,-1,-1,1,1,-1,1,1,-1,1,1,-1,1,-1,-1,-1,-1,1,1,1,1,-1,1,0.0,-70.63095736470098,1
222,1,-1,-1,-1,1,-1,1,-1,1,1,-1,1,1,1,1,1,-1,1,1,1,1,1,-1,1,-1,1,-1,-1,1,-1,1,1,1,-1,-1,1,-1,-1,1,-1,0.0,-70.61589621256041,2
223,1,-1,1,1,-1,1,-1,-1,1,-1,-1,1,1,1,1,1,-1,1,1,1,-1,1,-1,1,-1,1,-1,-1,1,-1,1,1,1,-1,1,-1,1,1,1,-1,0.0,-70.61115102876724,1
224,-1,-1,1,1,-1,1,-1,1,-1,-1,1,-1,-1,-1,-1,-1,1,-1,-1,-1,-1,-1,-1,1,1,1,1,1,-1,1,-1,-1,-1,1,1,-1,1,1,-1,1,0.0,-70.52534829653732,1
225,1,1,-1,-1,-1,1,1,1,1,-1,-1,1,1,-1,1,1,-1,1,1,-1,-1,-1,1,-1,-1,1,1,-1,1,-1,-1,-1,1,-1,-1,-1,-1,-1,1,-1,0.0,-70.51136435971698,1
226,1,-1,-1,-1,-1,1,1,1,1,-1,-1,1,1,-1,1,1,-1,1,1,1,-1,-1,-1,1,-1,1,-1,-1,1,-1,-1,-1,1,-1,-1,-1,-1,-1,1,-1,0.0,-70.48634606200378,1
227,1,1,-1,1,1,-1,1,-1,1,1,-1,1,1,1,1,1,-1,1,1,1,-1,-1,1,-1,-1,1,-1,-1,1,-1,1,1,1,-1,-1,1,-1,1,1,-1,0.0,-70.47358751476673,1
228,1,1,-1,-1,-1,1,1,1,1,-1,-1,1,1,1,1,1,-1,1,1,-1,-1,-1,1,-1,-1,1,-1,-1,1,-1,-1,-1,1,-1,-1,-1,-1,-1,1,-1,0.0,-70.46994258140091,1
229,-1,-1,-1,-1,1,-1,1,-1,1,1,-1,1,1,1,1,1,-1,1,1,1,-1,-1,-1,1,-1,-1,-1,-1,1,-1,1,1,1,-1,-1,1,-1,-1,1,-1,0.0,-70.4571420753338,1
230,1,-1,-1,-1,-1,1,1,1,1,-1,-1,1,1,1,-1,-1,1,-1,1,1,-1,1,-1,1,-1,1,-1,-1,1,-1,-1,-1,1,1,-1,-1,-1,-1,-1,1,0.0,-70.41605337212914,1
231,-1,-1,-1,-1,1,-1,1,1,-1,1,1,-1,-1,-1,-1,-1,1,-1,-1,-1,1,-1,-1,1,1,-1,1,1,-1,1,-1,-1,-1,1,-1,1,-1,-1,-1,1,0.0,-70.40932353885462,1
232,-1,-1,1,1,-1,1,-1,-1,-1,-1,1,-1,-1,1,-1,-1,1,-1,-1,-1,1,1,-1,1,1,-1,1,1,-1,1,-1,-1,-1,1,1,-1,1,1,-1,1,0.025,-70.79656758816279,1
233,1,-1,-1,-1,-1,1,1,1,1,1,-1,1,1,1,1,1,-1,1,1,1,-1,-1,-1,1,-1,1,-1,-1,1,-1,1,-1,1,-1,-1,-1,-1,-1,1,-1,0.0,-70.35490134981686,1
234,1,-1,-1,-1,1,-1,-1,1,-1,1,1,-1,-1,-1,-1,-1,1,-1,-1,-1,1,1,-1,1,1,1,1,1,-1,1,-1,-1,-1,1,-1,1,-1,-1,-1,1,0.0,-70.35194210845494,2
235,1,-1,-1,-1,1,-1,1,1,1,1,-1,1,1,1,1,1,1,-1,1,1,-1,1,-1,1,-1,1,-1,-1,1,-1,1,1,1,-1,-1,1,-1,-1,1,1,0.0,-70.33953566913675,1
236,-1,1,1,-1,1,1,-1,-1,-1,1,1,-1,-1,-1,-1,-1,1,-1,-1,-1,1,1,1,-1,1,-1,1,1,-1,1,-1,-1,-1,1,1,1,-1,-1,-1,1,0.0,-70.31708650390713,1
237,-1,-1,1,1,1,-1,-1,-1,-1,1,1,-1,-1,1,-1,-1,1,-1,-1,1,1,1,-1,1,1,-1,-1,1,-1,1,-1,1,-1,1,1,1,1,1,-1,1,0.0,-70.24043649193236,1
238,1,1,-1,-1,-1,1,1,1,1,-1,-1,1,1,-1,1,1,-1,1,1,-1,-1,-1,1,-1,-1,1,1,-1,1,-1,1,-1,1,-1,-1,-1,-1,-1,1,-1,0.0,-70.24043649193236,1
239,1,-1,-1,-1,-1,1,1,1,1,-1,-1,1,1,1,1,1,-1,1,1,1,1,1,-1,1,-1,1,-1,-1,1,-1,1,-1,1,-1,-1,-1,-1,-1,1,-1,0.0,-70.2392229530765,1
240,1,1,-1,-1,-1,1,1,1,1,-1,-1,1,1,1,-1,-1,1,-1,1,1,-1,1,1,-1,-1,1,-1,-1,1,-1,-1,-1,1,1,-1,-1,-1,-1,-1,1,0.0,-70.21422588221651,2
241,1,1,1,-1,-1,1,-1,1,1,-1,-1,1,1,1,-1,-1,1,-1,1,1,-1,-1,1,-1,-1,1,-1,-1,1,-1,-1,-1,-1,1,1,-1,1,-1,-1,1,0.0,-70.1580485457567,1
242,1,-1,-1,1,-1,1,1,1,1,-1,-1,1,1,1,1,1,-1,1,1,1,-1,1,-1,1,-1,1,-1,-1,1,-1,1,-1,1,-1,-1,-1,1,1,1,-1,0.0,-70.14317861079714,1
243,1,1,-1,-1,1,1,1,1,1,-1,-1,1,1,1,-1,-1,1,-1,1,1,-1,1,1,-1,-1,1,-1,-1,1,-1,-1,1,-1,1,-1,-1,-1,-1,-1,1,0.0,-70.10760981329238,1
244,-1,1,-1,-1,1,-1,1,1,1,1,-1,1,1,1,1,1,-1,1,1,1,-1,1,1,-1,-1,-1,-1,-1,1,-1,1,1,1,-1,-1,1,-1,-1,1,-1,0.0,-70.08630596022475,1
245,-1,-1,-1,-1,1,-1,-1,1,-1,1,1,-1,-1,-1,-1,-1,1,-1,-1,-1,1,-1,-1,1,1,1,1,1,-1,1,-1,-1,-1,1,-1,1,-1,-1,-1,1,0.0,-70.06355353088506,1
246,1,1,-1,-1,-1,1,1,1,1,-1,-1,1,1,1,1,1,-1,1,1,1,1,1,1,-1,-1,1,-1,-1,1,-1,1,-1,1,-1,-1,-1,-1,-1,1,-1,0.0,-70.03739546316389,1
247,1,1,-1,-1,1,-1,1,1,1,1,-1,1,-1,1,1,1,-1,1,1,1,-1,1,1,-1,-1,1,-1,-1,1,-1,1,1,1,-1,-1,1,-1,-1,1,-1,0.0,-70.02230830468388,1
248,1,-1,-1,1,-1,-1,1,1,1,1,-1,1,1,1,1,1,-1,1,1,1,-1,1,-1,1,-1,1,-1,-1,1,-1,1,1,1,-1,-1,-1,-1,1,1,-1,0.0,-70.01942790396056,1
249,1,-1,-1,1,-1,1,1,1,1,1,-1,1,1,1,1,1,-1,1,1,1,-1,1,-1,1,-1,1,-1,-1,1,-1,1,1,1,-1,-1,-1,-1,1,1,-1,0.0,-69.96398795633868,1
250,-1,1,1,-1,1,-1,-1,-1,-1,-1,1,-1,-1,-1,-1,-1,1,-1,-1,-1,1,-1,1,-1,1,-1,1,1,-1,1,-1,-1,-1,1,1,1,1,-1,-1,1,0.0,-69.96398795633863,1
251,1,-1,-1,-1,-1,1,1,1,1,-1,-1,1,1,-1,-1,-1,1,-1,1,-1,-1,-1,-1,1,-1,1,1,-1,1,-1,-1,-1,-1,1,-1,-1,-1,-1,-1,1,0.0,-69.95321313838332,3
252,1,-1,-1,1,1,-1,1,1,1,1,-1,1,1,1,1,1,-1,1,1,1,1,1,-1,1,-1,1,-1,-1,1,-1,1,1,1,-1,-1,-1,-1,1,1,-1,0.0,-69.9197258822092,1
253,1,1,-1,-1,-1,1,-1,1,1,-1,-1,1,1,1,-1,-1,1,-1,1,1,-1,-1,1,-1,-1,1,-1,-1,1,-1,-1,-1,-1,1,-1,-1,-1,-1,-1,1,0.0,-69.90805305100739,1
254,1,-1,-1,-1,-1,-1,1,1,1,-1,-1,1,1,1,-1,-1,1,-1,1,1,-1,-1,-1,1,-1,1,-1,-1,1,-1,-1,-1,-1,1,-1,-1,-1,-1,-1,1,0.0,-69.87043384805926,1
255,1,-1,-1,1,1,-1,1,1,1,-1,-1,1,1,1,-1,-1,1,-1,1,1,1,1,-1,1,-1,1,-1,-1,1,-1,-1,1,-1,1,-1,-1,-1,1,-1,1,0.0,-69.84531811752788,1
256,1,1,-1,-1,-1,1,1,1,1,-1,-1,1,-1,1,1,1,-1,1,1,1,-1,1,1,-1,-1,1,-1,-1,1,-1,-1,-1,1,-1,-1,-1,-1,-1,1,-1,0.0,-69.84174197254352,1
257,1,-1,-1,-1,-1,-1,1,1,1,-1,-1,1,1,-1,1,1,-1,1,1,-1,-1,-1,-1,1,-1,1,1,-1,1,-1,1,1,1,-1,-1,-1,-1,-1,1,-1,0.0,-69.83736093774749,1
258,1,1,-1,-1,1,-1,1,-1,1,1,-1,1,1,1,1,1,-1,-1,1,1,-1,-1,1,-1,-1,1,-1,-1,1,-1,1,1,1,-1,-1,1,-1,-1,1,-1,0.0,-69.82179862846003,1
259,1,-1,-1,1,-1,1,1,1,1,-1,-1,1,1,1,1,1,-1,1,1,1,-1,1,1,1,-1,1,-1,-1,1,-1,-1,-1,1,-1,-1,-1,1,1,1,-1,0.0,-69.82093929692067,2
260,1,-1,-1,-1,1,-1,1,1,1,1,-1,1,1,1,-1,-1,1,-1,1,1,-1,1,-1,1,-1,1,-1,-1,1,-1,-1,1,-1,1,-1,1,-1,-1,-1,1,0.0,-69.79508999569707,3
261,-1,1,1,-1,1,-1,-1,-1,-1,1,1,-1,-1,-1,1,1,-1,1,-1,-1,1,1,1,-1,1,-1,1,1,-1,1,1,1,1,-1,1,1,1,1,1,-1,0.0,-69.77636222473474,1
262,1,1,-1,1,1,-1,1,1,1,-1,-1,1,1,1,-1,-1,1,-1,1,1,-1,1,1,-1,-1,1,-1,-1,1,-1,-1,-1,-1,1,-1,-1,-1,1,-1,1,0.0,-69.77124894411153,1
263,1,-1,-1,-1,1,1,1,1,1,1,-1,1,1,1,1,1,-1,1,1,1,-1,-1,-1,1,-1,1,-1,-1,1,-1,1,1,1,-1,-1,-1,-1,-1,1,-1,0.0,-69.7611950053881,1
264,1,-1,-1,-1,-1,-1,1,1,1,-1,-1,1,1,1,1,1,1,-1,1,1,-1,-1,-1,1,-1,1,-1,-1,1,-1,1,1,1,-1,-1,-1,-1,-1,1,1,0.0,-69.75211129563415,1
265,1,-1,-1,-1,1,-1,1,1,1,-1,-1,1,1,1,1,1,1,-1,1,1,-1,-1,-1,1,-1,1,-1,-1,1,-1,1,1,1,-1,-1,-1,-1,-1,1,1,0.0,-69.74710480936835,1
266,1,1,-1,-1,-1,1,1,1,1,-1,-1,1,1,1,-1,-1,1,-1,1,-1,-1,-1,1,-1,-1,1,-1,-1,1,-1,-1,-1,-1,1,-1,-1,-1,-1,-1,1,0.0,-69.70996387015462,2
267,1,-1,-1,1,-1,1,1,1,1,-1,-1,1,1,1,1,1,-1,-1,1,1,-1,-1,-1,1,-1,1,-1,-1,1,-1,-1,-1,1,-1,-1,-1,-1,1,1,-1,0.0,-69.68738188502088,1
268,1,-1,-1,1,-1,1,1,1,1,-1,-1,1,1,1,1,1,-1,1,1,1,1,1,-1,1,-1,1,-1,-1,1,-1,1,1,1,-1,-1,-1,-1,1,1,-1,0.0,-69.68472998006759,1
269,1,-1,-1,1,1,-1,1,1,1,-1,-1,1,1,-1,1,1,-1,1,1,-1,-1,-1,-1,1,-1,1,1,-1,1,-1,1,1,1,-1,-1,-1,-1,1,1,-1,0.0,-69.67789204403668,1
270,1,1,-1,-1,-1,1,1,1,1,-1,-1,1,1,1,1,1,-1,1,1,-1,-1,1,1,-1,-1,1,-1,-1,1,-1,-1,-1,1,-1,-1,-1,-1,-1,1,-1,0.0,-69.66948702694978,1
271,-1,1,-1,-1,1,-1,1,1,-1,1,1,-1,-1,-1,-1,-1,1,-1,-1,-1,1,1,-1,-1,1,-1,1,1,-1,1,-1,-1,-1,1,-1,1,-1,-1,-1,1,0.0,-69.62086479765931,1
272,1,-1,1,1,-1,1,-1,-1,1,-1,-1,1,1,1,1,1,-1,1,1,1,-1,-1,1,1,-1,1,-1,-1,1,-1,1,1,1,-1,1,-1,1,1,1,-1,0.0,-69.62086479765931,1
273,1,-1,1,-1,-1,1,1,1,1,-1,-1,1,1,1,1,1,-1,1,1,1,-1,-1,-1,1,-1,1,-1,-1,1,-1,-1,-1,1,-1,1,-1,1,-1,1,-1,0.0,-69.5991207567254,1
274,1,-1,-1,1,-1,1,1,1,1,-1,-1,1,1,1,1,1,-1,1,1,1,1,1,-1,1,-1,1,-1,-1,1,-1,1,1,1,-1,-1,-1,1,1,1,-1,0.0,-69.58705234714232,1
275,1,1,-1,1,-1,1,1,1,1,-1,-1,1,1,1,-1,-1,1,-1,1,1,-1,-1,1,-1,-1,1,-1,-1,1,-1,-1,-1,-1,1,-1,-1,-1,-1,-1,1,0.0,-69.57453473482211,1
276,1,1,-1,-1,1,1,1,1,1,1,-1,1,1,1,1,1,-1,1,1,1,-1,-1,1,-1,-1,1,-1,-1,1,-1,1,1,1,-1,-1,-1,-1,-1,1,-1,0.0,-69.55936751547549,1
277,-1,-1,-1,-1,1,-1,1,-1,-1,1,1,-1,-1,-1,-1,-1,1,-1,-1,-1,1,1,-1,1,1,-1,1,1,-1,1,1,1,-1,1,-1,1,-1,-1,-1,1,0.0,-69.50736335442718,1
278,-1,1,1,1,1,-1,-1,-1,-1,1,1,-1,-1,1,-1,-1,1,-1,-1,-1,1,1,1,-1,1,-1,1,1,-1,1,-1,-1,-1,1,1,1,1,1,-1,1,0.0,-69.49367503989431,1
279,1,-1,-1,-1,1,-1,1,1,1,1,-1,1,1,1,-1,1,-1,1,1,1,-1,-1,-1,1,-1,1,-1,-1,1,-1,1,1,1,-1,-1,1,-1,-1,1,-1,0.0,-69.35795145798876,1
280,1,1,1,-1,-1,1,1,1,1,-1,-1,1,1,1,1,1,-1,1,1,1,-1,1,1,-1,-1,1,-1,-1,1,-1,-1,-1,1,-1,-1,-1,1,-1,1,-1,0.0,-69.35332551831225,1
281,-1,-1,1,1,1,-1,-1,-1,-1,-1,1,-1,-1,-1,-1,-1,1,-1,-1,-1,1,-1,-1,1,1,-1,1,1,-1,1,-1,1,-1,1,1,1,1,1,-1,1,0.0,-69.35261830545309,1
282,-1,-1,-1,-1,1,-1,-1,-1,-1,1,1,-1,-1,-1,-1,-1,1,-1,-1,-1,1,-1,-1,1,1,-1,1,1,-1,1,-1,1,-1,1,-1,1,-1,-1,-1,1,0.0,-69.29897873920764,1
283,1,-1,-1,1,-1,1,1,1,1,-1,-1,1,1,-1,1,1,-1,1,1,-1,-1,-1,-1,1,-1,1,1,-1,1,-1,-1,-1,1,-1,-1,-1,-1,1,1,-1,0.0,-69.28511840407913,1
284,1,-1,-1,-1,1,-1,1,1,-1,1,-1,1,1,1,-1,-1,1,-1,1,1,-1,-1,-1,1,-1,1,-1,-1,1,-1,-1,1,-1,1,-1,1,-1,-1,-1,1,0.0,-69.24481981723252,2
285,1,1,1,1,1,-1,1,-1,1,1,-1,1,1,1,1,1,-1,1,1,1,-1,-1,1,-1,-1,1,-1,-1,1,-1,1,1,1,-1,1,1,1,1,1,-1,0.0,-69.19384403654966,2
286,-1,-1,1,1,1,-1,-1,-1,-1,-1,1,-1,-1,-1,-1,-1,1,1,-1,-1,1,1,-1,1,1,-1,1,1,-1,1,-1,-1,-1,1,1,1,1,1,-1,1,0.0,-69.16825708159229,1
287,-1,-1,-1,-1,1,-1,-1,1,-1,1,1,-1,-1,-1,-1,-1,1,-1,-1,-1,-1,-1,-1,1,1,-1,1,1,-1,1,-1,-1,-1,1,-1,1,-1,-1,-1,1,0.0,-69.16047528428236,1
288,1,-1,-1,-1,1,-1,1,1,1,-1,-1,1,1,1,-1,-1,1,-1,1,1,-1,-1,-1,1,-1,1,-1,-1,1,-1,-1,1,-1,1,-1,1,-1,-1,-1,1,0.0,-69.08947325690224,1
289,1,-1,1,1,-1,1,1,1,1,-1,-1,1,1,1,-1,-1,1,-1,1,1,-1,-1,-1,1,-1,1,-1,-1,1,-1,-1,-1,1,1,1,-1,1,1,-1,1,0.0,-69.04838546642759,1
290,1,1,-1,-1,-1,1,1,1,1,-1,-1,1,1,1,-1,-1,1,-1,1,1,-1,-1,1,-1,-1,1,-1,-1,1,-1,-1,-1,1,-1,-1,-1,-1,-1,-1,1,0.0,-69.02692838446859,1
291,1,1,1,1,-1,1,-1,-1,1,-1,-1,1,1,1,1,1,-1,1,1,1,-1,-1,1,-1,-1,1,-1,-1,1,-1,-1,1,1,-1,1,-1,1,1,1,-1,0.0,-68.95300026408664,1
292,1,-1,-1,-1,1,-1,1,1,1,-1,-1,1,1,1,-1,1,-1,1,1,1,-1,1,-1,1,-1,1,-1,-1,1,-1,1,1,1,1,-1,-1,-1,-1,1,-1,0.0,-68.88278519372925,1
293,-1,-1,1,1,1,-1,-1,-1,-1,1,1,-1,-1,1,-1,-1,1,-1,-1,-1,1,1,-1,1,1,-1,1,1,-1,1,-1,-1,-1,1,1,1,1,1,-1,1,0.025,-69.29184754998168,1
294,1,1,-1,-1,1,-1,1,1,1,1,-1,1,1,1,1,1,-1,1,1,1,-1,-1,1,1,-1,1,-1,-1,1,-1,1,1,1,-1,-1,1,-1,-1,1,-1,0.0,-68.84148293036799,1
295,1,-1,1,-1,-1,1,1,1,1,-1,-1,1,1,1,-1,-1,1,-1,1,1,-1,-1,-1,1,-1,1,-1,-1,1,-1,-1,-1,-1,1,1,-1,1,-1,-1,1,0.0,-68.83914204547911,1
296,-1,1,1,1,1,1,-1,-1,-1,1,1,-1,1,-1,-1,-1,1,-1,-1,-1,1,-1,1,-1,1,-1,1,1,-1,1,-1,-1,-1,1,1,1,1,1,-1,1,0.0,-68.83625586664276,1
297,1,-1,-1,-1,-1,-1,1,1,1,-1,-1,1,-1,1,1,1,-1,1,1,1,-1,1,-1,1,-1,1,-1,-1,1,-1,1,1,1,-1,-1,-1,-1,-1,1,-1,0.0,-68.83625586664276,1
298,1,-1,-1,-1,1,-1,1,1,1,-1,-1,1,-1,1,1,1,-1,1,1,1,-1,1,-1,1,-1,1,-1,-1,1,-1,1,1,1,-1,-1,-1,-1,-1,1,-1,0.0,-68.83124938037696,1
299,1,-1,-1,1,-1,1,1,1,1,-1,-1,1,1,1,1,1,1,-1,1,1,-1,-1,-1,1,-1,1,-1,-1,1,-1,-1,-1,1,-1,-1,-1,-1,1,1,1,0.0,-68.80211973899739,1
300,-1,-1,-1,-1,-1,1,1,1,-1,1,1,-1,-1,-1,-1,-1,1,-1,-1,-1,1,1,-1,1,1,-1,1,1,-1,1,-1,-1,-1,1,-1,-1,-1,-1,-1,1,0.0,-68.72266510584838,1
301,1,-1,-1,-1,-1,1,1,1,1,-1,-1,1,1,1,-1,-1,-1,1,1,1,-1,-1,-1,1,-1,1,-1,-1,1,1,-1,-1,-1,1,-1,-1,-1,-1,-1,-1,0.0,-68.72030435511302,1
302,1,1,-1,-1,1,-1,1,1,1,1,-1,1,1,1,1,1,1,-1,1,1,1,1,1,-1,-1,1,-1,-1,1,-1,1,1,1,-1,-1,1,-1,-1,1,1,0.0,-68.70800144302771,1
303,1,-1,-1,1,-1,1,1,1,1,1,-1,1,1,1,1,1,-1,1,1,1,-1,-1,-1,1,-1,1,-1,-1,1,-1,-1,-1,1,-1,-1,-1,-1,1,1,-1,0.0,-68.70196096921569,1
304,-1,1,1,-1,1,-1,1,-1,-1,1,1,-1,-1,-1,1,1,-1,1,-1,-1,1,1,1,-1,1,-1,1,1,-1,1,1,1,1,-1,1,1,1,-1,1,-1,0.0,-68.68180709536954,1
305,-1,-1,-1,-1,1,-1,1,-1,-1,1,1,-1,1,1,1,1,-1,1,1,1,1,1,-1,1,1,-1,-1,-1,1,-1,1,1,1,-1,-1,1,-1,-1,1,-1,0.0,-68.60589324043156,2
306,-1,-1,-1,-1,-1,1,-1,1,-1,1,1,-1,-1,-1,-1,-1,1,-1,-1,-1,1,1,-1,1,1,-1,1,1,-1,1,-1,-1,-1,1,-1,-1,-1,-1,-1,1,0.0,-68.58971201212735,1
307,1,1,-1,1,-1,1,1,1,1,-1,-1,1,1,1,1,1,-1,-1,1,1,-1,1,1,-1,-1,1,-1,-1,1,-1,-1,-1,1,-1,-1,-1,1,1,1,-1,0.0,-68.5874212077318,1
308,1,-1,-1,1,-1,1,-1,1,1,-1,-1,1,1,1,-1,-1,1,-1,1,1,-1,-1,-1,1,-1,1,-1,-1,1,-1,-1,-1,-1,1,-1,-1,1,1,-1,1,0.0,-68.58412946244421,1
309,-1,-1,1,1,-1,-1,1,-1,-1,1,1,-1,-1,-1,1,1,-1,1,-1,-1,1,1,-1,1,1,-1,1,1,-1,1,1,1,1,-1,1,1,1,1,1,-1,0.0,-68.5392981341821,1
310,1,-1,-1,-1,1,-1,1,-1,1,-1,-1,1,1,1,1,1,-1,1,1,1,-1,-1,-1,1,-1,1,-1,-1,1,-1,1,1,1,-1,-1,-1,-1,-1,1,-1,0.0,-68.5206119135919,1
311,1,-1,-1,1,1,1,1,1,1,-1,-1,1,1,-1,-1,-1,1,-1,1,-1,-1,-1,-1,1,-1,1,1,-1,1,-1,-1,-1,-1,1,-1,-1,-1,1,-1,1,0.0,-68.49139597671841,1
312,-1,-1,1,1,-1,1,-1,-1,-1,-1,1,-1,1,-1,-1,-1,1,-1,-1,-1,1,-1,-1,1,1,-1,1,1,-1,1,-1,-1,-1,1,1,-1,1,1,-1,1,0.025,-70.02230830468388,1
313,1,-1,-1,-1,1,-1,1,1,-1,1,-1,1,1,1,-1,-1,1,-1,1,1,-1,1,-1,1,-1,1,-1,-1,1,-1,-1,1,-1,1,-1,1,-1,-1,-1,1,0.0,-68.44436426278139,1
314,1,-1,-1,-1,-1,1,1,1,1,-1,-1,1,1,1,-1,-1,1,-1,1,1,-1,1,-1,1,-1,1,-1,-1,1,1,-1,-1,-1,1,-1,-1,-1,-1,-1,1,0.0,-68.43141535424381,1
315,-1,-1,1,-1,1,-1,-1,-1,-1,1,1,-1,-1,-1,-1,-1,1,-1,-1,-1,1,1,-1,1,1,1,1,1,-1,1,1,1,-1,1,1,1,1,-1,-1,1,0.0,-68.42304894348342,1
316,1,-1,-1,-1,1,-1,1,-1,1,1,-1,1,1,1,1,1,1,-1,1,1,-1,1,-1,1,-1,1,-1,-1,1,-1,1,1,1,-1,-1,1,-1,-1,1,1,0.0,-68.33790841789802,1
317,1,-1,-1,-1,-1,-1,1,1,1,-1,-1,1,1,-1,1,1,-1,1,1,1,-1,-1,-1,1,-1,1,-1,-1,1,-1,1,-1,1,-1,-1,-1,-1,-1,1,-1,0.0,-68.33104865506738,1
318,1,-1,-1,-1,-1,1,1,1,1,-1,-1,1,1,1,1,1,-1,1,1,-1,-1,1,-1,1,-1,1,1,-1,1,-1,-1,-1,1,-1,-1,-1,-1,-1,1,-1,0.0,-68.3160663461225,1
319,1,-1,-1,1,1,-1,1,1,1,1,-1,1,1,-1,1,1,-1,1,1,1,-1,-1,-1,1,-1,1,-1,-1,1,-1,1,1,1,-1,-1,-1,-1,1,1,-1,0.0,-68.30059749648545,1
320,1,-1,-1,1,-1,1,1,1,1,-1,-1,1,1,-1,-1,-1,1,-1,1,1,-1,-1,-1,1,-1,1,-1,-1,1,-1,-1,-1,-1,1,-1,-1,-1,1,-1,1,0.0,-68.29829390520699,1
321,-1,-1,1,-1,-1,-1,-1,-1,-1,1,1,-1,-1,1,1,1,-1,1,-1,1,1,1,-1,1,1,-1,-1,1,-1,1,1,1,1,-1,1,1,1,-1,1,-1,0.0,-68.28956848680578,1
322,1,1,-1,-1,1,-1,1,1,-1,1,-1,1,1,1,-1,-1,1,-1,1,1,-1,1,1,-1,-1,1,-1,-1,1,-1,-1,1,-1,1,-1,1,-1,-1,-1,1,0.0,-68.24253677286876,1
323,1,-1,-1,-1,1,-1,1,1,1,1,1,1,1,1,1,1,-1,1,1,1,1,1,-1,1,-1,1,-1,-1,1,-1,1,1,1,-1,-1,1,-1,-1,1,-1,0.0,-68.20570146147148,1
324,1,-1,-1,1,-1,1,1,1,1,-1,-1,1,1,-1,1,1,-1,1,1,-1,-1,-1,-1,1,-1,1,1,-1,1,-1,1,1,1,-1,-1,-1,1,1,1,-1,0.0,-68.1947697490444,1
325,1,1,1,1,-1,-1,1,1,1,-1,-1,1,1,1,1,1,-1,1,1,1,-1,1,1,-1,-1,1,-1,-1,1,-1,1,1,1,-1,1,-1,1,1,1,-1,0.0,-68.13402295646961,1
326,1,1,1,1,-1,1,1,1,1,-1,-1,1,1,-1,1,1,-1,1,1,1,-1,-1,1,-1,-1,1,-1,-1,1,-1,-1,-1,1,-1,1,-1,1,1,1,-1,0.0,-68.11639511193847,1
327,1,-1,1,1,-1,1,1,1,1,-1,-1,1,1,-1,1,1,-1,1,1,1,-1,-1,-1,1,-1,1,-1,-1,1,-1,1,-1,1,-1,1,-1,1,1,1,-1,0.0,-68.04729473406648,1
328,1,-1,-1,-1,-1,1,1,1,1,1,-1,1,1,1,-1,-1,1,-1,1,1,-1,-1,-1,1,-1,1,-1,-1,1,-1,-1,-1,-1,1,-1,-1,-1,-1,-1,1,0.0,-68.03614143056136,1
329,1,1,1,-1,-1,1,1,1,1,-1,-1,1,1,1,1,1,-1,1,1,1,-1,1,1,-1,-1,1,-1,-1,1,-1,1,1,1,-1,1,-1,1,-1,1,-1,0.0,-68.00191571322057,1
330,1,-1,1,1,-1,1,1,-1,1,-1,-1,1,1,-1,1,1,-1,1,1,-1,-1,-1,-1,1,-1,1,1,-1,1,-1,1,1,1,-1,1,-1,1,1,1,-1,0.0,-67.97002017609708,1
331,1,-1,-1,-1,-1,1,1,1,1,-1,-1,1,1,1,1,1,1,-1,1,1,-1,1,-1,1,-1,1,-1,-1,1,-1,1,-1,1,-1,-1,-1,-1,-1,1,1,0.0,-67.96123515841411,1
332,1,-1,1,-1,-1,-1,1,-1,1,1,-1,1,1,1,1,1,-1,1,1,1,-1,-1,-1,1,-1,1,-1,-1,1,-1,1,1,1,-1,1,1,1,-1,1,-1,0.0,-67.93385436479738,1
333,1,1,-1,-1,-1,-1,1,1,1,-1,-1,1,1,1,-1,-1,1,-1,1,1,-1,1,1,-1,-1,1,-1,-1,1,-1,-1,-1,1,1,-1,-1,-1,-1,-1,1,0.0,-67.90733774411466,1
334,-1,1,-1,1,1,-1,1,1,1,-1,-1,1,1,1,1,1,-1,1,1,1,-1,1,1,-1,-1,-1,-1,-1,1,-1,1,1,1,-1,-1,-1,-1,1,1,-1,0.0,-67.90104907507698,1
335,1,1,1,-1,1,-1,-1,-1,1,1,-1,1,1,1,1,1,-1,1,1,1,-1,-1,1,-1,-1,1,-1,-1,1,-1,1,1,1,-1,1,1,1,-1,1,-1,0.0,-67.8987236847202,1
336,1,-1,-1,-1,-1,1,1,1,1,-1,-1,1,1,-1,1,1,-1,-1,1,-1,-1,-1,-1,1,-1,1,1,-1,1,-1,-1,-1,1,-1,-1,-1,-1,-1,1,-1,0.0,-67.89075946479429,1
337,-1,-1,-1,-1,1,-1,-1,-1,-1,1,1,-1,-1,-1,-1,-1,-1,1,-1,-1,1,1,-1,1,1,-1,1,1,-1,1,1,1,-1,1,-1,1,-1,-1,-1,-1,0.0,-67.86024223448257,1
338,1,-1,1,1,-1,1,-1,1,1,-1,-1,1,1,1,-1,-1,1,-1,1,1,-1,1,-1,1,-1,1,-1,-1,1,1,-1,-1,-1,1,1,-1,1,1,-1,1,0.0,-67.78402588428135,1
339,-1,1,-1,-1,1,-1,1,-1,-1,1,-1,1,1,1,1,1,-1,1,1,1,-1,-1,1,-1,1,-1,-1,-1,1,-1,1,1,1,-1,-1,1,-1,-1,1,-1,0.0,-67.77834346139777,1
340,1,-1,-1,-1,-1,1,1,1,1,-1,-1,1,1,1,1,1,-1,1,1,-1,-1,1,-1,1,-1,1,1,-1,1,-1,1,1,1,-1,-1,-1,-1,-1,1,-1,0.0,-67.72114434698143,1
341,1,-1,-1,1,1,-1,-1,1,1,-1,-1,1,1,1,-1,-1,1,-1,1,1,-1,-1,-1,1,-1,1,-1,-1,1,-1,-1,-1,-1,1,-1,-1,-1,1,-1,1,0.0,-67.70550352523492,1
342,-1,-1,1,1,-1,1,-1,-1,-1,1,1,-1,-1,-1,-1,-1,1,-1,-1,-1,1,1,-1,1,1,1,1,1,-1,1,-1,-1,-1,-1,1,1,1,1,-1,1,0.0,-67.70530903722377,1
343,1,-1,-1,-1,-1,1,1,1,1,1,-1,1,1,1,-1,-1,1,-1,1,1,-1,-1,-1,1,-1,1,-1,-1,1,-1,-1,-1,-1,-1,-1,-1,-1,-1,-1,1,0.0,-67.67971214474862,1
344,-1,1,1,-1,-1,-1,-1,-1,-1,1,1,-1,-1,-1,1,1,-1,1,-1,1,1,-1,1,-1,1,-1,1,1,-1,1,1,1,1,-1,1,1,1,-1,1,-1,0.0,-67.64951864395121,1
345,1,-1,-1,1,1,-1,1,1,1,1,-1,1,1,1,-1,-1,1,-1,1,1,-1,1,-1,1,-1,1,-1,-1,1,-1,-1,1,-1,1,-1,1,-1,1,-1,1,0.0,-67.62444649716845,1
346,1,-1,-1,-1,1,-1,1,1,1,-1,-1,1,1,1,-1,-1,1,-1,1,1,-1,1,-1,1,-1,1,-1,-1,1,-1,1,1,-1,1,-1,-1,-1,-1,-1,1,0.0,-67.6227759453594,1
347,1,1,-1,-1,1,-1,1,-1,-1,1,-1,1,1,1,1,1,-1,1,1,1,-1,-1,1,-1,-1,-1,-1,-1,1,-1,1,1,1,-1,-1,1,-1,-1,1,-1,0.0,-67.579397182202,1
348,1,1,-1,-1,-1,1,1,1,1,-1,-1,1,1,-1,1,1,-1,1,-1,-1,-1,-1,1,-1,-1,1,1,1,1,-1,1,-1,1,-1,-1,-1,-1,-1,1,-1,0.0,-67.47652878726888,1
349,1,-1,-1,1,-1,1,1,1,1,-1,-1,1,1,1,-1,-1,1,-1,1,1,1,1,-1,1,-1,1,-1,-1,1,-1,-1,-1,1,1,-1,-1,1,1,-1,1,0.0,-67.46059555745693,1
350,-1,1,1,1,1,-1,-1,-1,-1,1,1,-1,1,1,-1,-1,1,-1,-1,1,1,1,1,-1,1,-1,-1,-1,-1,1,1,1,-1,1,1,1,1,1,-1,1,0.0,-67.40336765165962,1
351,1,-1,-1,-1,-1,1,1,1,1,-1,-1,1,1,1,-1,-1,1,-1,1,1,1,1,-1,1,-1,1,-1,-1,1,-1,-1,-1,-1,1,-1,-1,1,-1,-1,1,0.0,-67.38408607178584,1
352,1,1,-1,1,-1,-1,1,1,1,-1,-1,1,1,1,-1,-1,1,-1,1,1,-1,1,1,-1,-1,1,-1,-1,1,-1,-1,-1,-1,1,-1,-1,-1,1,-1,1,0.0,-67.37867719553962,1
353,1,-1,-1,-1,1,-1,1,-1,1,1,-1,1,1,1,-1,1,-1,1,1,1,-1,-1,-1,1,-1,1,-1,-1,1,-1,1,1,1,-1,-1,1,-1,-1,1,-1,0.0,-67.35632420675,1
354,1,-1,-1,-1,-1,1,-1,1,1,-1,-1,1,1,1,1,1,-1,1,1,1,-1,-1,-1,1,-1,1,-1,-1,1,-1,-1,-1,1,-1,-1,-1,-1,-1,1,-1,0.0,-67.28855185106188,1
355,1,-1,1,-1,-1,-1,-1,-1,1,-1,-1,1,1,1,1,1,-1,1,1,1,-1,-1,-1,1,-1,1,-1,-1,1,-1,1,1,1,-1,1,-1,1,-1,1,-1,0.0,-67.26382699201558,1
356,1,-1,1,1,1,-1,-1,-1,-1,1,-1,1,1,1,-1,-1,1,-1,1,1,-1,-1,-1,1,1,1,-1,-1,1,-1,-1,1,-1,1,1,1,1,1,-1,1,0.0,-67.10580321496336,1
357,-1,1,-1,-1,1,-1,1,-1,1,1,1,-1,1,1,1,1,-1,1,1,1,1,1,1,-1,1,-1,-1,-1,1,-1,1,1,1,-1,-1,1,-1,-1,1,-1,0.0,-67.08032096011473,1
358,1,-1,-1,1,1,-1,1,1,-1,1,-1,1,1,1,-1,-1,1,-1,1,1,-1,-1,-1,1,-1,1,-1,-1,1,-1,-1,1,-1,1,-1,1,-1,1,-1,1,0.0,-67.0741763187039,1
359,-1,1,1,-1,1,-1,-1,-1,-1,1,-1,1,1,1,1,1,-1,1,1,1,-1,-1,1,-1,1,-1,-1,-1,1,-1,1,1,1,-1,1,1,1,-1,1,-1,0.0,-66.99765948580972,1
360,-1,-1,1,-1,-1,1,-1,-1,-1,-1,1,-1,-1,-1,1,-1,1,-1,-1,-1,1,1,-1,1,1,-1,1,1,-1,1,-1,-1,-1,1,1,-1,1,-1,-1,1,0.0,-66.98548046954751,1
361,-1,-1,1,1,1,-1,-1,-1,-1,1,-1,1,1,1,-1,-1,1,-1,1,1,-1,1,-1,1,1,1,-1,-1,1,-1,-1,1,-1,1,1,1,1,1,-1,1,0.0,-66.81741463739348,1
362,1,-1,-1,1,1,-1,1,1,1,-1,-1,1,1,1,1,1,-1,1,1,1,-1,-1,-1,-1,-1,1,-1,-1,1,-1,1,1,1,-1,-1,-1,-1,1,1,-1,0.0,-66.7478752016466,1
363,1,-1,-1,1,1,-1,1,1,1,-1,1,1,1,1,1,1,-1,1,1,1,1,1,-1,1,-1,1,-1,-1,1,-1,1,1,1,-1,-1,-1,-1,1,1,-1,0.0,-66.65835263980692,1
364,1,-1,-1,1,-1,1,1,1,1,1,-1,1,1,1,-1,-1,1,-1,1,1,-1,-1,-1,1,-1,1,-1,-1,1,-1,-1,-1,-1,1,-1,-1,1,1,-1,1,0.0,-66.51039035208555,1
365,-1,-1,1,-1,1,1,-1,-1,-1,-1,1,-1,-1,-1,-1,-1,1,-1,-1,-1,-1,-1,-1,1,1,-1,1,1,-1,1,-1,-1,-1,1,1,1,1,1,-1,1,0.0,-66.47582050658173,1
366,-1,-1,-1,-1,1,-1,1,1,-1,1,1,-1,-1,-1,-1,-1,1,-1,-1,-1,1,1,-1,1,1,-1,1,1,-1,1,-1,-1,-1,1,-1,-1,-1,-1,-1,1,0.0,-66.47275049760829,1
367,1,-1,1,-1,-1,1,1,1,1,-1,-1,1,-1,1,1,1,-1,1,1,1,-1,1,-1,1,-1,1,-1,-1,1,-1,-1,-1,1,-1,-1,-1,1,-1,1,-1,0.0,-66.46129030972544,1
368,1,-1,1,1,-1,1,1,1,1,-1,-1,1,1,1,1,1,1,1,1,1,-1,-1,-1,1,-1,1,-1,-1,1,-1,-1,-1,1,-1,1,-1,1,1,1,-1,0.0,-66.41938679612358,1
369,1,-1,-1,-1,-1,1,1,1,-1,-1,-1,1,1,1,-1,-1,1,-1,1,1,-1,1,-1,1,-1,1,-1,-1,1,-1,-1,-1,-1,1,-1,-1,-1,-1,-1,1,0.0,-66.24505710405639,1
370,1,1,1,1,1,-1,-1,-1,1,1,-1,1,1,1,1,1,-1,1,1,-1,-1,-1,1,-1,-1,1,-1,-1,1,-1,1,1,1,-1,1,1,1,1,1,-1,0.0,-66.06067948617753,1
371,-1,-1,-1,-1,1,-1,1,1,-1,1,1,-1,-1,-1,1,-1,1,-1,-1,-1,1,1,-1,1,1,-1,1,1,-1,1,-1,-1,-1,1,-1,1,-1,-1,-1,1,0.0,-65.72004479684779,1
372,1,-1,1,-1,-1,1,-1,-1,1,-1,-1,1,1,1,1,1,-1,1,1,1,-1,-1,1,1,-1,1,-1,-1,1,-1,-1,-1,1,-1,1,-1,1,-1,1,-1,0.0,-65.70392970236004,1
373,1,-1,1,1,-1,1,1,1,1,-1,-1,1,1,1,1,1,-1,1,1,-1,1,1,-1,1,-1,1,-1,-1,1,-1,1,1,1,-1,1,-1,1,1,1,-1,0.0,-65.67856232137224,1
374,1,1,1,-1,1,-1,-1,-1,-1,-1,-1,1,1,1,-1,-1,1,-1,1,1,-1,-1,1,-1,1,1,-1,-1,1,-1,-1,1,-1,1,1,1,1,-1,-1,1,0.0,-65.57807360994136,1
375,-1,-1,1,-1,-1,1,-1,1,1,-1,1,-1,-1,-1,-1,-1,1,-1,-1,-1,1,1,-1,1,1,1,1,1,-1,1,-1,-1,-1,1,1,-1,1,-1,-1,1,0.0,-65.40875368367338,1
376,-1,-1,1,-1,-1,1,-1,-1,-1,-1,1,-1,1,1,-1,-1,1,-1,1,1,1,1,-1,1,1,-1,-1,-1,1,1,-1,-1,-1,1,1,-1,1,-1,-1,1,0.0,-65.39451068819287,1
377,1,-1,-1,-1,1,1,1,1,-1,1,-1,1,1,1,-1,-1,1,-1,1,1,-1,-1,-1,1,-1,1,-1,-1,1,-1,-1,-1,-1,1,-1,1,-1,-1,-1,1,0.0,-65.34838770414959,1
378,-1,-1,1,1,-1,1,1,-1,1,-1,1,-1,1,1,1,1,-1,1,1,1,1,1,-1,1,-1,-1,-1,-1,1,-1,1,1,1,-1,1,-1,1,1,1,-1,0.0,-65.14235163453603,1
379,-1,1,-1,1,1,-1,-1,-1,-1,1,1,-1,1,1,-1,-1,1,-1,-1,1,1,1,1,-1,1,-1,-1,1,-1,1,1,1,-1,1,-1,1,-1,1,-1,1,0.0,-65.06759621540161,1
380,1,-1,-1,1,1,1,1,1,1,-1,-1,1,1,1,-1,-1,1,-1,1,1,-1,1,-1,1,-1,1,-1,-1,1,-1,-1,-1,1,1,-1,-1,-1,1,-1,1,0.0,-65.04574495675037,1
381,-1,1,-1,-1,1,-1,1,1,-1,1,1,-1,-1,-1,1,1,-1,1,-1,-1,1,-1,-1,-1,1,-1,1,1,-1,1,1,1,1,-1,-1,1,-1,-1,1,-1,0.0,-64.98652468162412,1
382,1,1,1,1,1,-1,-1,-1,-1,1,-1,1,1,1,1,1,-1,1,1,1,-1,1,1,-1,1,1,-1,-1,1,-1,1,1,-1,-1,1,1,1,1,1,-1,0.0,-64.81232612392166,1
383,1,-1,1,-1,1,-1,-1,-1,-1,1,-1,1,1,1,-1,-1,1,-1,1,1,-1,1,-1,1,1,1,-1,-1,1,-1,-1,1,-1,1,1,1,-1,-1,-1,1,0.0,-64.7795965820364,1
384,1,-1,-1,1,-1,1,-1,1,1,-1,-1,1,1,1,-1,-1,1,-1,1,1,-1,-1,-1,1,-1,1,-1,-1,1,-1,-1,-1,1,1,-1,-1,-1,1,-1,1,0.0,-64.57726099464598,1
385,1,1,-1,1,-1,1,1,1,1,-1,-1,1,1,1,1,1,-1,-1,1,1,-1,1,-1,-1,-1,1,-1,-1,1,-1,-1,-1,1,-1,-1,-1,-1,1,1,-1,0.0,-64.31667656428063,1
386,1,-1,1,1,-1,1,-1,1,-1,-1,-1,1,-1,-1,-1,-1,1,1,-1,-1,-1,-1,-1,1,-1,1,1,1,-1,1,-1,-1,-1,1,1,-1,1,1,-1,1,0.0,-64.25788857527941,1
387,-1,-1,-1,1,-1,1,1,1,1,-1,1,-1,-1,-1,-1,-1,1,-1,-1,-1,1,1,-1,1,-1,-1,1,1,-1,1,-1,-1,1,1,-1,-1,-1,1,-1,1,0.0,-64.18470823282232,1
388,1,1,-1,1,-1,1,1,1,1,-1,-1,1,1,1,1,1,-1,1,-1,1,-1,1,1,-1,-1,1,-1,-1,1,-1,-1,-1,1,-1,-1,-1,-1,1,1,-1,0.0,-64.06653152892403,1
389,1,-1,-1,-1,-1,-1,1,1,1,-1,-1,1,1,1,-1,-1,1,-1,1,-1,-1,1,1,1,-1,1,-1,-1,1,-1,-1,-1,-1,1,-1,-1,-1,-1,-1,1,0.0,-64.01311886395591,1
390,-1,-1,-1,-1,1,-1,-1,-1,-1,1,1,-1,1,-1,-1,-1,1,-1,-1,1,1,1,-1,1,1,-1,-1,1,-1,1,1,1,-1,1,-1,1,-1,-1,-1,1,0.0,-63.894855521749264,1
391,-1,1,1,-1,1,-1,-1,-1,-1,1,-1,1,1,1,1,1,-1,1,1,-1,-1,-1,1,-1,1,-1,-1,-1,1,-1,1,1,1,-1,1,1,1,-1,1,-1,0.0,-63.73154184171658,1
392,1,-1,-1,-1,-1,-1,1,1,1,-1,-1,1,1,1,1,-1,1,-1,1,1,-1,-1,-1,1,-1,1,-1,-1,1,-1,-1,-1,1,-1,-1,-1,-1,-1,-1,1,0.0,-63.063354234000485,1
393,-1,1,1,1,-1,1,-1,-1,1,-1,1,-1,-1,-1,-1,-1,1,-1,-1,-1,1,1,1,-1,1,-1,1,1,-1,1,-1,-1,-1,-1,1,-1,1,1,-1,1,0.025,-64.96256691198565,1
394,-1,-1,1,1,-1,-1,-1,-1,-1,-1,1,-1,1,1,-1,-1,1,-1,1,1,1,1,-1,1,1,-1,-1,-1,1,1,-1,-1,-1,1,1,-1,1,1,-1,1,0.0,-62.10230266511343,1
395,-1,1,-1,-1,1,-1,1,1,-1,1,1,-1,-1,-1,-1,-1,1,-1,-1,-1,1,1,1,-1,1,-1,1,1,-1,1,-1,-1,-1,1,-1,1,-1,-1,1,1,0.0,-61.930959443883005,1
396,1,-1,-1,1,-1,1,1,1,-1,1,-1,1,1,1,1,1,-1,1,1,1,-1,-1,-1,1,-1,1,-1,-1,1,-1,-1,-1,1,-1,-1,-1,-1,1,1,-1,0.0,-61.13654344194869,1
397,-1,1,1,-1,1,-1,-1,-1,-1,1,1,-1,-1,-1,1,1,-1,1,-1,-1,1,1,1,-1,1,-1,1,1,-1,1,1,1,1,-1,1,1,1,-1,1,-1,0.025,-71.74983555860992,1
398,-1,-1,1,1,1,-1,-1,-1,1,1,1,-1,-1,-1,-1,-1,-1,1,-1,-1,1,1,-1,1,1,-1,1,1,-1,1,-1,-1,-1,1,1,1,1,1,-1,-1,0.0,-57.78249926301902,1
