,2,3,4,5,6,7,8,9,10,11,12,13,14,15,16,17,18,19,20,21,26,27,28,29,30,31,32,33,34,35,36,37,38,39,40,41,42,43,44,45,chain_break_fraction,energy,num_occurrences
0,-1,-1,-1,1,-1,1,1,1,1,1,-1,1,1,1,1,-1,1,1,-1,1,-1,-1,1,-1,1,1,1,-1,1,-1,-1,1,1,-1,-1,-1,-1,-1,1,1,0.0,-85.47153612917131,51
1,1,1,1,-1,1,-1,-1,-1,-1,-1,1,-1,-1,-1,-1,1,-1,-1,1,-1,1,1,-1,1,-1,-1,-1,1,-1,1,1,-1,-1,1,1,1,1,1,-1,-1,0.0,-85.47153612917131,207
2,1,1,1,-1,1,-1,-1,-1,-1,-1,1,-1,-1,-1,-1,1,-1,1,1,-1,1,1,-1,1,-1,-1,-1,1,-1,1,1,-1,-1,1,1,1,1,1,-1,-1,0.0,-84.73511825382967,96
3,-1,-1,-1,1,-1,1,1,1,1,1,-1,1,1,1,1,-1,1,-1,-1,1,-1,-1,1,-1,1,1,1,-1,1,-1,-1,1,1,-1,-1,-1,-1,-1,1,1,0.0,-84.73511825382967,7
4,-1,-1,-1,1,-1,1,1,1,1,1,-1,1,1,1,1,-1,1,1,-1,1,-1,-1,1,-1,1,1,1,1,1,-1,-1,1,1,-1,-1,-1,-1,-1,1,1,0.0,-84.52717428632516,53
5,1,1,1,-1,1,-1,-1,-1,-1,-1,1,-1,-1,-1,-1,1,-1,-1,1,-1,1,1,-1,1,-1,-1,-1,-1,-1,1,1,-1,-1,1,1,1,1,1,-1,-1,0.0,-84.52717428632516,28
6,-1,-1,-1,-1,-1,1,1,1,1,1,-1,1,1,1,1,-1,1,1,-1,1,-1,-1,1,-1,1,1,1,-1,1,-1,-1,1,1,-1,-1,-1,1,-1,1,1,0.0,-84.03852722477808,10
7,1,1,1,1,1,-1,-1,-1,-1,-1,1,-1,-1,-1,-1,1,-1,-1,1,-1,1,1,-1,1,-1,-1,-1,1,-1,1,1,-1,-1,1,1,1,-1,1,-1,-1,0.0,-84.03852722477808,38
8,-1,-1,-1,1,-1,1,1,1,1,1,-1,1,1,1,1,-1,1,-1,-1,1,-1,-1,1,-1,1,1,1,1,1,-1,-1,1,1,-1,-1,-1,-1,-1,1,1,0.0,-83.79075641098353,13
9,1,1,1,-1,1,-1,-1,-1,-1,-1,1,-1,-1,-1,-1,1,-1,1,1,-1,1,1,-1,1,-1,-1,-1,-1,-1,1,1,-1,-1,1,1,1,1,1,-1,-1,0.0,-83.79075641098353,13
10,-1,-1,-1,-1,-1,1,1,1,1,1,-1,1,1,1,1,-1,1,-1,-1,1,-1,-1,1,-1,1,1,1,-1,1,-1,-1,1,1,-1,-1,-1,1,-1,1,1,0.0,-83.30210934943646,3
11,1,1,1,1,1,-1,-1,-1,-1,-1,1,-1,-1,-1,-1,1,-1,1,1,-1,1,1,-1,1,-1,-1,-1,1,-1,1,1,-1,-1,1,1,1,-1,1,-1,-1,0.0,-83.30210934943646,19
12,-1,-1,-1,-1,-1,1,1,1,1,1,-1,1,1,1,1,-1,1,1,-1,1,-1,-1,1,-1,1,1,1,1,1,-1,-1,1,1,-1,-1,-1,1,-1,1,1,0.0,-83.09416538193194,20
13,1,1,1,1,1,-1,-1,-1,-1,-1,1,-1,-1,-1,-1,1,-1,-1,1,-1,1,1,-1,1,-1,-1,-1,-1,-1,1,1,-1,-1,1,1,1,-1,1,-1,-1,0.0,-83.09416538193194,9
14,1,1,-1,1,1,-1,-1,-1,-1,-1,1,-1,-1,-1,-1,1,-1,-1,1,-1,1,1,-1,1,-1,-1,-1,1,-1,1,1,-1,-1,1,1,1,-1,1,-1,-1,0.0,-82.66481939724335,2
15,-1,-1,1,-1,-1,1,1,1,1,1,-1,1,1,1,1,-1,1,1,-1,1,-1,-1,1,-1,1,1,1,-1,1,-1,-1,1,1,-1,-1,-1,1,-1,1,1,0.0,-82.66481939724335,6
16,1,1,1,-1,1,-1,-1,-1,-1,-1,1,-1,-1,-1,-1,1,-1,-1,1,-1,1,1,-1,1,-1,-1,-1,1,-1,1,1,-1,-1,1,1,1,-1,1,-1,-1,0.0,-82.62044236096443,4
17,-1,-1,-1,-1,-1,1,1,1,1,1,-1,1,1,1,1,-1,1,1,-1,1,-1,-1,1,-1,1,1,1,-1,1,-1,-1,1,1,-1,-1,-1,-1,-1,1,1,0.0,-82.58491221657363,3
18,1,1,1,1,1,-1,-1,-1,-1,-1,1,-1,-1,-1,-1,1,-1,-1,1,-1,1,1,-1,1,-1,-1,-1,1,-1,1,1,-1,-1,1,1,1,1,1,-1,-1,0.0,-82.58491221657363,4
19,-1,-1,-1,1,-1,1,1,1,1,1,-1,1,1,1,-1,-1,1,1,-1,1,-1,-1,1,-1,1,1,1,-1,1,-1,-1,1,1,-1,-1,-1,-1,-1,1,1,0.0,-82.50446794194838,3
20,-1,-1,-1,1,-1,1,1,1,1,1,-1,1,1,1,1,-1,1,1,-1,1,-1,-1,-1,-1,1,1,1,-1,1,-1,-1,1,1,-1,-1,-1,-1,-1,1,1,0.0,-82.38788908300444,4
21,1,1,1,-1,1,-1,-1,-1,-1,-1,1,-1,-1,-1,-1,1,-1,-1,1,-1,1,1,1,1,-1,-1,-1,1,-1,1,1,-1,-1,1,1,1,1,1,-1,-1,0.0,-82.38788908300444,10
22,-1,-1,-1,-1,-1,1,1,1,1,1,-1,1,1,1,1,-1,1,-1,-1,1,-1,-1,1,-1,1,1,1,1,1,-1,-1,1,1,-1,-1,-1,1,-1,1,1,0.0,-82.35774750659033,3
23,1,1,1,1,1,-1,-1,-1,-1,-1,1,-1,-1,-1,-1,1,-1,1,1,-1,1,1,-1,1,-1,-1,-1,-1,-1,1,1,-1,-1,1,1,1,-1,1,-1,-1,0.0,-82.35774750659033,3
24,1,1,-1,1,1,-1,-1,-1,-1,-1,1,-1,-1,-1,-1,1,-1,1,1,-1,1,1,-1,1,-1,-1,-1,1,-1,1,1,-1,-1,1,1,1,-1,1,-1,-1,0.0,-81.92840152190172,3
25,-1,-1,1,-1,-1,1,1,1,1,1,-1,1,1,1,1,-1,1,-1,-1,1,-1,-1,1,-1,1,1,1,-1,1,-1,-1,1,1,-1,-1,-1,1,-1,1,1,0.0,-81.92840152190172,1
26,1,1,1,-1,1,-1,-1,-1,-1,-1,1,-1,-1,-1,-1,1,1,-1,1,-1,1,1,-1,1,-1,-1,-1,1,-1,1,1,-1,-1,1,1,1,1,1,-1,-1,0.0,-81.926706264354,3
27,1,1,1,-1,1,-1,-1,-1,-1,-1,1,-1,-1,-1,-1,1,-1,1,1,-1,1,1,-1,1,-1,-1,-1,1,-1,1,1,-1,-1,1,1,1,-1,1,-1,-1,0.0,-81.88402448562279,3
28,1,1,1,1,1,-1,-1,-1,-1,-1,1,-1,-1,-1,-1,1,-1,1,1,-1,1,1,-1,1,-1,-1,-1,1,-1,1,1,-1,-1,1,1,1,1,1,-1,-1,0.0,-81.84849434123198,2
29,1,1,1,-1,1,-1,-1,-1,-1,-1,1,-1,-1,-1,1,1,-1,1,1,-1,1,1,-1,1,-1,-1,-1,1,-1,1,1,-1,-1,1,1,1,1,1,-1,-1,0.0,-81.76805006660675,2
30,-1,-1,1,-1,1,-1,-1,-1,-1,-1,1,-1,-1,-1,-1,1,-1,-1,1,-1,1,1,-1,1,-1,1,-1,1,-1,1,1,-1,-1,1,1,1,1,1,-1,-1,0.0,-81.71578082667693,12
31,1,1,1,-1,1,-1,-1,-1,-1,-1,1,-1,-1,-1,-1,1,-1,1,1,-1,1,1,1,1,-1,-1,-1,1,-1,1,1,-1,-1,1,1,1,1,1,-1,-1,0.0,-81.6514712076628,1
32,-1,-1,-1,-1,-1,1,1,1,1,1,-1,1,1,1,1,-1,1,1,-1,1,-1,-1,1,-1,1,1,1,1,1,-1,-1,1,1,-1,-1,-1,-1,-1,1,1,0.0,-81.64055037372748,2
33,-1,-1,1,-1,-1,1,1,1,1,1,-1,1,1,1,1,-1,1,1,-1,1,-1,-1,1,-1,1,1,1,-1,1,-1,-1,1,1,-1,-1,-1,-1,-1,1,1,0.0,-81.60553931150446,2
34,-1,-1,-1,1,-1,1,1,1,1,1,-1,-1,1,1,1,-1,1,1,-1,1,-1,-1,-1,-1,1,1,1,-1,1,-1,-1,1,1,-1,-1,-1,-1,-1,1,1,0.0,-81.49438492343376,4
35,1,1,1,-1,1,-1,-1,-1,-1,-1,1,1,-1,-1,-1,1,-1,-1,1,-1,1,1,1,1,-1,-1,-1,1,-1,1,1,-1,-1,1,1,1,1,1,-1,-1,0.0,-81.49438492343376,8
36,-1,-1,-1,1,-1,1,1,1,1,1,-1,1,1,1,-1,-1,1,-1,-1,1,-1,-1,1,-1,1,1,1,-1,1,1,-1,1,1,-1,-1,-1,-1,-1,1,1,0.0,-81.39405466316717,2
37,1,1,1,-1,1,-1,-1,-1,-1,-1,1,-1,-1,-1,1,1,-1,1,1,-1,1,1,-1,1,-1,-1,-1,1,-1,-1,1,-1,-1,1,1,1,1,1,-1,-1,0.0,-81.39405466316717,3
38,1,1,-1,1,-1,1,1,1,1,1,-1,-1,1,1,1,-1,1,1,-1,1,-1,-1,1,1,1,-1,1,-1,1,-1,-1,1,1,-1,-1,-1,-1,-1,1,1,0.0,-81.34361200444448,2
39,-1,-1,1,-1,1,-1,-1,-1,-1,-1,1,1,-1,-1,-1,1,-1,-1,1,-1,1,1,-1,-1,-1,1,-1,1,-1,1,1,-1,-1,1,1,1,1,1,-1,-1,0.0,-81.34361200444447,18
40,-1,-1,1,-1,1,-1,-1,-1,-1,-1,1,1,-1,-1,-1,1,-1,-1,1,-1,1,1,1,-1,-1,1,-1,1,-1,1,1,-1,-1,1,1,1,1,1,-1,-1,0.0,-81.04733269670655,21
41,1,1,-1,1,-1,1,1,1,1,1,-1,-1,1,1,1,-1,1,1,-1,1,-1,-1,-1,1,1,-1,1,-1,1,-1,-1,1,1,-1,-1,-1,-1,-1,1,1,0.0,-81.04733269670655,1
42,-1,-1,1,-1,1,-1,-1,-1,-1,-1,1,-1,-1,-1,-1,1,-1,1,1,-1,1,1,-1,1,-1,1,-1,1,-1,1,1,-1,-1,1,1,1,1,1,-1,-1,0.0,-80.97936295133529,8
43,1,1,1,-1,1,-1,-1,-1,-1,-1,1,-1,-1,-1,-1,1,-1,-1,1,-1,1,1,-1,1,-1,-1,-1,1,-1,1,1,-1,1,1,1,1,1,1,-1,-1,0.0,-80.86216947788435,3
44,-1,-1,1,-1,1,-1,-1,-1,-1,-1,1,-1,-1,-1,-1,1,-1,-1,1,-1,1,1,-1,-1,-1,1,-1,1,-1,1,1,-1,-1,1,1,1,1,1,-1,-1,0.0,-80.8499347617279,4
45,-1,-1,1,-1,1,-1,-1,-1,-1,-1,-1,1,1,-1,-1,1,-1,-1,1,-1,-1,-1,1,-1,-1,1,-1,-1,-1,1,1,-1,-1,1,1,1,1,1,-1,-1,0.0,-80.78421386630254,20
46,1,1,-1,1,-1,1,1,1,1,1,1,-1,-1,1,1,-1,1,1,-1,1,1,1,-1,1,1,-1,1,1,1,-1,-1,1,1,-1,-1,-1,-1,-1,1,1,0.0,-80.78421386630254,4
47,1,1,-1,1,-1,1,1,1,1,1,-1,1,1,1,1,-1,1,1,-1,1,-1,-1,1,-1,1,-1,1,1,1,-1,-1,1,1,-1,-1,-1,-1,-1,1,1,0.0,-80.77141898383076,1
48,-1,-1,1,-1,1,-1,-1,-1,-1,-1,1,-1,-1,-1,-1,1,-1,-1,1,-1,1,1,-1,1,-1,1,-1,-1,-1,1,1,-1,-1,1,1,1,1,1,-1,-1,0.0,-80.77141898383076,1
49,1,1,1,-1,1,-1,-1,-1,-1,-1,1,1,-1,-1,-1,1,-1,1,1,-1,1,1,1,1,-1,-1,-1,1,-1,1,1,-1,-1,1,1,1,1,1,-1,-1,0.0,-80.75796704809211,3
50,-1,-1,-1,1,-1,1,1,1,1,1,-1,-1,1,1,1,-1,1,-1,-1,1,-1,-1,-1,-1,1,1,1,-1,1,-1,-1,1,1,-1,-1,-1,-1,-1,1,1,0.0,-80.75796704809211,4
51,-1,-1,-1,1,-1,1,1,1,1,1,-1,1,1,-1,-1,-1,1,-1,1,-1,-1,-1,1,-1,1,1,-1,1,1,1,-1,1,1,-1,-1,-1,-1,-1,1,1,0.0,-80.71275420830955,5
52,1,1,1,-1,1,-1,-1,-1,-1,-1,1,-1,-1,1,1,1,-1,1,-1,1,1,1,-1,1,-1,-1,1,-1,-1,-1,1,-1,-1,1,1,1,1,1,-1,-1,0.0,-80.71275420830955,2
53,-1,-1,1,-1,-1,1,1,1,1,1,-1,1,1,1,1,-1,1,1,-1,1,-1,-1,1,-1,1,1,1,1,1,-1,-1,1,1,-1,-1,-1,-1,-1,1,1,0.0,-80.66117746865831,1
54,-1,-1,1,-1,1,-1,-1,-1,-1,-1,1,1,-1,-1,-1,1,-1,1,1,-1,1,1,-1,-1,-1,1,-1,1,-1,1,1,-1,-1,1,1,1,1,1,-1,-1,0.0,-80.60719412910284,14
55,1,1,-1,1,-1,1,1,1,1,1,-1,-1,1,1,1,-1,1,-1,-1,1,-1,-1,1,1,1,-1,1,-1,1,-1,-1,1,1,-1,-1,-1,-1,-1,1,1,0.0,-80.60719412910284,1
56,-1,-1,-1,1,-1,1,1,1,1,1,-1,1,1,1,1,-1,1,1,1,1,-1,-1,1,-1,1,1,1,-1,1,-1,-1,1,1,-1,-1,-1,-1,-1,1,1,0.0,-80.4852941628298,1
57,-1,-1,1,-1,1,-1,-1,-1,-1,-1,1,1,-1,-1,-1,1,-1,1,1,-1,1,1,1,-1,-1,1,-1,1,-1,1,1,-1,-1,1,1,1,1,1,-1,-1,0.0,-80.31091482136492,11
58,1,1,-1,1,-1,1,1,1,1,1,-1,-1,1,1,1,-1,1,-1,-1,1,-1,-1,-1,1,1,-1,1,-1,1,-1,-1,1,1,-1,-1,-1,-1,-1,1,1,0.0,-80.31091482136492,1
59,-1,-1,1,1,1,-1,-1,-1,-1,-1,1,-1,-1,-1,-1,1,-1,-1,1,-1,1,1,-1,1,-1,1,-1,1,-1,1,1,-1,-1,1,1,1,-1,1,-1,-1,0.0,-80.2827719222837,4
60,1,1,1,-1,1,-1,-1,-1,-1,-1,1,-1,-1,-1,-1,1,-1,1,1,-1,1,1,-1,1,-1,-1,-1,1,-1,1,1,-1,-1,1,1,1,1,1,1,-1,0.0,-80.16595899211849,2
61,-1,-1,-1,-1,-1,1,1,1,1,1,-1,1,1,1,-1,-1,1,1,-1,1,-1,-1,1,-1,1,1,1,1,1,-1,-1,1,1,-1,-1,-1,1,-1,1,1,0.0,-80.12709719470902,1
62,1,1,1,-1,1,-1,-1,-1,-1,-1,1,-1,-1,-1,-1,1,-1,1,1,-1,1,1,-1,1,-1,-1,-1,1,-1,1,1,-1,1,1,1,1,1,1,-1,-1,0.0,-80.12575160254272,2
63,-1,-1,1,-1,1,-1,-1,-1,-1,-1,1,-1,-1,-1,-1,1,-1,1,1,-1,1,1,-1,-1,-1,1,-1,1,-1,1,1,-1,-1,1,1,1,1,1,-1,-1,0.0,-80.11351688638626,2
64,1,1,1,-1,1,-1,-1,-1,-1,-1,1,-1,-1,-1,-1,1,-1,-1,1,-1,1,1,-1,1,-1,-1,-1,1,-1,1,1,-1,-1,1,1,-1,1,1,-1,-1,0.0,-80.09544862482801,9
65,-1,-1,-1,1,-1,1,1,1,1,1,-1,1,1,1,1,-1,1,1,-1,1,-1,-1,1,-1,1,1,1,-1,1,-1,-1,1,1,-1,-1,1,-1,-1,1,1,0.0,-80.095448624828,2
66,-1,-1,-1,-1,-1,1,1,1,1,1,-1,-1,1,1,1,-1,1,1,-1,1,-1,-1,-1,-1,1,1,1,-1,1,-1,-1,1,1,-1,-1,-1,1,-1,1,1,0.0,-80.06137601904052,4
67,-1,-1,1,-1,1,-1,-1,-1,-1,-1,-1,1,1,-1,-1,1,-1,1,1,-1,-1,-1,1,-1,-1,1,-1,-1,-1,1,1,-1,-1,1,1,1,1,1,-1,-1,0.0,-80.04779599096089,4
68,1,1,-1,1,-1,1,1,1,1,1,1,-1,-1,1,1,-1,1,-1,-1,1,1,1,-1,1,1,-1,1,1,1,-1,-1,1,1,-1,-1,-1,-1,-1,1,1,0.0,-80.04779599096089,2
69,-1,-1,1,-1,1,-1,-1,-1,-1,-1,1,-1,-1,-1,-1,1,-1,1,1,-1,1,1,-1,1,-1,1,-1,-1,-1,1,1,-1,-1,1,1,1,1,1,-1,-1,0.0,-80.03500110848914,1
70,1,1,1,1,1,-1,-1,-1,-1,-1,1,-1,-1,-1,1,1,-1,1,1,-1,1,1,-1,1,-1,-1,-1,1,-1,-1,1,-1,-1,1,1,1,-1,1,-1,-1,0.0,-79.96104575877396,2
71,1,1,1,-1,1,-1,-1,-1,-1,-1,1,-1,-1,-1,-1,1,-1,-1,1,-1,1,1,-1,1,-1,1,-1,-1,-1,1,1,-1,-1,1,1,1,1,1,-1,-1,0.0,-79.95766687121227,1
72,-1,-1,-1,1,-1,1,1,1,1,1,-1,1,1,1,1,-1,1,1,-1,1,-1,-1,1,-1,1,1,1,1,1,-1,-1,1,-1,-1,-1,-1,-1,-1,1,1,0.0,-79.9178076350382,1
73,1,1,1,-1,1,-1,-1,-1,-1,-1,1,-1,-1,-1,-1,1,-1,-1,1,-1,1,1,-1,1,-1,-1,-1,-1,-1,1,1,-1,1,1,1,1,1,1,-1,-1,0.0,-79.9178076350382,1
74,1,1,-1,-1,-1,1,1,1,1,1,-1,-1,1,1,1,-1,1,1,-1,1,-1,-1,1,1,1,-1,1,-1,1,-1,-1,1,1,-1,-1,-1,1,-1,1,1,0.0,-79.91060310005125,2
75,-1,-1,1,1,1,-1,-1,-1,-1,-1,1,1,-1,-1,-1,1,-1,-1,1,-1,1,1,-1,-1,-1,1,-1,1,-1,1,1,-1,-1,1,1,1,-1,1,-1,-1,0.0,-79.91060310005125,3
76,-1,-1,1,-1,1,-1,-1,-1,-1,-1,1,-1,-1,-1,-1,1,-1,-1,1,-1,1,1,-1,-1,-1,1,-1,-1,-1,1,1,-1,-1,1,1,1,1,1,-1,-1,0.0,-79.90557291888175,1
77,-1,-1,1,-1,-1,1,1,1,1,1,-1,1,1,1,1,-1,1,1,-1,1,-1,-1,1,-1,1,1,1,-1,1,-1,-1,1,1,-1,1,-1,1,-1,1,1,0.0,-79.86083510112744,2
78,1,1,-1,1,1,-1,-1,-1,-1,-1,1,-1,-1,-1,-1,1,-1,-1,1,-1,1,1,-1,1,-1,-1,-1,1,-1,1,1,-1,-1,1,-1,1,-1,1,-1,-1,0.0,-79.86083510112742,1
79,-1,-1,-1,1,-1,1,1,1,1,1,-1,1,1,-1,1,-1,1,-1,1,-1,-1,-1,1,-1,1,1,-1,1,1,1,-1,1,1,-1,-1,-1,-1,-1,1,1,0.0,-79.7411877356733,1
80,1,1,-1,-1,-1,1,1,1,1,1,-1,-1,1,1,1,-1,1,1,-1,1,-1,-1,-1,1,1,-1,1,-1,1,-1,-1,1,1,-1,-1,-1,1,-1,1,1,0.0,-79.61432379231334,1
81,-1,-1,1,1,1,-1,-1,-1,-1,-1,1,1,-1,-1,-1,1,-1,-1,1,-1,1,1,1,-1,-1,1,-1,1,-1,1,1,-1,-1,1,1,1,-1,1,-1,-1,0.0,-79.61432379231334,7
82,-1,-1,1,-1,1,-1,-1,-1,-1,-1,-1,1,1,-1,-1,1,1,-1,1,-1,-1,-1,1,-1,-1,1,-1,-1,1,1,1,-1,-1,1,1,1,1,1,-1,-1,0.0,-79.578874905006,2
83,-1,-1,1,1,1,-1,-1,-1,-1,-1,1,-1,-1,-1,-1,1,-1,1,1,-1,1,1,-1,1,-1,1,-1,1,-1,1,1,-1,-1,1,1,1,-1,1,-1,-1,0.0,-79.54635404694207,1
84,1,1,1,-1,1,-1,-1,-1,-1,-1,1,1,-1,-1,-1,1,-1,-1,1,-1,1,1,-1,1,-1,-1,-1,1,-1,1,1,-1,-1,1,1,1,1,1,-1,-1,0.0,-79.49906215818811,1
85,-1,-1,1,1,1,-1,-1,-1,-1,-1,1,-1,-1,-1,-1,1,-1,-1,1,-1,1,1,-1,-1,-1,1,-1,1,-1,1,1,-1,-1,1,1,1,-1,1,-1,-1,0.0,-79.41692585733466,1
86,1,1,1,1,1,-1,-1,-1,-1,-1,1,-1,-1,-1,1,1,-1,1,1,-1,1,1,-1,1,-1,-1,-1,-1,-1,1,1,-1,-1,1,1,1,-1,1,-1,-1,0.0,-79.39067931936742,1
87,1,1,1,-1,1,-1,-1,-1,-1,-1,1,-1,-1,-1,-1,1,-1,1,1,-1,1,1,-1,1,-1,-1,-1,1,-1,1,1,-1,-1,1,1,-1,1,1,-1,-1,0.0,-79.35903074948638,1
88,-1,-1,1,1,1,-1,-1,-1,-1,-1,-1,1,1,-1,-1,1,-1,-1,1,-1,-1,-1,1,-1,-1,1,-1,-1,-1,1,1,-1,-1,1,1,1,-1,1,-1,-1,0.0,-79.3512049619093,2
89,1,1,1,1,1,-1,-1,-1,-1,-1,1,1,-1,-1,-1,1,-1,1,1,-1,1,1,1,1,-1,-1,-1,1,-1,1,1,-1,-1,1,1,1,-1,1,-1,-1,0.0,-79.32495814369891,1
90,1,1,1,1,1,-1,-1,-1,-1,-1,1,-1,-1,1,1,1,-1,1,-1,1,1,1,-1,1,-1,-1,1,-1,-1,-1,1,-1,-1,1,1,1,-1,1,-1,-1,0.0,-79.27974530391631,1
91,-1,-1,-1,1,-1,1,1,1,1,1,-1,-1,1,1,1,-1,1,1,-1,1,-1,-1,-1,-1,1,1,1,1,1,-1,-1,1,1,-1,-1,-1,-1,-1,1,1,0.0,-79.26792634818007,1
92,-1,-1,1,1,1,-1,-1,-1,-1,-1,1,1,-1,-1,-1,1,-1,1,1,-1,1,1,-1,-1,-1,1,-1,1,-1,1,1,-1,-1,1,1,1,-1,1,-1,-1,0.0,-79.17418522470963,5
93,1,1,1,-1,1,-1,-1,-1,-1,-1,1,-1,-1,-1,-1,1,-1,-1,1,-1,1,1,-1,1,-1,-1,-1,-1,-1,1,1,-1,-1,1,1,-1,1,1,-1,-1,0.0,-79.15108678198186,2
94,-1,-1,-1,1,-1,1,1,1,1,1,-1,1,1,1,1,-1,1,1,-1,1,-1,-1,1,-1,1,1,1,1,1,-1,-1,1,1,-1,-1,1,-1,-1,1,1,0.0,-79.15108678198186,1
95,-1,-1,1,-1,1,-1,-1,-1,-1,-1,1,1,1,-1,-1,1,-1,-1,1,-1,-1,-1,-1,-1,-1,1,-1,1,-1,1,1,-1,-1,1,1,1,1,1,-1,-1,0.0,-78.97532735110781,5
96,-1,-1,1,-1,1,-1,-1,-1,-1,-1,1,-1,-1,-1,-1,1,-1,-1,1,-1,1,1,-1,1,-1,1,-1,1,-1,1,1,-1,-1,1,1,1,-1,1,-1,-1,0.0,-78.86468705847003,1
97,-1,-1,1,-1,1,-1,-1,-1,-1,-1,1,1,-1,-1,-1,1,-1,-1,1,-1,1,1,1,-1,-1,1,-1,-1,-1,1,1,-1,-1,1,1,1,1,1,-1,-1,0.0,-78.82087412145285,2
98,1,1,-1,1,1,-1,-1,-1,-1,-1,1,-1,-1,-1,-1,1,-1,-1,1,-1,1,1,-1,1,-1,-1,-1,1,-1,1,1,-1,-1,1,-1,1,1,1,-1,-1,0.0,-78.80155501538854,1
99,-1,-1,1,-1,1,-1,-1,-1,-1,-1,1,-1,-1,-1,1,1,-1,-1,1,-1,1,1,-1,1,-1,1,-1,1,-1,1,1,-1,-1,1,1,1,1,1,-1,-1,0.0,-78.748712639454,1
100,-1,1,1,-1,1,-1,-1,-1,-1,-1,1,-1,-1,-1,-1,1,-1,1,1,-1,1,1,-1,1,-1,1,-1,1,-1,1,1,-1,-1,1,1,1,1,1,-1,-1,0.0,-78.74494284495748,1
101,-1,-1,1,-1,1,-1,-1,-1,-1,-1,-1,1,1,-1,-1,1,-1,-1,1,-1,-1,-1,1,-1,-1,1,-1,-1,1,1,1,-1,-1,1,1,1,1,1,-1,-1,0.0,-78.69296306327888,2
102,-1,-1,1,-1,-1,1,1,1,1,1,-1,-1,1,1,1,-1,1,1,-1,1,-1,-1,-1,-1,1,1,1,-1,1,-1,-1,1,1,-1,-1,-1,1,-1,1,1,0.0,-78.6876681915058,1
103,-1,-1,1,-1,1,-1,-1,-1,-1,-1,1,1,1,-1,-1,1,-1,-1,1,-1,-1,-1,1,-1,-1,1,-1,1,-1,1,1,-1,-1,1,1,1,1,1,-1,-1,0.0,-78.6790480433699,9
104,1,1,-1,1,-1,1,1,1,1,1,-1,-1,-1,1,1,-1,1,1,-1,1,1,1,-1,1,1,-1,1,-1,1,-1,-1,1,1,-1,-1,-1,-1,-1,1,1,0.0,-78.67904804336989,1
105,-1,-1,-1,1,-1,1,1,1,1,1,-1,-1,1,1,1,-1,1,1,-1,1,-1,-1,-1,-1,1,1,1,-1,1,-1,-1,1,1,-1,-1,-1,1,-1,1,1,0.0,-78.64329115522685,1
106,-1,-1,1,1,1,-1,-1,-1,-1,-1,-1,1,1,-1,-1,1,-1,1,1,-1,-1,-1,1,-1,-1,1,-1,-1,-1,1,1,-1,-1,1,1,1,-1,1,-1,-1,0.0,-78.61478708656766,1
107,1,1,-1,-1,-1,1,1,1,1,1,1,-1,-1,1,1,-1,1,-1,-1,1,1,1,-1,1,1,-1,1,1,1,-1,-1,1,1,-1,-1,-1,1,-1,1,1,0.0,-78.61478708656766,1
108,1,1,-1,1,-1,1,1,1,1,1,-1,-1,-1,1,1,-1,1,1,-1,1,1,1,-1,1,1,-1,1,-1,1,-1,-1,1,1,-1,-1,-1,-1,-1,1,1,0.025,-78.6790480433699,1
109,-1,-1,1,-1,1,-1,-1,-1,-1,-1,1,1,1,-1,-1,1,-1,-1,1,-1,-1,-1,1,-1,-1,1,-1,1,-1,1,1,-1,-1,1,1,1,1,1,-1,-1,0.025,-78.6790480433699,2
110,-1,-1,-1,1,-1,1,1,1,1,1,-1,-1,1,1,1,-1,1,-1,-1,1,-1,-1,-1,-1,1,1,1,1,1,-1,-1,1,1,-1,-1,-1,-1,-1,1,1,0.0,-78.53150847283844,1
111,-1,-1,-1,1,-1,1,1,1,1,1,-1,-1,-1,1,1,-1,1,-1,-1,1,1,1,-1,-1,1,1,1,-1,1,-1,-1,1,1,-1,-1,-1,-1,-1,1,1,0.0,-78.38968239475544,3
112,1,1,1,1,1,-1,-1,-1,-1,-1,1,-1,-1,-1,-1,1,-1,1,1,-1,1,1,-1,1,-1,-1,-1,1,-1,1,1,-1,-1,1,-1,1,-1,1,-1,-1,0.0,-78.34860551614146,1
113,-1,-1,-1,1,-1,1,1,1,1,1,-1,-1,-1,1,1,-1,1,1,-1,1,1,1,-1,-1,1,1,1,1,1,-1,-1,1,1,-1,-1,-1,-1,-1,1,1,0.0,-78.31675850609818,1
114,-1,-1,1,-1,1,-1,-1,-1,-1,-1,1,1,1,-1,-1,1,-1,1,1,-1,-1,-1,-1,-1,-1,1,-1,1,-1,1,1,-1,-1,1,1,1,1,1,-1,-1,0.0,-78.23890947576616,3
115,1,1,-1,1,-1,1,1,1,1,1,-1,-1,-1,1,1,-1,1,1,-1,1,1,1,1,1,1,-1,1,1,1,-1,-1,1,1,-1,-1,-1,-1,-1,1,1,0.0,-78.1659855871089,3
116,-1,-1,1,1,1,-1,-1,-1,-1,-1,-1,1,1,-1,-1,1,1,-1,1,-1,-1,-1,1,-1,-1,1,-1,-1,1,1,1,-1,-1,1,1,1,-1,1,-1,-1,0.0,-78.14586600061277,1
117,-1,-1,1,-1,1,-1,-1,-1,-1,-1,1,1,-1,-1,-1,1,-1,1,1,-1,1,1,1,-1,-1,1,-1,-1,-1,1,1,-1,-1,1,1,1,1,1,-1,-1,0.0,-78.08445624611122,1
118,1,1,-1,1,1,-1,-1,-1,-1,-1,1,-1,-1,-1,-1,1,-1,1,1,-1,1,1,-1,1,-1,-1,-1,1,-1,1,1,-1,-1,1,-1,1,1,1,-1,-1,0.0,-78.06513714004691,1
119,1,1,-1,-1,-1,1,1,1,1,1,1,-1,-1,1,1,-1,1,1,-1,1,1,1,-1,1,1,-1,1,1,1,-1,-1,1,1,-1,-1,-1,-1,-1,1,1,0.0,-77.89758995370482,2
120,-1,-1,1,-1,1,-1,-1,-1,-1,-1,1,1,1,-1,-1,1,-1,-1,1,-1,-1,-1,1,-1,-1,1,-1,-1,-1,1,1,-1,-1,1,1,1,1,1,-1,-1,0.0,-77.869706279371,1
121,1,1,1,-1,1,-1,-1,-1,-1,-1,1,-1,-1,1,1,1,-1,1,-1,1,1,1,-1,1,-1,-1,1,-1,-1,-1,1,-1,-1,1,1,1,-1,1,-1,-1,0.0,-77.86166044010264,1
122,-1,-1,-1,-1,-1,1,1,1,1,1,-1,-1,1,1,1,-1,1,1,-1,1,-1,-1,-1,-1,1,1,1,1,1,-1,-1,1,1,-1,-1,-1,1,-1,1,1,0.0,-77.83491744378685,1
123,-1,-1,-1,-1,-1,1,1,1,1,1,-1,1,1,-1,-1,-1,1,-1,1,-1,-1,-1,1,-1,1,1,-1,1,1,1,-1,1,1,-1,-1,-1,-1,-1,1,1,0.0,-77.82613029571182,1
124,-1,-1,1,-1,1,-1,-1,-1,-1,-1,-1,1,1,-1,1,1,-1,-1,1,-1,-1,-1,1,-1,-1,1,-1,-1,-1,1,1,-1,-1,1,1,1,1,1,-1,-1,0.0,-77.81714567907963,1
125,-1,-1,1,-1,1,-1,-1,-1,-1,-1,1,1,1,-1,-1,1,-1,1,1,-1,-1,-1,1,-1,-1,1,-1,1,-1,1,1,-1,-1,1,1,1,1,1,-1,-1,0.025,-77.94263016802826,2
126,-1,-1,-1,1,-1,1,1,1,1,1,-1,-1,1,1,-1,-1,1,-1,-1,1,-1,-1,-1,-1,1,1,1,-1,1,-1,-1,1,1,-1,-1,-1,-1,-1,1,1,0.0,-77.7908988608692,1
127,-1,-1,1,-1,1,-1,-1,-1,-1,-1,1,1,1,-1,-1,1,-1,-1,1,-1,-1,-1,1,-1,-1,1,-1,-1,-1,1,1,-1,-1,1,1,1,1,1,-1,-1,0.025,-77.869706279371,1
128,-1,-1,1,1,1,-1,-1,-1,-1,-1,1,1,-1,-1,-1,1,-1,1,1,-1,1,1,-1,-1,-1,1,-1,1,-1,1,1,-1,-1,1,1,1,1,1,-1,-1,0.0,-77.72057021650515,1
129,-1,-1,1,1,1,-1,-1,-1,-1,-1,1,1,1,-1,-1,1,-1,-1,1,-1,-1,-1,-1,-1,-1,1,-1,1,-1,1,1,-1,-1,1,1,1,-1,1,-1,-1,0.0,-77.54231844671457,2
130,-1,-1,1,-1,1,-1,-1,-1,-1,-1,1,1,-1,-1,-1,1,-1,1,1,-1,1,1,1,-1,-1,1,-1,1,-1,1,1,-1,-1,1,1,1,-1,1,-1,-1,0.0,-77.45982105315801,1
131,-1,-1,1,-1,1,-1,-1,-1,-1,-1,1,1,1,-1,-1,1,-1,1,1,-1,-1,-1,-1,-1,-1,1,-1,-1,-1,1,1,-1,-1,1,1,1,1,1,-1,-1,0.0,-77.42956771176728,1
132,-1,-1,-1,1,-1,1,1,1,-1,1,-1,1,1,1,1,-1,1,1,-1,1,-1,-1,1,-1,1,1,1,-1,1,-1,-1,1,1,-1,-1,-1,-1,-1,1,1,0.0,-77.3425147475219,1
133,-1,-1,1,1,1,-1,-1,-1,-1,-1,1,1,1,-1,-1,1,-1,-1,1,-1,-1,-1,1,-1,-1,1,-1,1,-1,1,1,-1,-1,1,1,1,-1,1,-1,-1,0.0,-77.24603913897664,1
134,-1,-1,1,-1,1,-1,-1,-1,-1,-1,1,-1,-1,-1,-1,1,-1,-1,1,-1,1,1,-1,1,-1,1,-1,1,-1,1,1,-1,1,1,1,1,1,1,-1,-1,0.0,-77.10641417538994,1
135,-1,-1,1,-1,1,-1,-1,-1,-1,-1,-1,1,1,-1,-1,1,-1,1,1,-1,-1,-1,1,-1,-1,1,-1,1,-1,1,1,-1,-1,1,1,1,1,1,-1,-1,0.0,-77.0875977372716,1
136,-1,-1,-1,1,-1,1,1,1,1,1,-1,1,1,1,1,-1,1,1,1,-1,-1,-1,1,-1,1,1,1,-1,1,-1,-1,1,1,-1,-1,-1,-1,-1,1,1,0.0,-76.93860199423898,1
137,1,1,1,-1,1,-1,-1,-1,-1,-1,1,-1,1,-1,-1,1,-1,1,1,-1,1,1,-1,1,-1,-1,-1,-1,-1,1,1,-1,-1,1,1,1,1,1,-1,-1,0.0,-76.8985626336302,1
138,-1,-1,-1,1,-1,1,1,1,1,1,-1,-1,1,1,1,-1,1,1,-1,1,-1,-1,-1,-1,1,1,1,-1,1,-1,-1,1,-1,-1,-1,-1,-1,-1,1,1,0.0,-76.8850182721468,1
139,-1,-1,1,-1,1,-1,-1,-1,-1,-1,1,1,-1,-1,-1,1,-1,-1,1,-1,1,1,-1,-1,-1,1,-1,1,-1,1,1,-1,1,1,1,1,1,1,-1,-1,0.0,-76.73424535315752,1
140,-1,-1,-1,1,-1,1,1,1,-1,1,-1,1,1,1,1,-1,1,-1,-1,1,-1,-1,1,-1,1,1,1,-1,1,-1,-1,1,1,-1,-1,-1,-1,-1,1,1,0.0,-76.60609687218029,1
141,1,1,-1,1,-1,1,1,1,1,1,-1,1,1,-1,1,-1,1,1,-1,1,-1,-1,1,-1,1,-1,1,-1,1,-1,-1,1,1,-1,-1,-1,-1,-1,1,1,0.0,-76.53988950300143,1
142,-1,-1,1,1,1,-1,-1,-1,-1,-1,1,1,1,-1,-1,1,-1,-1,1,-1,-1,-1,1,-1,-1,1,-1,-1,-1,1,1,-1,-1,1,1,1,-1,1,-1,-1,0.025,-76.43669737497777,1
143,1,1,1,-1,1,-1,-1,-1,-1,-1,1,-1,-1,-1,-1,1,-1,1,1,-1,1,1,1,1,-1,-1,-1,1,-1,1,1,-1,-1,1,1,-1,1,1,-1,-1,0.0,-76.27538370331948,1
144,-1,-1,1,1,1,-1,-1,-1,-1,-1,-1,1,1,-1,-1,1,-1,-1,1,-1,-1,-1,-1,-1,-1,1,-1,-1,-1,1,1,-1,-1,1,1,1,-1,1,-1,-1,0.0,-76.2675579157424,1
145,-1,-1,1,-1,1,-1,-1,-1,-1,-1,-1,1,1,-1,-1,1,-1,-1,1,-1,-1,-1,1,-1,-1,1,-1,-1,-1,1,1,-1,1,1,1,1,1,1,-1,-1,0.0,-76.17484721501555,1
146,-1,-1,-1,1,1,-1,-1,-1,-1,-1,1,1,1,-1,-1,1,-1,-1,1,-1,-1,-1,-1,-1,-1,1,-1,1,-1,1,1,-1,-1,1,1,1,-1,1,-1,-1,0.0,-76.16861061917982,1
147,1,1,1,-1,1,-1,-1,-1,-1,-1,1,1,-1,-1,-1,1,-1,-1,1,-1,1,1,1,1,-1,-1,-1,1,-1,1,1,-1,-1,1,1,-1,1,1,-1,-1,0.0,-76.11829741909042,3
148,-1,-1,1,1,1,-1,-1,-1,-1,-1,1,1,1,-1,-1,1,-1,-1,1,-1,-1,-1,-1,-1,-1,1,-1,1,-1,1,1,-1,-1,1,1,1,1,1,-1,-1,0.0,-76.0887034385101,1
149,1,1,1,-1,1,-1,-1,-1,-1,-1,1,1,-1,-1,1,1,-1,-1,1,-1,1,1,1,1,-1,1,-1,1,-1,1,1,-1,-1,1,1,1,1,1,-1,-1,0.0,-76.0607534389193,1
150,-1,-1,-1,-1,-1,1,1,1,1,1,-1,1,1,-1,1,-1,1,1,1,-1,-1,-1,1,-1,1,1,-1,1,1,-1,-1,1,1,-1,-1,-1,1,-1,1,1,0.0,-76.0498487102112,1
151,1,1,-1,1,-1,1,1,1,1,1,-1,-1,1,1,1,-1,1,1,-1,1,-1,-1,1,1,1,-1,1,-1,1,-1,-1,1,1,-1,-1,1,-1,-1,1,1,0.0,-75.96752450010115,1
152,1,1,-1,1,-1,1,1,1,1,1,1,-1,-1,-1,-1,-1,1,-1,1,-1,1,1,-1,1,1,-1,-1,1,1,1,1,1,1,-1,-1,-1,-1,-1,1,1,0.0,-75.87239882123392,1
153,-1,-1,-1,1,-1,1,1,1,1,1,-1,1,1,1,1,-1,1,1,-1,1,-1,-1,1,-1,1,1,1,1,1,-1,-1,1,1,-1,-1,-1,-1,-1,-1,1,0.0,-75.74720455140266,1
154,1,1,1,-1,-1,1,1,1,-1,-1,1,-1,-1,-1,-1,-1,-1,-1,1,-1,1,1,-1,1,1,-1,-1,1,-1,1,1,1,1,-1,1,-1,1,-1,1,1,0.0,-75.67053835935555,1
155,1,1,1,-1,-1,1,1,1,-1,-1,1,-1,-1,-1,-1,-1,1,-1,1,-1,1,1,-1,1,1,-1,-1,1,-1,1,1,1,1,-1,1,-1,1,-1,1,1,0.0,-75.47177341779998,1
156,-1,-1,-1,1,-1,1,1,1,1,1,-1,1,1,-1,-1,-1,1,-1,1,-1,-1,-1,1,-1,1,1,-1,1,1,1,-1,1,1,-1,-1,1,-1,-1,1,1,0.0,-75.33666670396626,1
157,-1,-1,-1,1,-1,1,1,1,1,1,-1,1,1,1,1,-1,1,1,-1,1,-1,-1,1,-1,1,1,1,-1,1,-1,-1,-1,1,-1,-1,-1,-1,-1,1,1,0.0,-75.28949166621717,1
158,1,1,1,-1,-1,1,1,1,1,1,1,-1,-1,1,1,-1,1,1,-1,1,1,1,-1,1,1,-1,1,1,1,-1,-1,1,1,-1,1,-1,1,-1,1,1,0.0,-75.17351283825863,1
159,-1,-1,1,-1,1,-1,-1,-1,-1,-1,1,1,1,-1,1,1,-1,1,1,-1,-1,-1,1,-1,-1,1,-1,1,-1,1,1,-1,-1,1,1,1,1,1,-1,-1,0.0,-74.97556198080534,1
160,-1,-1,1,1,1,-1,-1,-1,-1,-1,1,1,1,-1,-1,1,-1,1,1,-1,-1,-1,1,-1,-1,1,-1,1,-1,1,1,-1,-1,1,1,1,1,1,-1,-1,0.025,-75.05600625543055,1
161,1,-1,1,1,1,-1,-1,-1,-1,-1,1,1,-1,-1,-1,1,-1,-1,1,-1,1,1,1,-1,-1,1,-1,1,-1,1,1,-1,-1,1,1,1,-1,1,-1,-1,0.0,-74.82971024322427,1
162,-1,-1,-1,-1,-1,1,1,1,1,1,-1,1,1,1,-1,-1,1,-1,1,1,-1,-1,1,-1,1,1,1,1,1,-1,-1,1,1,-1,-1,-1,1,-1,1,1,0.0,-74.8290337810738,1
163,1,1,-1,1,1,-1,-1,-1,1,1,1,-1,-1,1,1,1,-1,1,1,1,1,1,-1,1,-1,-1,1,1,-1,-1,1,-1,-1,1,-1,1,-1,1,-1,-1,0.0,-74.8203898577528,1
164,-1,-1,1,1,1,-1,-1,-1,-1,-1,-1,1,1,-1,-1,1,-1,-1,1,-1,-1,-1,1,-1,-1,1,-1,-1,-1,1,1,-1,1,1,1,1,-1,1,-1,-1,0.0,-74.74183831062234,1
165,-1,-1,1,-1,1,-1,-1,-1,-1,-1,1,-1,-1,-1,-1,1,-1,1,1,-1,1,1,-1,1,-1,1,-1,-1,-1,1,1,-1,-1,1,1,-1,1,1,-1,-1,0.0,-74.65891360414582,1
166,-1,1,-1,-1,-1,1,1,1,1,1,1,-1,-1,1,1,-1,1,1,-1,1,1,1,-1,1,1,-1,1,1,1,-1,-1,1,1,-1,-1,-1,1,-1,1,1,0.0,-74.56659141282023,1
167,-1,-1,-1,1,1,-1,-1,-1,1,1,-1,1,1,1,1,1,-1,1,-1,1,-1,-1,1,-1,-1,1,1,1,1,-1,-1,-1,-1,1,-1,1,-1,1,-1,-1,0.0,-74.52741157495383,1
168,-1,-1,1,1,1,-1,-1,-1,-1,-1,-1,-1,-1,1,1,1,-1,1,-1,1,1,1,-1,-1,-1,1,1,-1,-1,-1,1,-1,-1,1,1,1,-1,1,-1,-1,0.0,-74.42253295905276,1
169,-1,-1,1,-1,1,-1,-1,1,-1,-1,-1,1,1,-1,-1,1,-1,-1,1,-1,-1,-1,1,-1,-1,1,-1,-1,-1,1,1,-1,-1,1,1,1,1,1,-1,-1,0.0,-74.05117771663869,1
170,1,1,1,-1,1,-1,-1,-1,-1,-1,1,1,1,-1,-1,1,-1,-1,1,-1,-1,-1,1,1,-1,-1,-1,1,-1,1,1,-1,-1,1,1,-1,1,1,-1,-1,0.0,-73.75001276575375,1
171,1,1,1,1,1,-1,-1,-1,-1,-1,1,-1,1,-1,-1,1,-1,1,1,-1,1,1,-1,1,-1,-1,-1,1,-1,1,1,-1,-1,1,1,1,1,1,-1,-1,0.0,-73.53918375262384,1
172,-1,-1,1,-1,1,-1,-1,1,-1,-1,1,-1,-1,-1,-1,1,-1,1,1,-1,1,1,-1,-1,-1,1,-1,1,-1,1,1,-1,-1,1,1,1,1,1,-1,-1,0.0,-73.38048073672236,1
173,1,1,-1,-1,-1,1,1,1,-1,-1,1,-1,-1,-1,-1,-1,1,-1,1,-1,1,1,-1,1,1,-1,-1,1,-1,1,1,1,1,-1,1,-1,-1,-1,1,1,0.0,-73.24234669995114,1
174,-1,-1,-1,1,1,-1,-1,-1,1,1,-1,1,1,1,1,1,1,1,-1,1,-1,-1,1,-1,-1,1,1,-1,1,-1,1,-1,-1,1,-1,1,-1,1,-1,-1,0.0,-73.09799037878884,1
175,1,1,-1,-1,-1,1,1,1,1,1,1,-1,-1,-1,-1,-1,1,-1,1,-1,1,1,-1,1,1,-1,-1,1,-1,1,1,1,1,-1,-1,-1,1,-1,1,1,0.0,-72.99337130150279,1
176,-1,-1,1,-1,1,-1,-1,-1,-1,-1,1,-1,-1,-1,-1,1,-1,-1,1,-1,1,1,-1,1,-1,1,-1,1,-1,1,1,-1,-1,1,1,1,1,1,1,-1,0.0,-72.93581109175442,1
177,-1,-1,-1,1,1,-1,-1,-1,1,1,-1,1,1,1,1,1,-1,1,-1,1,-1,-1,1,-1,-1,1,1,-1,1,-1,1,-1,-1,1,-1,1,-1,1,-1,-1,0.0,-72.89922543723327,1
178,-1,-1,-1,1,1,-1,-1,-1,1,1,-1,1,1,1,1,-1,1,-1,-1,1,-1,-1,1,-1,-1,1,1,-1,1,-1,-1,-1,-1,1,-1,1,-1,1,1,1,0.0,-72.66888061050416,1
179,-1,-1,-1,1,1,-1,1,1,1,1,-1,1,1,-1,-1,-1,1,-1,1,-1,-1,-1,1,-1,1,1,-1,1,1,1,1,-1,1,-1,-1,1,-1,1,1,1,0.0,-72.47757037279041,1
180,-1,-1,-1,1,1,-1,-1,-1,1,1,-1,1,1,-1,-1,1,-1,-1,1,-1,-1,-1,1,-1,-1,1,-1,1,1,1,1,-1,-1,1,-1,1,-1,1,-1,-1,0.0,-72.23107584041168,1
181,-1,-1,1,-1,1,-1,-1,1,-1,-1,1,-1,-1,-1,-1,1,-1,-1,1,-1,1,1,-1,1,-1,1,-1,1,-1,1,1,-1,-1,1,1,1,1,1,-1,-1,0.025,-74.98274467701302,1
182,-1,-1,-1,1,1,-1,-1,-1,1,1,-1,1,1,1,1,1,1,1,-1,1,-1,-1,1,-1,-1,1,1,1,1,-1,1,-1,-1,1,-1,1,-1,1,-1,-1,0.0,-72.1536285359427,1
183,-1,-1,-1,1,1,-1,-1,-1,1,1,-1,1,1,1,1,1,-1,1,-1,1,-1,-1,1,-1,-1,1,1,1,1,-1,1,-1,-1,1,-1,1,-1,1,-1,-1,0.0,-71.95486359438713,2
184,1,1,1,-1,1,-1,-1,-1,-1,-1,1,-1,1,-1,-1,1,-1,-1,1,-1,-1,-1,-1,1,-1,-1,-1,1,-1,1,1,-1,-1,1,1,-1,1,1,-1,-1,0.0,-71.76197933038728,1
185,-1,-1,1,-1,1,-1,-1,-1,-1,-1,1,-1,-1,-1,-1,1,-1,-1,1,-1,1,1,-1,1,-1,-1,-1,1,-1,1,1,-1,-1,1,1,-1,1,1,-1,-1,0.0,-71.74216365515346,1
186,1,1,-1,1,1,-1,-1,-1,-1,-1,1,-1,-1,1,1,1,-1,1,-1,1,1,1,-1,1,-1,-1,1,-1,-1,-1,1,-1,-1,1,1,-1,1,1,-1,-1,0.0,-71.52832983756463,1
187,-1,-1,-1,1,1,-1,-1,-1,1,1,-1,1,1,1,1,1,1,-1,-1,1,-1,-1,1,-1,-1,1,1,-1,1,-1,-1,-1,-1,1,-1,-1,-1,1,-1,-1,0.0,-71.44899273797684,1
188,-1,-1,1,-1,-1,1,-1,-1,-1,1,-1,1,1,1,1,1,1,1,-1,1,-1,-1,1,-1,-1,1,1,-1,1,-1,-1,-1,-1,1,1,-1,1,-1,-1,-1,0.0,-71.29178571093398,1
189,-1,-1,1,-1,1,-1,-1,-1,-1,-1,1,1,1,-1,1,1,-1,1,1,-1,-1,-1,-1,-1,-1,1,-1,1,-1,-1,1,-1,-1,1,1,1,1,1,-1,-1,0.0,-71.12227032506166,1
190,-1,-1,1,-1,1,-1,-1,1,-1,-1,1,1,1,-1,-1,1,-1,-1,1,-1,-1,-1,-1,-1,-1,1,-1,1,-1,1,1,1,-1,1,1,1,1,1,-1,-1,0.0,-70.68587976393133,1
191,-1,-1,1,-1,1,-1,-1,-1,-1,-1,1,-1,-1,-1,1,1,-1,-1,1,-1,1,1,-1,-1,-1,1,-1,1,-1,1,1,1,-1,1,1,1,1,1,-1,-1,0.0,-70.63021547146278,1
192,-1,-1,1,-1,1,-1,-1,-1,-1,-1,1,1,-1,-1,-1,1,-1,-1,1,-1,1,1,-1,-1,-1,1,-1,-1,-1,1,1,-1,-1,-1,1,1,1,1,-1,-1,0.025,-68.08060057327506,1
193,-1,-1,1,-1,-1,1,1,1,-1,-1,1,1,1,-1,-1,-1,1,-1,1,-1,-1,-1,1,-1,1,1,-1,1,-1,1,-1,1,1,-1,1,-1,-1,-1,1,1,0.0,-70.05891153417099,1
194,-1,-1,-1,1,1,-1,-1,-1,1,1,-1,1,1,1,1,1,1,-1,-1,1,-1,-1,1,-1,-1,1,1,-1,1,1,-1,-1,-1,1,-1,1,-1,1,-1,-1,0.0,-70.05194450648865,1
195,-1,-1,1,-1,1,1,-1,-1,-1,-1,1,1,-1,-1,-1,1,-1,-1,1,-1,1,1,1,-1,-1,1,-1,1,-1,1,1,-1,-1,1,1,1,1,1,-1,-1,0.0,-70.03760837667139,1
196,-1,-1,1,-1,1,-1,-1,-1,-1,-1,1,1,1,-1,1,1,-1,-1,1,-1,-1,-1,-1,-1,-1,1,-1,1,-1,1,1,1,-1,1,1,1,1,1,-1,-1,0.0,-69.88621857417951,1
197,1,1,-1,1,-1,1,1,1,1,-1,1,-1,-1,-1,-1,-1,-1,1,1,-1,1,1,-1,1,1,-1,-1,1,-1,1,1,1,1,-1,-1,1,1,-1,1,1,0.0,-69.77685468624595,1
198,-1,-1,1,-1,1,-1,-1,-1,-1,-1,1,1,-1,-1,1,1,-1,-1,1,-1,1,1,1,-1,-1,1,-1,1,-1,1,1,1,-1,1,1,1,1,1,-1,-1,0.0,-69.48023624483997,1
199,1,1,1,1,1,-1,1,1,1,1,1,-1,-1,-1,-1,-1,1,-1,1,-1,1,1,-1,1,1,-1,-1,1,-1,1,1,-1,1,-1,-1,1,-1,1,1,1,0.0,-69.43046168903521,1
200,-1,-1,1,1,1,-1,-1,-1,1,1,-1,-1,-1,1,1,1,-1,1,-1,1,1,1,-1,-1,-1,1,1,1,1,-1,1,-1,-1,1,-1,1,-1,1,-1,-1,0.0,-69.40022448607985,1
201,1,1,1,-1,1,-1,-1,-1,-1,-1,1,-1,-1,-1,1,1,-1,-1,1,-1,1,1,-1,1,-1,-1,-1,-1,-1,1,1,1,-1,1,1,1,1,1,-1,1,0.0,-68.55556336264868,1
202,-1,-1,-1,1,-1,1,1,1,1,1,-1,-1,1,1,1,-1,-1,1,1,-1,-1,-1,-1,-1,1,1,1,1,1,-1,-1,1,1,-1,-1,-1,-1,-1,1,1,0.0,-68.41419310774803,1
203,-1,-1,-1,-1,-1,1,-1,-1,1,1,-1,1,1,1,1,1,1,1,-1,1,-1,-1,1,-1,-1,1,1,1,1,-1,-1,-1,-1,1,1,-1,-1,-1,-1,-1,0.0,-66.35691015774336,1
204,-1,-1,-1,1,1,-1,-1,-1,1,1,-1,-1,-1,1,-1,-1,1,1,-1,1,1,1,-1,-1,-1,1,1,-1,1,-1,1,-1,1,-1,-1,1,-1,1,1,1,0.025,-63.33304278996688,1
205,-1,-1,1,-1,1,-1,-1,-1,-1,-1,1,1,1,-1,-1,1,-1,-1,1,-1,-1,-1,-1,-1,-1,1,1,1,-1,1,1,-1,-1,1,1,1,1,1,-1,-1,0.0,-66.02611461675181,1
206,-1,-1,1,-1,-1,1,1,1,-1,1,-1,1,1,-1,-1,-1,1,-1,1,-1,-1,-1,1,-1,1,1,-1,-1,1,1,-1,1,1,-1,1,-1,1,-1,1,1,0.025,-71.0741086632609,1
207,1,1,1,1,1,-1,1,-1,1,1,1,-1,-1,1,-1,1,-1,1,-1,1,1,1,-1,1,1,-1,1,1,-1,-1,1,-1,1,-1,-1,1,-1,1,-1,-1,0.025,-69.70913277776616,1
208,-1,-1,-1,1,1,-1,-1,-1,1,1,-1,-1,1,-1,-1,1,1,-1,1,-1,-1,-1,-1,-1,-1,1,-1,1,1,1,1,-1,-1,1,-1,1,1,1,-1,-1,0.0,-63.086028483990525,1
