,2,3,4,5,6,7,8,9,10,11,12,13,14,15,16,17,18,19,20,21,26,27,28,29,30,31,32,33,34,35,36,37,38,39,40,41,42,43,44,45,chain_break_fraction,energy,num_occurrences
0,-1,1,-1,1,-1,-1,1,-1,-1,1,1,-1,-1,-1,1,-1,1,-1,1,1,1,1,-1,-1,-1,1,1,1,-1,-1,-1,1,-1,1,-1,1,-1,1,-1,1,0.0,-69.89850865138993,12
1,1,-1,1,-1,1,1,-1,1,1,-1,-1,1,1,1,-1,1,-1,1,-1,-1,-1,-1,1,1,1,-1,-1,-1,1,1,1,-1,1,-1,1,-1,1,-1,1,-1,0.0,-69.89850865138993,2
2,-1,1,-1,1,-1,-1,1,-1,-1,1,1,-1,-1,-1,1,-1,-1,1,1,1,1,1,-1,-1,-1,1,1,1,-1,-1,-1,1,-1,1,-1,1,-1,1,1,-1,0.0,-69.87127214082965,62
3,1,-1,1,-1,1,1,-1,1,1,-1,-1,1,1,1,-1,1,1,-1,-1,-1,-1,-1,1,1,1,-1,-1,-1,1,1,1,-1,1,-1,1,-1,1,-1,-1,1,0.0,-69.87127214082965,1
4,-1,1,-1,1,-1,-1,1,-1,-1,1,1,-1,-1,-1,1,-1,1,-1,1,1,1,1,-1,-1,-1,1,1,1,-1,-1,-1,1,-1,1,-1,1,-1,1,1,1,0.0,-69.868692510146,13
5,1,-1,1,-1,1,1,-1,1,1,-1,-1,1,-1,1,-1,1,-1,1,-1,-1,-1,-1,1,1,1,-1,1,-1,1,1,1,-1,1,-1,1,-1,1,-1,1,-1,0.0,-69.48587216581512,2
6,-1,1,-1,1,-1,-1,1,-1,-1,1,1,-1,1,-1,1,-1,1,-1,1,1,1,1,-1,-1,-1,1,-1,1,-1,-1,-1,1,-1,1,-1,1,-1,1,-1,1,0.0,-69.48587216581512,9
7,-1,1,-1,1,-1,-1,1,-1,-1,1,1,-1,1,-1,1,-1,-1,1,1,1,1,1,-1,-1,-1,1,-1,1,-1,-1,-1,1,-1,1,-1,1,-1,1,1,-1,0.0,-69.45863565525485,34
8,-1,1,-1,1,-1,-1,1,-1,-1,1,1,-1,1,-1,1,-1,1,-1,1,1,1,1,-1,-1,-1,1,-1,1,-1,-1,-1,1,-1,1,-1,1,-1,1,1,1,0.0,-69.4560560245712,9
9,-1,1,-1,1,-1,-1,1,-1,-1,1,1,-1,-1,-1,1,-1,-1,-1,1,1,1,1,-1,-1,-1,1,1,1,-1,-1,-1,1,-1,1,-1,1,-1,1,1,1,0.0,-69.37249566100178,21
10,-1,1,-1,1,-1,-1,1,1,-1,1,1,-1,-1,-1,1,-1,1,-1,1,1,1,1,-1,-1,-1,1,1,1,-1,-1,-1,1,-1,1,-1,1,-1,1,-1,1,0.0,-69.32407687021885,2
11,1,-1,1,-1,1,1,-1,-1,1,-1,-1,1,1,1,-1,1,1,-1,-1,-1,-1,-1,1,1,1,-1,-1,-1,1,1,1,-1,1,-1,1,-1,1,-1,-1,1,0.0,-69.29684035965856,1
12,-1,1,-1,1,-1,-1,1,1,-1,1,1,-1,-1,-1,1,-1,-1,1,1,1,1,1,-1,-1,-1,1,1,1,-1,-1,-1,1,-1,1,-1,1,-1,1,1,-1,0.0,-69.29684035965856,6
13,-1,1,-1,1,-1,-1,1,1,-1,1,1,-1,-1,-1,1,-1,1,-1,1,1,1,1,-1,-1,-1,1,1,1,-1,-1,-1,1,-1,1,-1,1,-1,1,1,1,0.0,-69.29426072897492,1
14,-1,1,-1,1,-1,-1,1,-1,-1,1,1,-1,-1,-1,1,-1,-1,-1,1,1,1,1,-1,-1,-1,1,1,1,-1,-1,-1,1,-1,1,-1,1,-1,1,1,-1,0.0,-69.07952895006403,10
15,-1,1,-1,1,-1,-1,1,-1,-1,1,1,-1,1,-1,1,-1,1,-1,1,1,1,-1,-1,-1,-1,1,-1,1,-1,-1,-1,1,-1,1,-1,1,-1,1,-1,1,0.0,-69.00988274138643,5
16,-1,1,-1,1,-1,-1,1,-1,-1,1,1,-1,1,-1,1,-1,-1,1,1,1,1,-1,-1,-1,-1,1,-1,1,-1,-1,-1,1,-1,1,-1,1,-1,1,1,-1,0.0,-68.98264623082615,17
17,-1,1,-1,1,-1,-1,1,-1,-1,1,1,-1,1,-1,1,-1,1,-1,1,1,1,-1,-1,-1,-1,1,-1,1,-1,-1,-1,1,-1,1,-1,1,-1,1,1,1,0.0,-68.98006660014251,9
18,-1,1,-1,1,-1,-1,1,-1,-1,1,1,-1,-1,-1,1,-1,1,1,1,1,1,1,-1,-1,-1,1,1,1,-1,-1,-1,1,-1,1,-1,1,-1,1,-1,1,0.0,-68.96280569176511,11
19,-1,1,-1,1,-1,-1,1,-1,-1,1,1,-1,1,-1,1,-1,-1,-1,1,1,1,1,-1,-1,-1,1,-1,1,-1,-1,-1,1,-1,1,-1,1,-1,1,1,1,0.0,-68.95985917542697,8
20,1,-1,1,-1,1,1,-1,-1,1,-1,-1,1,-1,1,-1,1,-1,1,-1,-1,-1,-1,1,1,1,-1,1,-1,1,1,1,-1,1,-1,1,-1,1,-1,1,-1,0.0,-68.91144038464407,2
21,-1,1,-1,1,-1,-1,1,1,-1,1,1,-1,-1,-1,1,-1,1,-1,1,1,1,1,-1,-1,-1,1,1,1,-1,-1,-1,1,-1,1,-1,1,-1,1,-1,1,0.025,-69.32407687021885,2
22,1,-1,1,-1,1,1,-1,1,1,-1,-1,1,1,1,-1,1,-1,1,-1,-1,-1,-1,1,1,1,-1,-1,-1,1,1,1,-1,1,-1,1,-1,1,-1,1,-1,0.025,-69.89850865138993,2
23,-1,1,-1,1,-1,-1,1,1,-1,1,1,-1,1,-1,1,-1,-1,1,1,1,1,1,-1,-1,-1,1,-1,1,-1,-1,-1,1,-1,1,-1,1,-1,1,1,-1,0.0,-68.88420387408378,6
24,1,-1,1,-1,1,1,-1,-1,1,-1,-1,1,-1,1,-1,1,1,-1,-1,-1,-1,-1,1,1,1,-1,1,-1,1,1,1,-1,1,-1,1,-1,1,-1,-1,1,0.0,-68.88420387408378,1
25,-1,1,-1,1,-1,-1,1,1,-1,1,1,-1,1,-1,1,-1,1,-1,1,1,1,1,-1,-1,-1,1,-1,1,-1,-1,-1,1,-1,1,-1,1,-1,1,1,1,0.0,-68.88162424340014,2
26,-1,1,-1,1,-1,-1,1,1,-1,1,1,-1,-1,-1,1,-1,-1,1,1,1,1,1,-1,-1,-1,1,1,1,-1,-1,-1,1,-1,1,-1,1,-1,1,1,-1,0.025,-69.29684035965856,9
27,-1,1,-1,1,-1,-1,1,1,-1,1,1,-1,-1,-1,1,-1,1,-1,1,1,1,1,-1,-1,-1,1,1,1,-1,-1,-1,1,-1,1,-1,1,-1,1,1,1,0.025,-69.29426072897492,1
28,-1,1,-1,1,-1,-1,1,1,-1,1,1,-1,-1,-1,1,-1,-1,-1,1,1,1,1,-1,-1,-1,1,1,1,-1,-1,-1,1,-1,1,-1,1,-1,1,1,1,0.0,-68.79806387983069,3
29,1,-1,1,-1,1,1,-1,-1,1,-1,-1,1,1,1,-1,1,1,1,-1,-1,-1,-1,1,1,1,-1,-1,-1,1,1,1,-1,1,-1,1,-1,1,-1,-1,-1,0.0,-68.79806387983069,1
30,-1,1,-1,1,-1,-1,1,-1,-1,1,1,-1,1,-1,1,-1,-1,-1,1,1,1,1,-1,-1,-1,1,-1,1,-1,-1,-1,1,-1,1,-1,1,-1,1,1,-1,0.0,-68.66689246448922,4
31,-1,1,-1,1,-1,-1,1,-1,-1,1,1,-1,1,-1,1,-1,1,1,1,1,1,1,-1,-1,-1,1,-1,1,-1,-1,-1,1,-1,1,-1,1,-1,1,-1,1,0.0,-68.5501692061903,6
32,-1,1,-1,1,-1,-1,1,-1,-1,1,1,-1,-1,-1,1,-1,1,-1,1,1,1,1,-1,-1,-1,1,-1,1,-1,-1,-1,1,-1,1,-1,1,-1,1,-1,1,0.0,-68.52481883982412,2
33,1,-1,1,-1,1,1,-1,-1,1,-1,-1,1,1,1,-1,1,1,1,-1,-1,-1,-1,1,1,1,-1,-1,-1,1,1,1,-1,1,-1,1,-1,1,-1,-1,1,0.0,-68.50509716889299,2
34,-1,1,-1,1,-1,-1,1,1,-1,1,1,-1,-1,-1,1,-1,-1,-1,1,1,1,1,-1,-1,-1,1,1,1,-1,-1,-1,1,-1,1,-1,1,-1,1,1,-1,0.0,-68.50509716889299,1
35,-1,1,-1,1,-1,-1,1,-1,-1,1,1,-1,-1,-1,1,-1,-1,1,1,1,1,1,-1,-1,-1,1,-1,1,-1,-1,-1,1,-1,1,-1,1,-1,1,1,-1,0.0,-68.49758232926385,6
36,-1,1,-1,1,-1,-1,1,-1,-1,1,1,-1,1,-1,1,-1,-1,-1,1,1,1,-1,-1,-1,-1,1,-1,1,-1,-1,-1,1,-1,1,-1,1,-1,1,1,1,0.0,-68.48386975099828,8
37,-1,1,-1,1,-1,-1,1,1,-1,1,1,-1,1,-1,1,-1,1,-1,1,1,1,1,-1,-1,-1,1,-1,1,-1,-1,-1,1,-1,1,-1,1,-1,1,-1,1,0.025,-68.91144038464407,1
38,-1,1,-1,1,-1,-1,1,1,-1,1,1,-1,1,-1,1,-1,-1,1,1,1,1,1,-1,-1,-1,1,-1,1,-1,-1,-1,1,-1,1,-1,1,-1,1,1,-1,0.025,-68.88420387408378,6
39,-1,1,-1,1,-1,-1,1,1,-1,1,1,-1,1,-1,1,-1,-1,1,1,1,1,-1,-1,-1,-1,1,-1,1,-1,-1,-1,1,-1,1,-1,1,-1,1,1,-1,0.0,-68.40821444965508,3
40,-1,1,-1,1,-1,-1,1,1,-1,1,1,-1,1,-1,1,-1,1,-1,1,1,1,-1,-1,-1,-1,1,-1,1,-1,-1,-1,1,-1,1,-1,1,-1,1,1,1,0.0,-68.40563481897144,1
41,-1,1,-1,1,-1,-1,1,1,-1,1,1,-1,-1,-1,1,-1,1,1,1,1,1,1,-1,-1,-1,1,1,1,-1,-1,-1,1,-1,1,-1,1,-1,1,-1,1,0.0,-68.38837391059403,1
42,1,-1,1,-1,1,1,-1,-1,1,-1,-1,1,1,1,-1,1,-1,-1,-1,-1,-1,-1,1,1,1,-1,-1,-1,1,1,1,-1,1,-1,1,-1,1,-1,1,-1,0.0,-68.38837391059403,1
43,-1,1,-1,1,-1,-1,1,1,-1,1,1,-1,1,-1,1,-1,-1,-1,1,1,1,1,-1,-1,-1,1,-1,1,-1,-1,-1,1,-1,1,-1,1,-1,1,1,1,0.0,-68.38542739425591,1
44,1,1,-1,1,-1,-1,1,-1,-1,1,1,-1,-1,-1,1,-1,1,-1,1,1,1,1,1,-1,-1,1,1,1,-1,-1,-1,1,-1,1,-1,1,-1,1,-1,1,0.0,-68.38132736548287,2
45,-1,1,-1,1,-1,-1,1,1,-1,1,1,-1,-1,-1,1,-1,-1,-1,1,1,1,1,-1,-1,-1,1,1,1,-1,-1,-1,1,-1,1,-1,1,-1,1,1,1,0.025,-68.79806387983069,5
46,1,1,-1,1,-1,-1,1,-1,-1,1,1,-1,-1,-1,1,-1,-1,1,1,1,1,1,1,-1,-1,1,1,1,-1,-1,-1,1,-1,1,-1,1,-1,1,1,-1,0.0,-68.35409085492259,8
47,1,1,-1,1,-1,-1,1,-1,-1,1,1,-1,-1,-1,1,-1,1,-1,1,1,1,1,1,-1,-1,1,1,1,-1,-1,-1,1,-1,1,-1,1,-1,1,1,1,0.0,-68.35151122423895,3
48,-1,1,-1,1,-1,-1,1,-1,-1,1,1,-1,-1,1,1,-1,1,-1,1,1,1,-1,-1,-1,-1,1,1,1,-1,-1,-1,1,-1,1,-1,1,-1,1,-1,1,0.0,-68.26291699245103,10
49,-1,1,-1,1,-1,-1,1,-1,-1,1,1,-1,-1,1,1,-1,-1,1,1,1,1,-1,-1,-1,-1,1,1,1,-1,-1,-1,1,-1,1,-1,1,-1,1,1,-1,0.0,-68.23568048189074,22
50,-1,1,-1,1,-1,-1,1,-1,-1,1,1,-1,-1,1,1,-1,1,-1,1,1,1,-1,-1,-1,-1,1,1,1,-1,-1,-1,1,-1,1,-1,1,-1,1,1,1,0.0,-68.2331008512071,13
51,-1,1,-1,1,-1,-1,1,-1,-1,1,1,-1,1,-1,1,-1,-1,-1,1,1,1,-1,-1,-1,-1,1,-1,1,-1,-1,-1,1,-1,1,-1,1,-1,1,1,-1,0.0,-68.19090304006053,2
52,-1,1,-1,1,-1,-1,1,1,-1,1,1,-1,1,-1,1,-1,-1,-1,1,1,1,1,-1,-1,-1,1,-1,1,-1,-1,-1,1,-1,1,-1,1,-1,1,1,-1,0.0,-68.09246068331817,2
53,-1,1,-1,1,-1,-1,1,1,-1,1,1,-1,-1,-1,1,-1,-1,-1,1,1,1,1,-1,-1,-1,1,1,1,-1,-1,-1,1,-1,1,-1,1,-1,1,1,-1,0.025,-68.50509716889295,1
54,-1,1,-1,1,-1,-1,1,-1,-1,1,1,-1,1,-1,1,-1,1,1,1,1,1,-1,-1,-1,-1,1,-1,1,-1,-1,-1,1,-1,1,-1,1,-1,1,-1,1,0.0,-68.07417978176161,4
55,-1,1,-1,1,-1,-1,1,1,-1,1,1,-1,1,-1,1,-1,1,-1,1,1,1,-1,-1,-1,-1,1,-1,1,-1,-1,-1,1,-1,1,-1,1,-1,1,-1,1,0.025,-68.43545096021536,1
56,-1,1,-1,1,-1,-1,1,-1,-1,1,1,-1,-1,-1,1,-1,-1,-1,1,1,1,1,-1,-1,-1,1,-1,1,-1,-1,-1,1,-1,1,-1,1,-1,1,1,1,0.0,-67.99880584943598,2
57,-1,1,-1,1,-1,-1,1,1,-1,1,1,-1,1,-1,1,-1,-1,1,1,1,1,-1,-1,-1,-1,1,-1,1,-1,-1,-1,1,-1,1,-1,1,-1,1,1,-1,0.025,-68.40821444965508,5
58,1,-1,1,-1,1,1,-1,1,1,-1,-1,1,-1,1,-1,1,-1,1,-1,-1,-1,1,1,1,1,-1,1,-1,1,1,1,-1,1,-1,1,-1,1,-1,-1,-1,0.025,-68.98006660014251,1
59,-1,1,-1,1,-1,-1,1,1,-1,1,1,-1,1,-1,1,-1,1,-1,1,1,1,-1,-1,-1,-1,1,-1,1,-1,-1,-1,1,-1,1,-1,1,-1,1,1,1,0.025,-68.40563481897144,1
60,1,1,-1,1,-1,-1,1,-1,-1,1,1,-1,1,-1,1,-1,1,-1,1,1,1,1,1,-1,-1,1,-1,1,-1,-1,-1,1,-1,1,-1,1,-1,1,-1,1,0.0,-67.9686908799081,4
61,-1,1,-1,1,-1,-1,1,-1,-1,1,1,-1,1,1,-1,-1,-1,1,1,1,1,-1,-1,-1,-1,1,1,1,-1,-1,-1,-1,-1,1,-1,1,-1,1,-1,-1,0.0,-67.9654330823729,18
62,1,-1,1,-1,1,1,-1,1,1,-1,-1,1,1,1,-1,1,-1,-1,-1,-1,-1,-1,1,1,1,-1,-1,-1,1,1,1,-1,1,-1,1,-1,1,-1,1,-1,0.025,-68.96280569176511,1
63,-1,1,-1,1,-1,-1,1,1,-1,1,1,-1,-1,-1,1,-1,1,1,1,1,1,1,-1,-1,-1,1,1,1,-1,-1,-1,1,-1,1,-1,1,-1,1,-1,1,0.025,-68.38837391059403,4
64,-1,1,-1,1,-1,-1,1,1,-1,1,1,-1,1,-1,1,-1,-1,-1,1,1,1,1,-1,-1,-1,1,-1,1,-1,-1,-1,1,-1,1,-1,1,-1,1,1,1,0.025,-68.38542739425591,1
65,1,1,-1,1,-1,-1,1,-1,-1,1,1,-1,1,-1,1,-1,-1,1,1,1,1,1,1,-1,-1,1,-1,1,-1,-1,-1,1,-1,1,-1,1,-1,1,1,-1,0.0,-67.94145436934781,8
66,1,1,-1,1,-1,-1,1,-1,-1,1,1,-1,1,-1,1,-1,1,-1,1,1,1,1,1,-1,-1,1,-1,1,-1,-1,-1,1,-1,1,-1,1,-1,1,1,1,0.0,-67.93887473866417,2
67,1,1,-1,1,-1,-1,1,-1,-1,1,1,-1,-1,-1,1,-1,-1,-1,1,1,1,1,1,-1,-1,1,1,1,-1,-1,-1,1,-1,1,-1,1,-1,1,1,1,0.0,-67.85531437509476,1
68,1,-1,1,-1,1,1,-1,1,1,-1,-1,1,1,1,-1,1,-1,1,1,-1,-1,-1,1,1,1,-1,-1,-1,1,1,1,-1,1,-1,1,-1,1,-1,-1,-1,0.0,-67.85321039735398,1
69,-1,1,-1,1,-1,-1,1,-1,-1,1,1,-1,1,1,-1,-1,1,1,1,1,1,-1,-1,-1,-1,1,1,1,-1,-1,-1,-1,-1,1,-1,1,-1,1,-1,-1,0.0,-67.84307167074407,5
70,-1,-1,1,-1,1,1,-1,-1,1,-1,-1,1,1,1,-1,1,-1,1,-1,-1,-1,-1,-1,1,1,-1,-1,-1,1,1,1,-1,1,-1,1,-1,1,-1,1,-1,0.0,-67.80689558431179,1
71,1,1,-1,1,-1,-1,1,1,-1,1,1,-1,-1,-1,1,-1,-1,1,1,1,1,1,1,-1,-1,1,1,1,-1,-1,-1,1,-1,1,-1,1,-1,1,1,-1,0.0,-67.7796590737515,2
72,-1,-1,1,-1,1,1,-1,-1,1,-1,-1,1,1,1,-1,1,-1,1,-1,-1,-1,-1,-1,1,1,-1,-1,-1,1,1,1,-1,1,-1,1,-1,1,-1,-1,-1,0.0,-67.77707944306786,1
73,1,1,-1,1,-1,-1,1,1,-1,1,1,-1,-1,-1,1,-1,1,-1,1,1,1,1,1,-1,-1,1,1,1,-1,-1,-1,1,-1,1,-1,1,-1,1,1,1,0.0,-67.77707944306786,1
74,1,-1,1,-1,1,1,-1,-1,1,-1,-1,1,1,1,-1,1,-1,1,-1,-1,-1,-1,1,1,-1,-1,-1,-1,1,1,1,-1,1,-1,1,-1,1,-1,1,-1,0.0,-67.74863627098154,1
75,-1,1,-1,1,-1,-1,1,-1,-1,1,1,-1,-1,1,1,-1,-1,-1,1,1,1,-1,-1,-1,-1,1,1,1,-1,-1,-1,1,-1,1,-1,1,-1,1,1,1,0.0,-67.73690400206287,8
76,-1,1,-1,1,-1,-1,1,1,-1,1,1,-1,-1,-1,1,-1,-1,1,1,1,1,1,-1,-1,1,1,1,1,-1,-1,-1,1,-1,1,-1,1,-1,1,1,-1,0.0,-67.72139976042125,1
77,1,-1,1,-1,1,1,-1,-1,1,-1,-1,1,1,1,-1,1,1,-1,-1,-1,-1,-1,1,1,-1,-1,-1,-1,1,1,1,-1,1,-1,1,-1,1,-1,-1,1,0.0,-67.72139976042125,1
78,1,-1,1,-1,1,1,-1,-1,1,-1,-1,1,1,1,-1,1,-1,1,-1,-1,-1,-1,1,1,-1,-1,-1,-1,1,1,1,-1,1,-1,1,-1,1,-1,-1,-1,0.0,-67.71882012973761,1
79,-1,1,-1,1,-1,-1,1,-1,-1,1,1,-1,-1,-1,1,-1,-1,-1,1,1,1,1,-1,-1,-1,1,-1,1,-1,-1,-1,1,-1,1,-1,1,-1,1,1,-1,0.0,-67.70583913849823,1
80,1,-1,1,-1,1,1,-1,1,1,-1,-1,1,1,1,-1,1,1,1,-1,-1,-1,-1,1,1,1,-1,1,-1,1,1,1,-1,1,-1,1,-1,1,-1,-1,1,0.0,-67.70583913849823,1
81,1,-1,1,-1,1,1,-1,-1,1,-1,-1,1,1,-1,-1,1,-1,1,-1,-1,-1,1,1,1,1,-1,-1,-1,1,1,1,-1,1,-1,1,-1,1,-1,1,-1,0.0,-67.68848521127994,1
82,-1,1,-1,1,-1,-1,1,1,-1,1,1,-1,-1,1,1,-1,-1,1,1,1,1,-1,-1,-1,-1,1,1,1,-1,-1,-1,1,-1,1,-1,1,-1,1,1,-1,0.0,-67.66124870071965,5
83,-1,1,-1,1,-1,-1,1,1,-1,1,1,-1,-1,1,1,-1,1,-1,1,1,1,-1,-1,-1,-1,1,1,1,-1,-1,-1,1,-1,1,-1,1,-1,1,1,1,0.0,-67.65866907003601,2
84,1,-1,1,-1,1,1,-1,-1,1,-1,-1,1,1,-1,-1,1,-1,1,-1,-1,-1,1,1,1,1,-1,-1,-1,1,1,1,-1,1,-1,1,-1,1,-1,-1,-1,0.0,-67.65866907003601,1
85,1,-1,1,-1,1,1,-1,1,1,-1,-1,1,1,1,-1,1,-1,1,-1,-1,-1,-1,-1,1,1,-1,-1,-1,1,1,1,-1,1,-1,1,-1,1,-1,1,-1,0.0,-67.61566354942454,1
86,-1,1,-1,1,-1,-1,1,-1,-1,1,1,-1,-1,-1,1,-1,-1,1,1,1,1,1,-1,-1,-1,1,1,1,-1,-1,-1,1,-1,1,-1,1,-1,1,-1,-1,0.0,-67.61063985991827,2
87,-1,1,-1,1,-1,-1,1,-1,-1,1,1,-1,-1,-1,1,-1,1,1,1,1,1,1,-1,-1,-1,1,-1,1,-1,-1,-1,1,-1,1,-1,1,-1,1,-1,1,0.0,-67.58911588019932,1
88,-1,1,-1,1,-1,-1,1,-1,-1,1,1,-1,-1,-1,1,-1,-1,1,1,1,1,1,1,-1,-1,1,1,1,-1,-1,-1,1,-1,1,-1,1,-1,1,1,-1,0.0,-67.58842703886425,2
89,-1,-1,1,-1,1,1,-1,1,1,-1,-1,1,1,1,-1,1,1,1,-1,-1,-1,-1,-1,1,1,-1,-1,-1,1,1,1,-1,1,-1,1,-1,1,-1,-1,1,0.0,-67.56234766415697,1
90,1,-1,1,-1,1,1,-1,1,1,-1,-1,1,1,1,-1,1,-1,1,-1,-1,-1,-1,1,1,-1,-1,-1,-1,1,1,1,-1,1,-1,1,-1,1,-1,1,-1,0.0,-67.51495039298932,1
91,-1,1,-1,1,-1,-1,1,-1,-1,1,1,-1,-1,-1,1,-1,1,-1,1,1,1,1,-1,-1,1,1,1,1,-1,-1,-1,1,-1,1,-1,1,-1,1,-1,1,0.0,-67.51495039298932,1
92,-1,1,-1,1,-1,-1,1,1,-1,1,1,-1,-1,-1,1,-1,-1,1,1,1,1,1,-1,-1,-1,1,-1,1,-1,-1,-1,1,-1,1,-1,1,-1,1,1,-1,0.025,-67.92315054809276,1
93,1,1,-1,1,-1,-1,1,-1,-1,1,1,-1,1,-1,1,-1,1,-1,1,1,1,-1,1,-1,-1,1,-1,1,-1,-1,-1,1,-1,1,-1,1,-1,1,-1,1,0.0,-67.49270145547939,1
94,-1,1,-1,1,-1,-1,1,-1,-1,1,1,-1,-1,-1,1,-1,1,1,1,1,1,1,-1,-1,-1,1,1,1,-1,-1,-1,1,-1,1,-1,1,-1,1,-1,-1,0.0,-67.48827844828939,1
95,-1,1,-1,1,-1,-1,1,-1,-1,1,1,-1,-1,-1,1,-1,-1,1,1,1,1,1,-1,-1,1,1,1,1,-1,-1,-1,1,-1,1,-1,1,-1,1,1,-1,0.0,-67.48771388242903,1
96,1,-1,1,-1,1,1,-1,1,1,-1,-1,1,1,1,-1,1,-1,1,-1,-1,-1,-1,1,1,-1,-1,-1,-1,1,1,1,-1,1,-1,1,-1,1,-1,-1,-1,0.0,-67.4851342517454,1
97,-1,1,-1,1,-1,-1,1,-1,-1,1,1,-1,-1,-1,1,-1,1,-1,1,1,1,1,-1,-1,1,1,1,1,-1,-1,-1,1,-1,1,-1,1,-1,1,1,1,0.0,-67.4851342517454,1
98,-1,1,-1,1,-1,-1,1,1,-1,1,1,-1,1,-1,1,-1,-1,-1,1,1,1,-1,-1,-1,-1,1,-1,1,-1,-1,-1,1,-1,1,-1,1,-1,1,1,1,0.025,-67.90943796982721,2
99,1,1,-1,1,-1,-1,1,-1,-1,1,1,-1,1,-1,1,-1,-1,1,1,1,1,-1,1,-1,-1,1,-1,1,-1,-1,-1,1,-1,1,-1,1,-1,1,1,-1,0.0,-67.4654649449191,3
100,1,1,-1,1,-1,-1,1,-1,-1,1,1,-1,1,-1,1,-1,1,-1,1,1,1,-1,1,-1,-1,1,-1,1,-1,-1,-1,1,-1,1,-1,1,-1,1,1,1,0.0,-67.46288531423546,1
101,1,1,-1,1,-1,-1,1,-1,-1,1,1,-1,-1,-1,1,-1,1,1,1,1,1,1,1,-1,-1,1,1,1,-1,-1,-1,1,-1,1,-1,1,-1,1,-1,1,0.0,-67.44562440585806,1
102,-1,1,-1,1,-1,-1,1,-1,-1,1,1,-1,-1,1,1,-1,-1,-1,1,1,1,-1,-1,-1,-1,1,1,1,-1,-1,-1,1,-1,1,-1,1,-1,1,1,-1,0.0,-67.44393729112517,4
103,1,1,-1,1,-1,-1,1,-1,-1,1,1,-1,1,-1,1,-1,-1,-1,1,1,1,1,1,-1,-1,1,-1,1,-1,-1,-1,1,-1,1,-1,1,-1,1,1,1,0.0,-67.44267788951994,4
104,1,-1,1,-1,1,1,-1,1,1,-1,-1,1,-1,1,-1,1,-1,1,-1,-1,-1,-1,1,1,1,-1,1,-1,1,1,1,-1,1,-1,1,-1,1,-1,-1,1,0.0,-67.42752350738208,1
105,-1,1,-1,1,-1,-1,1,-1,-1,1,1,-1,1,-1,1,-1,1,-1,1,1,1,1,-1,-1,-1,1,-1,1,-1,-1,-1,1,-1,1,-1,1,-1,1,1,-1,0.0,-67.42752350738206,1
106,-1,1,-1,1,-1,-1,1,1,-1,1,1,-1,-1,-1,1,-1,-1,-1,1,1,1,1,-1,-1,-1,1,-1,1,-1,-1,-1,1,-1,1,-1,1,-1,1,1,1,0.0,-67.4243740682649,1
107,-1,1,-1,1,-1,-1,1,-1,-1,1,1,-1,-1,-1,1,-1,-1,-1,-1,1,1,1,-1,-1,-1,1,1,1,-1,-1,-1,1,-1,1,-1,1,-1,1,1,1,0.0,-67.35701354820975,1
108,1,1,-1,1,-1,-1,1,1,-1,1,1,-1,-1,-1,1,-1,-1,1,1,1,1,1,1,-1,-1,1,1,1,-1,-1,-1,1,-1,1,-1,1,-1,1,1,-1,0.025,-67.7796590737515,1
109,-1,1,-1,1,-1,-1,1,-1,-1,1,1,-1,-1,-1,1,-1,-1,1,1,1,1,1,-1,-1,-1,1,1,1,-1,-1,-1,1,-1,1,-1,1,-1,1,-1,1,0.0,-67.3496012971426,3
110,1,1,-1,1,-1,-1,1,1,-1,1,1,-1,-1,-1,1,-1,1,-1,1,1,1,1,1,-1,-1,1,1,1,-1,-1,-1,1,-1,1,-1,1,-1,1,1,1,0.025,-67.77707944306786,3
111,-1,1,-1,1,-1,-1,1,1,-1,1,1,-1,1,-1,1,-1,1,-1,1,1,1,1,-1,-1,1,1,-1,1,-1,-1,-1,1,-1,1,-1,1,-1,1,-1,1,0.0,-67.33599978540676,1
112,1,-1,1,-1,1,1,-1,-1,1,-1,-1,1,-1,1,-1,1,-1,1,-1,-1,-1,-1,1,1,-1,-1,1,-1,1,1,1,-1,1,-1,1,-1,1,-1,1,-1,0.0,-67.33599978540676,1
113,-1,1,-1,1,-1,-1,1,-1,-1,1,1,-1,-1,1,1,-1,1,1,1,1,1,-1,-1,-1,-1,1,1,1,-1,-1,-1,1,-1,1,-1,1,-1,1,-1,1,0.0,-67.3272140328262,8
114,-1,1,-1,1,-1,-1,1,1,-1,1,1,-1,1,-1,1,-1,-1,1,1,1,1,1,-1,-1,1,1,-1,1,-1,-1,-1,1,-1,1,-1,1,-1,1,1,-1,0.0,-67.30876327484647,1
115,-1,1,-1,1,-1,-1,1,-1,-1,1,1,-1,-1,-1,1,-1,1,1,1,1,1,1,-1,-1,-1,1,1,1,-1,-1,-1,1,-1,1,-1,1,-1,1,1,-1,0.0,-67.27734862844046,1
116,-1,1,-1,1,1,-1,1,-1,-1,1,1,-1,-1,-1,1,-1,-1,1,1,1,1,1,-1,-1,-1,1,1,1,-1,-1,-1,1,-1,1,-1,1,-1,1,1,-1,0.0,-67.27005312946254,3
117,-1,1,-1,1,1,-1,1,-1,-1,1,1,-1,-1,-1,1,-1,1,-1,1,1,1,1,-1,-1,-1,1,1,1,-1,-1,-1,1,-1,1,-1,1,-1,1,1,1,0.0,-67.2674734987789,1
118,1,-1,1,-1,-1,1,-1,1,1,-1,-1,1,1,1,-1,1,-1,1,-1,-1,-1,-1,1,1,1,-1,-1,-1,1,1,1,-1,1,-1,1,-1,1,-1,-1,-1,0.0,-67.2674734987789,1
119,1,-1,1,-1,1,1,-1,-1,1,-1,-1,1,1,1,-1,1,-1,1,-1,-1,-1,-1,1,1,1,-1,-1,-1,1,1,1,-1,1,-1,1,-1,1,-1,-1,1,0.0,-67.26572821178578,1
120,1,-1,1,-1,1,1,-1,1,1,-1,-1,1,1,-1,-1,1,-1,1,-1,-1,-1,1,1,1,1,-1,-1,-1,1,1,1,-1,1,-1,1,-1,1,-1,1,-1,0.025,-68.26291699245103,1
121,-1,1,-1,1,-1,-1,1,1,-1,1,1,-1,-1,1,1,-1,-1,1,1,1,1,-1,-1,-1,-1,1,1,1,-1,-1,-1,1,-1,1,-1,1,-1,1,1,-1,0.025,-67.66124870071965,4
122,-1,1,-1,1,-1,-1,1,-1,-1,1,1,-1,1,-1,1,-1,-1,1,1,1,1,1,-1,-1,-1,1,-1,1,-1,-1,-1,1,-1,1,-1,1,-1,1,-1,-1,0.0,-67.19800337434347,1
123,-1,1,-1,1,-1,-1,1,-1,-1,1,1,-1,1,-1,1,-1,-1,1,1,1,1,1,1,-1,-1,1,-1,1,-1,-1,-1,1,-1,1,-1,1,-1,1,1,-1,0.0,-67.17579055328946,3
124,-1,1,-1,1,-1,-1,1,-1,-1,1,1,-1,1,-1,1,-1,1,-1,1,1,1,1,1,-1,-1,1,-1,1,-1,-1,-1,1,-1,1,-1,1,-1,1,1,1,0.0,-67.17321092260582,4
125,-1,1,-1,1,-1,-1,1,1,-1,1,1,-1,-1,1,1,-1,-1,-1,1,1,1,-1,-1,-1,-1,1,1,1,-1,-1,-1,1,-1,1,-1,1,-1,1,1,1,0.0,-67.16247222089179,2
126,1,1,-1,1,-1,-1,1,-1,-1,1,1,-1,1,-1,1,-1,-1,-1,1,1,1,1,1,-1,-1,1,-1,1,-1,-1,-1,1,-1,1,-1,1,-1,1,1,-1,0.0,-67.1497111785822,1
127,-1,1,-1,1,-1,-1,1,-1,-1,1,1,-1,1,-1,1,-1,1,1,1,1,1,1,-1,-1,-1,1,-1,1,-1,-1,-1,1,-1,1,-1,1,-1,1,-1,-1,0.0,-67.07564196271458,1
128,-1,1,-1,1,-1,-1,1,-1,-1,1,1,-1,1,-1,1,-1,-1,1,1,1,1,1,-1,-1,1,1,-1,1,-1,-1,-1,1,-1,1,-1,1,-1,1,1,-1,0.0,-67.07507739685424,2
129,-1,1,-1,1,-1,-1,1,-1,-1,1,1,-1,-1,-1,1,-1,-1,-1,1,1,1,1,-1,-1,1,1,1,1,-1,-1,-1,1,-1,1,-1,1,-1,1,1,1,0.0,-66.98893740260117,1
130,1,1,-1,1,-1,-1,1,-1,-1,1,1,-1,1,-1,1,-1,-1,-1,1,1,1,-1,1,-1,-1,1,-1,1,-1,-1,-1,1,-1,1,-1,1,-1,1,1,1,0.0,-66.96668846509124,2
131,-1,-1,-1,1,-1,-1,1,1,-1,1,1,-1,-1,-1,1,-1,-1,1,1,1,1,1,1,1,1,1,1,1,-1,-1,-1,1,-1,1,-1,1,-1,1,1,-1,0.0,-66.95131155731345,1
132,1,-1,1,-1,1,1,-1,1,1,-1,-1,1,1,1,-1,1,-1,-1,1,-1,-1,-1,1,1,1,-1,-1,-1,1,1,1,-1,1,-1,1,-1,1,-1,1,-1,0.0,-66.94732357897308,1
133,-1,1,-1,1,-1,-1,1,-1,-1,1,1,-1,-1,-1,1,-1,1,1,-1,1,1,1,-1,-1,-1,1,1,1,-1,-1,-1,1,-1,1,-1,1,-1,1,-1,1,0.0,-66.94732357897308,2
134,1,1,-1,1,-1,-1,1,1,-1,1,1,-1,1,-1,1,-1,-1,1,1,1,1,1,1,-1,-1,1,-1,1,-1,-1,-1,1,-1,1,-1,1,-1,1,1,-1,0.025,-67.36702258817674,1
135,-1,1,-1,1,-1,-1,1,-1,-1,1,1,-1,1,-1,1,-1,-1,1,1,1,1,1,-1,-1,-1,1,-1,1,-1,-1,-1,1,-1,1,-1,1,-1,1,-1,1,0.0,-66.9369648115678,1
136,1,1,-1,1,-1,-1,1,1,-1,1,1,-1,1,-1,1,-1,1,-1,1,1,1,1,1,-1,-1,1,-1,1,-1,-1,-1,1,-1,1,-1,1,-1,1,1,1,0.025,-67.3644429574931,2
137,-1,1,-1,1,-1,-1,1,-1,-1,1,1,-1,1,-1,-1,-1,-1,1,1,1,1,1,-1,-1,-1,1,-1,1,-1,-1,-1,-1,-1,1,-1,1,-1,1,-1,-1,0.0,-66.92040192994678,2
138,1,1,-1,1,-1,-1,1,1,-1,1,1,-1,1,-1,1,-1,1,-1,1,1,1,-1,1,-1,-1,1,-1,1,-1,-1,-1,1,-1,1,-1,1,-1,1,1,1,0.0,-66.88845353306439,1
139,-1,-1,1,-1,1,1,-1,-1,1,-1,-1,1,1,1,-1,1,-1,-1,-1,-1,-1,-1,-1,1,1,-1,-1,-1,1,1,1,-1,1,-1,1,-1,1,-1,1,-1,0.0,-66.87119262468697,1
140,-1,1,-1,1,-1,-1,1,1,-1,1,1,-1,-1,1,1,-1,-1,-1,1,1,1,-1,-1,-1,-1,1,1,1,-1,-1,-1,1,-1,1,-1,1,-1,1,1,-1,0.0,-66.86950550995404,2
141,-1,1,-1,1,-1,-1,1,-1,-1,1,1,-1,1,-1,1,-1,1,1,1,1,1,1,-1,-1,-1,1,-1,1,-1,-1,-1,1,-1,1,-1,1,-1,1,1,-1,0.0,-66.86471214286566,1
142,-1,1,-1,1,1,-1,1,-1,-1,1,1,-1,1,-1,1,-1,-1,1,1,1,1,1,-1,-1,-1,1,-1,1,-1,-1,-1,1,-1,1,-1,1,-1,1,1,-1,0.0,-66.85741664388776,3
143,1,-1,1,-1,-1,1,-1,1,1,-1,-1,1,-1,1,-1,1,-1,1,-1,-1,-1,-1,1,1,1,-1,1,-1,1,1,1,-1,1,-1,1,-1,1,-1,-1,-1,0.0,-66.85483701320412,1
144,-1,1,-1,1,-1,-1,1,1,-1,1,1,-1,-1,-1,1,-1,-1,1,-1,1,1,1,-1,-1,-1,1,1,1,-1,-1,-1,1,-1,1,-1,1,-1,1,1,-1,0.025,-67.28135824686652,1
145,-1,1,-1,1,-1,-1,1,-1,-1,1,1,-1,-1,-1,1,-1,-1,1,1,1,1,1,-1,-1,-1,1,1,1,-1,-1,-1,1,-1,1,-1,1,-1,1,1,1,0.0,-66.84522148153607,1
146,-1,1,-1,1,-1,-1,1,1,-1,1,1,-1,1,-1,1,-1,-1,-1,1,1,1,1,-1,-1,1,1,-1,1,-1,-1,-1,1,-1,1,-1,1,-1,1,1,1,0.0,-66.8099867950186,1
147,-1,1,-1,1,-1,-1,1,-1,-1,1,1,-1,1,-1,-1,-1,1,1,1,1,1,1,-1,-1,-1,1,-1,1,-1,-1,-1,-1,-1,1,-1,1,-1,1,-1,-1,0.0,-66.79804051831792,2
148,-1,1,-1,1,-1,-1,1,-1,-1,1,1,-1,-1,-1,1,-1,-1,-1,1,1,1,1,1,-1,-1,1,1,1,-1,-1,-1,1,-1,1,-1,1,-1,1,1,-1,0.0,-66.79668384809864,2
149,-1,1,-1,1,1,-1,1,-1,-1,1,1,-1,-1,-1,1,-1,-1,-1,1,1,1,1,-1,-1,-1,1,1,1,-1,-1,-1,1,-1,1,-1,1,-1,1,1,1,0.0,-66.77127664963467,2
150,-1,1,-1,1,-1,-1,1,1,-1,1,1,-1,-1,1,1,-1,1,1,1,1,1,-1,-1,-1,-1,1,1,1,-1,-1,-1,1,-1,1,-1,1,-1,1,-1,1,0.0,-66.75278225165512,1
151,1,1,-1,1,-1,-1,1,-1,-1,1,1,-1,-1,1,1,-1,1,-1,1,1,1,-1,1,-1,-1,1,1,1,-1,-1,-1,1,-1,1,-1,1,-1,1,-1,1,0.0,-66.74573570654397,2
152,-1,1,-1,1,-1,-1,1,-1,-1,1,1,-1,1,1,1,-1,1,-1,1,1,1,-1,-1,-1,-1,1,1,1,-1,-1,-1,1,-1,1,-1,1,-1,1,-1,1,0.0,-66.73573670244961,3
153,-1,1,-1,1,-1,-1,1,1,-1,1,1,-1,-1,1,1,-1,-1,-1,1,1,1,-1,-1,-1,-1,1,1,1,-1,-1,-1,1,-1,1,-1,1,-1,1,1,1,0.025,-67.16247222089179,3
154,-1,1,-1,1,-1,-1,1,-1,-1,1,1,-1,1,-1,1,-1,-1,1,1,1,1,-1,-1,-1,-1,1,-1,1,-1,-1,-1,1,-1,1,-1,1,-1,1,-1,-1,0.0,-66.72201394991477,1
155,1,1,-1,1,-1,-1,1,-1,-1,1,1,-1,-1,1,1,-1,-1,1,1,1,1,-1,1,-1,-1,1,1,1,-1,-1,-1,1,-1,1,-1,1,-1,1,1,-1,0.0,-66.71849919598368,1
156,-1,-1,-1,1,-1,-1,1,-1,-1,1,1,-1,-1,-1,1,-1,-1,1,1,1,1,1,1,1,1,1,1,1,-1,-1,-1,1,-1,1,-1,1,-1,1,1,-1,0.0,-66.71762567932123,2
157,1,1,-1,1,-1,-1,1,-1,-1,1,1,-1,-1,1,1,-1,1,-1,1,1,1,-1,1,-1,-1,1,1,1,-1,-1,-1,1,-1,1,-1,1,-1,1,1,1,0.0,-66.71591956530004,2
158,-1,-1,-1,1,-1,-1,1,-1,-1,1,1,-1,-1,-1,1,-1,1,-1,1,1,1,1,1,1,1,1,1,1,-1,-1,-1,1,-1,1,-1,1,-1,1,1,1,0.0,-66.71504604863759,1
159,-1,1,-1,1,-1,-1,1,-1,-1,1,1,-1,1,1,1,-1,-1,1,1,1,1,-1,-1,-1,-1,1,1,1,-1,-1,-1,1,-1,1,-1,1,-1,1,1,-1,0.0,-66.70850019188933,3
160,-1,1,-1,1,-1,-1,1,1,-1,1,1,-1,-1,-1,1,-1,-1,-1,1,1,1,1,-1,-1,-1,1,-1,1,-1,-1,-1,1,-1,1,-1,1,-1,1,1,-1,0.025,-67.13140735732715,1
161,-1,1,-1,1,-1,-1,1,-1,-1,1,1,-1,1,-1,1,-1,-1,1,1,1,1,-1,1,-1,-1,1,-1,1,-1,-1,-1,1,-1,1,-1,1,-1,1,1,-1,0.0,-66.69980112886076,2
162,-1,1,-1,1,1,-1,1,1,-1,1,1,-1,-1,-1,1,-1,1,-1,1,1,1,1,-1,-1,-1,1,1,1,-1,-1,-1,1,-1,1,-1,1,-1,1,1,1,0.0,-66.69304171760783,1
163,-1,1,-1,1,-1,-1,1,-1,-1,1,1,-1,1,-1,1,-1,-1,-1,1,1,1,1,1,-1,-1,1,-1,1,-1,-1,-1,1,-1,1,-1,1,-1,1,1,1,0.0,-66.67701407346159,1
164,-1,1,-1,1,-1,-1,1,-1,-1,1,1,-1,1,-1,1,-1,-1,1,1,1,1,-1,-1,-1,1,1,-1,1,-1,-1,-1,1,-1,1,-1,1,-1,1,1,-1,0.0,-66.59908797242554,2
165,1,1,-1,1,-1,-1,1,1,-1,1,1,-1,1,-1,1,-1,-1,-1,1,1,1,1,1,-1,-1,1,-1,1,-1,-1,-1,1,-1,1,-1,1,-1,1,1,-1,0.0,-66.57527939741112,1
166,1,1,1,-1,1,1,-1,-1,1,-1,-1,1,-1,1,-1,1,-1,1,-1,-1,-1,-1,-1,-1,-1,-1,1,-1,1,1,1,-1,1,-1,1,-1,1,-1,1,-1,0.0,-66.56591158229895,1
167,-1,1,-1,1,-1,-1,-1,1,-1,1,1,-1,1,-1,1,-1,-1,1,1,1,1,1,-1,-1,-1,1,-1,1,-1,-1,-1,1,-1,1,-1,1,-1,1,1,-1,0.0,-66.5375400662879,1
168,-1,-1,-1,1,-1,-1,1,1,-1,1,1,-1,1,-1,1,-1,1,-1,1,1,1,1,1,1,1,1,-1,1,-1,-1,-1,1,-1,1,-1,1,-1,1,1,1,0.0,-66.53609544105502,1
169,1,1,1,-1,1,1,-1,-1,1,-1,-1,1,-1,1,-1,1,-1,1,-1,-1,-1,-1,-1,-1,-1,-1,1,-1,1,1,1,-1,1,-1,1,-1,1,-1,-1,-1,0.0,-66.53609544105502,1
170,-1,1,-1,1,-1,-1,-1,1,-1,1,1,-1,1,-1,1,-1,1,-1,1,1,1,1,-1,-1,-1,1,-1,1,-1,-1,-1,1,-1,1,-1,1,-1,1,1,1,0.0,-66.53496043560426,1
171,-1,-1,1,-1,1,1,-1,-1,1,-1,-1,1,-1,1,-1,1,-1,1,-1,-1,-1,-1,-1,1,1,1,1,-1,1,1,1,-1,1,-1,1,-1,1,-1,1,-1,0.0,-66.53257154210182,1
172,-1,1,-1,1,-1,-1,1,1,-1,1,1,-1,1,-1,1,-1,-1,-1,1,1,1,1,-1,-1,1,1,-1,1,-1,-1,-1,1,-1,1,-1,1,-1,1,1,-1,0.0,-66.51702008408085,1
173,1,1,-1,1,-1,-1,1,1,-1,1,1,-1,1,-1,1,-1,-1,1,1,1,1,1,1,-1,-1,-1,-1,1,-1,-1,-1,1,-1,1,-1,1,-1,1,1,-1,0.0,-66.50533503154158,1
174,-1,1,-1,1,-1,-1,1,1,-1,1,1,-1,1,-1,1,-1,1,1,1,1,1,1,-1,-1,-1,1,-1,1,-1,-1,-1,1,-1,1,-1,1,-1,1,-1,-1,0.0,-66.50121018154353,1
175,-1,1,-1,1,-1,-1,1,1,-1,1,1,-1,-1,-1,1,-1,-1,1,1,1,1,1,-1,-1,1,1,1,1,-1,-1,-1,1,-1,1,-1,1,-1,1,1,-1,0.025,-67.72139976042125,1
176,1,1,-1,1,-1,-1,1,-1,-1,1,1,-1,-1,-1,1,-1,-1,-1,1,1,1,1,1,-1,-1,1,-1,1,-1,-1,-1,1,-1,1,-1,1,-1,1,1,1,0.0,-66.48162456352892,1
177,-1,1,-1,1,1,-1,1,-1,-1,1,1,-1,-1,-1,1,-1,-1,-1,1,1,1,1,-1,-1,-1,1,1,1,-1,-1,-1,1,-1,1,-1,1,-1,1,1,-1,0.0,-66.47830993869692,1
178,-1,1,-1,1,-1,-1,1,-1,-1,1,1,-1,-1,-1,-1,-1,-1,1,1,1,1,1,-1,-1,-1,1,1,1,-1,-1,-1,1,-1,1,-1,1,-1,1,-1,-1,0.0,-66.47500400292779,2
179,-1,1,-1,1,-1,-1,1,-1,-1,1,1,-1,1,-1,1,-1,-1,1,1,1,1,-1,-1,-1,-1,1,-1,1,-1,-1,-1,1,-1,1,-1,1,-1,1,-1,1,0.0,-66.4609753871391,2
180,1,1,-1,1,-1,-1,1,1,-1,1,1,-1,1,-1,1,-1,1,1,1,1,1,1,1,-1,-1,1,-1,1,-1,-1,-1,1,-1,1,-1,1,-1,1,-1,1,0.0,-66.4585561391122,1
181,1,1,-1,1,-1,-1,1,-1,-1,1,1,-1,1,1,-1,-1,-1,1,1,1,1,-1,1,-1,-1,1,1,1,-1,-1,-1,-1,-1,1,-1,1,-1,1,-1,-1,0.0,-66.44825179646585,3
182,-1,1,-1,1,-1,-1,1,-1,-1,1,1,-1,1,-1,-1,-1,-1,1,1,1,1,-1,-1,-1,-1,1,-1,1,-1,-1,-1,-1,-1,1,-1,1,-1,1,-1,-1,0.0,-66.44441250551809,2
183,-1,1,-1,1,-1,-1,1,1,-1,1,1,-1,-1,1,1,-1,-1,-1,1,1,1,-1,-1,-1,-1,1,1,1,-1,-1,-1,1,-1,1,-1,1,-1,1,1,-1,0.025,-66.86950550995404,1
184,-1,1,-1,1,-1,-1,1,-1,-1,1,1,-1,1,-1,1,-1,-1,1,1,1,1,1,-1,-1,-1,1,-1,1,-1,-1,-1,1,-1,1,-1,1,-1,1,1,1,0.0,-66.43258499596128,2
185,-1,1,-1,1,1,-1,1,-1,-1,1,1,-1,1,-1,1,-1,1,-1,1,1,1,-1,-1,-1,-1,1,-1,1,-1,-1,-1,1,-1,1,-1,1,-1,1,-1,1,0.0,-66.40866373001934,1
186,1,1,-1,1,-1,-1,1,1,-1,1,1,-1,-1,-1,1,-1,-1,1,1,1,1,1,1,-1,-1,1,-1,1,-1,-1,-1,1,-1,1,-1,1,-1,1,1,-1,0.0,-66.40596926218574,1
187,-1,1,-1,-1,-1,-1,1,-1,-1,1,1,-1,-1,-1,1,-1,-1,1,1,1,1,1,-1,-1,-1,1,1,1,-1,-1,-1,1,-1,1,-1,1,-1,1,1,-1,0.0,-66.40139800793166,1
188,-1,1,-1,1,-1,-1,1,-1,-1,1,1,-1,1,-1,1,-1,1,1,1,1,1,-1,-1,-1,-1,1,-1,1,-1,-1,-1,1,-1,1,-1,1,-1,1,1,-1,0.0,-66.38872271843697,1
189,-1,1,-1,1,1,-1,1,-1,-1,1,1,-1,1,-1,1,-1,-1,1,1,1,1,-1,-1,-1,-1,1,-1,1,-1,-1,-1,1,-1,1,-1,1,-1,1,1,-1,0.0,-66.38142721945906,1
190,-1,1,-1,1,1,-1,1,-1,-1,1,1,-1,-1,-1,1,-1,1,1,1,1,1,1,-1,-1,-1,1,1,1,-1,-1,-1,1,-1,1,-1,1,-1,1,-1,1,0.0,-66.361586680398,1
191,-1,1,-1,1,-1,-1,1,-1,-1,1,1,-1,-1,-1,-1,-1,1,1,1,1,1,1,-1,-1,-1,1,1,1,-1,-1,-1,1,-1,1,-1,1,-1,1,-1,-1,0.0,-66.35264259129892,1
192,-1,1,-1,1,-1,-1,1,1,-1,1,1,-1,-1,1,1,-1,1,1,1,1,1,-1,-1,-1,-1,1,1,1,-1,-1,-1,1,-1,1,-1,1,-1,1,-1,1,0.025,-66.75278225165512,2
193,1,-1,1,-1,1,1,-1,1,1,-1,-1,1,1,-1,-1,1,-1,-1,-1,-1,-1,1,1,1,1,-1,-1,-1,1,1,1,-1,1,-1,1,-1,1,-1,1,-1,0.025,-67.3272140328262,1
194,-1,1,-1,1,-1,-1,1,-1,-1,1,1,-1,1,-1,-1,-1,1,1,1,1,1,-1,-1,-1,-1,1,-1,1,-1,-1,-1,-1,-1,1,-1,1,-1,1,-1,-1,0.0,-66.32205109388921,1
195,-1,1,1,-1,1,1,-1,-1,1,-1,-1,1,1,1,-1,1,-1,1,-1,-1,-1,-1,-1,-1,-1,1,-1,-1,1,1,1,-1,1,-1,1,-1,1,-1,1,-1,0.025,-65.92828534028607,1
196,-1,1,-1,1,-1,-1,1,-1,-1,1,1,-1,-1,-1,1,-1,-1,1,1,1,1,1,-1,-1,-1,1,1,1,-1,1,-1,1,-1,1,-1,1,-1,1,1,-1,0.0,-66.30597176840183,1
197,-1,-1,-1,1,-1,-1,1,-1,-1,1,1,-1,1,-1,1,-1,1,-1,1,1,1,1,1,1,1,1,-1,1,-1,-1,-1,1,-1,1,-1,1,-1,1,1,1,0.0,-66.3024095630628,1
198,1,1,1,-1,1,1,-1,1,1,-1,-1,1,-1,1,-1,1,-1,1,-1,-1,-1,-1,-1,-1,-1,-1,1,-1,1,1,1,-1,1,-1,1,-1,1,-1,-1,-1,0.0,-66.3024095630628,1
199,-1,1,-1,1,-1,-1,1,-1,-1,1,1,-1,-1,1,1,-1,-1,1,-1,1,1,-1,-1,-1,-1,1,1,1,-1,-1,-1,1,-1,1,-1,1,-1,1,1,-1,0.0,-66.22019836909871,2
200,1,1,-1,1,-1,-1,1,-1,-1,1,1,-1,-1,1,1,-1,-1,-1,1,1,1,-1,1,-1,-1,1,1,1,-1,-1,-1,1,-1,1,-1,1,-1,1,1,1,0.0,-66.21972271615581,2
201,-1,1,-1,1,-1,-1,-1,1,-1,1,1,-1,-1,-1,1,-1,-1,-1,1,1,1,1,-1,-1,-1,1,1,1,-1,-1,-1,1,-1,1,-1,1,-1,1,1,-1,0.0,-66.15843336109707,2
202,1,-1,-1,1,-1,-1,1,-1,1,1,1,-1,1,-1,-1,-1,-1,1,-1,-1,1,-1,1,1,1,-1,-1,1,1,1,-1,-1,-1,1,-1,1,-1,1,-1,-1,0.0,-66.12898172541257,1
203,-1,1,-1,1,-1,-1,1,-1,-1,1,1,-1,1,-1,1,-1,1,-1,1,1,1,1,-1,-1,-1,1,1,1,-1,-1,-1,1,-1,1,-1,1,-1,1,1,1,0.0,-66.12032574740023,1
204,-1,1,-1,1,-1,-1,1,-1,-1,1,1,-1,-1,-1,-1,-1,-1,1,1,1,1,1,-1,-1,-1,1,1,1,-1,-1,-1,1,-1,1,-1,1,-1,1,-1,-1,0.025,-66.47500400292779,2
205,1,-1,1,-1,1,1,-1,-1,1,-1,-1,1,1,-1,-1,1,-1,1,-1,-1,-1,1,1,1,-1,-1,-1,-1,1,1,1,-1,1,-1,1,-1,1,-1,1,-1,0.0,-66.11304461204263,1
206,-1,1,1,-1,1,1,-1,1,-1,-1,-1,1,-1,1,1,1,-1,-1,1,1,-1,-1,-1,-1,-1,1,1,-1,-1,-1,1,1,1,-1,1,-1,1,-1,1,1,0.0,-66.10877430069708,1
207,1,1,1,-1,1,1,-1,-1,1,-1,-1,1,-1,1,-1,1,-1,1,-1,-1,-1,1,-1,-1,-1,-1,1,-1,1,1,1,-1,1,-1,1,-1,1,-1,1,-1,0.0,-66.08992215787025,1
208,1,-1,1,-1,1,1,1,-1,1,-1,-1,1,-1,1,-1,1,-1,1,-1,-1,-1,1,1,1,1,-1,1,-1,1,1,1,-1,1,-1,1,-1,1,-1,1,-1,0.0,-66.08878715241948,1
209,-1,1,-1,1,1,-1,1,-1,-1,1,1,-1,1,-1,1,-1,-1,-1,1,1,1,1,-1,-1,-1,1,-1,1,-1,-1,-1,1,-1,1,-1,1,-1,1,1,-1,0.0,-66.06567345312214,1
210,1,1,-1,1,-1,-1,-1,1,-1,1,1,-1,-1,-1,1,-1,-1,1,1,1,1,1,1,-1,-1,-1,1,1,-1,-1,-1,1,-1,1,-1,1,-1,1,1,-1,0.0,-66.03053884846858,1
211,1,1,-1,1,-1,-1,1,1,-1,1,1,-1,-1,-1,1,-1,1,1,1,1,1,1,1,-1,-1,-1,1,1,-1,-1,-1,1,-1,1,-1,1,-1,1,-1,1,0.0,-66.00950506805181,1
212,-1,1,-1,1,-1,-1,1,-1,-1,1,1,-1,-1,-1,-1,-1,1,1,1,1,1,1,-1,-1,-1,1,1,1,-1,-1,-1,1,-1,1,-1,1,-1,1,-1,-1,0.025,-66.35264259129892,1
213,-1,1,-1,1,-1,-1,1,-1,-1,1,1,-1,1,-1,1,-1,-1,1,1,1,1,1,-1,-1,-1,1,-1,1,-1,-1,-1,1,-1,1,-1,1,-1,1,-1,-1,0.025,-67.19800337434347,1
214,-1,1,-1,1,-1,-1,1,-1,-1,1,1,-1,1,1,-1,-1,-1,1,-1,1,1,-1,-1,-1,-1,1,1,1,-1,-1,-1,-1,-1,1,-1,1,-1,1,-1,-1,0.0,-65.94995096958087,1
215,-1,1,-1,1,-1,-1,1,-1,-1,1,1,-1,1,-1,-1,-1,1,1,1,1,1,1,-1,-1,-1,1,-1,1,-1,-1,-1,1,-1,1,-1,1,-1,1,-1,-1,0.0,-65.94000610572412,1
216,-1,1,-1,1,-1,-1,1,-1,-1,1,1,-1,1,1,1,-1,-1,-1,1,1,1,-1,-1,-1,-1,1,1,1,-1,-1,-1,1,-1,1,-1,1,-1,1,1,-1,0.0,-65.91675700112371,2
217,-1,1,-1,1,1,-1,1,-1,-1,1,1,-1,-1,-1,1,-1,-1,1,1,1,1,1,-1,-1,-1,1,-1,1,-1,-1,-1,1,-1,1,-1,1,-1,1,1,-1,0.0,-65.89636331789676,2
218,-1,1,-1,1,1,-1,1,-1,-1,1,1,-1,1,-1,1,-1,-1,-1,1,1,1,-1,-1,-1,-1,1,-1,1,-1,-1,-1,1,-1,1,-1,1,-1,1,1,1,0.0,-65.88265073963119,1
219,1,-1,1,-1,1,1,-1,1,1,-1,-1,1,1,1,-1,1,-1,1,-1,-1,-1,-1,1,1,1,-1,-1,-1,1,1,1,-1,1,-1,1,-1,-1,1,1,-1,0.0,-65.88220565097943,1
220,-1,1,1,-1,1,1,-1,-1,1,-1,-1,1,1,1,-1,1,1,1,-1,-1,-1,-1,-1,-1,1,1,-1,-1,1,1,1,-1,1,-1,1,-1,1,-1,-1,1,0.0,-65.88074088605215,1
221,-1,1,-1,1,-1,-1,1,-1,-1,1,1,-1,-1,1,1,-1,1,-1,1,1,1,-1,-1,-1,1,1,1,1,-1,-1,-1,1,-1,1,-1,1,-1,1,-1,1,0.0,-65.87935873405043,2
222,1,1,-1,1,-1,-1,1,-1,-1,1,1,-1,-1,-1,1,-1,1,-1,1,1,1,1,1,1,-1,1,1,1,-1,-1,-1,1,-1,1,-1,1,-1,1,-1,1,0.0,-65.85832602151635,1
223,-1,-1,1,-1,1,1,-1,1,1,-1,-1,1,1,1,-1,1,-1,1,-1,-1,-1,-1,-1,-1,1,-1,-1,-1,1,1,1,-1,1,-1,1,-1,1,-1,1,-1,0.0,-65.85832602151635,1
224,1,-1,1,-1,-1,1,-1,1,1,-1,-1,1,-1,1,-1,1,1,-1,-1,-1,-1,-1,1,1,1,-1,1,-1,1,1,1,-1,1,-1,1,-1,1,-1,-1,1,0.025,-66.85741664388776,1
225,-1,1,-1,1,1,-1,1,1,-1,1,1,-1,1,-1,1,-1,1,-1,1,1,1,1,-1,-1,-1,1,-1,1,-1,-1,-1,1,-1,1,-1,1,-1,1,1,1,0.025,-66.28040523203305,1
226,-1,1,-1,1,-1,-1,1,-1,-1,1,1,-1,-1,1,1,-1,-1,1,1,1,1,-1,-1,-1,1,1,1,1,-1,-1,-1,1,-1,1,-1,1,-1,1,1,-1,0.0,-65.85212222349014,2
227,1,-1,1,-1,-1,1,-1,-1,1,-1,-1,1,-1,1,-1,1,-1,1,-1,-1,-1,1,1,1,1,-1,1,-1,1,1,1,-1,1,-1,1,-1,1,-1,1,-1,0.0,-65.83423194884827,1
228,1,1,1,-1,1,1,-1,1,1,-1,-1,1,-1,1,-1,1,1,-1,-1,-1,-1,1,-1,-1,-1,-1,1,-1,1,1,1,-1,1,-1,1,-1,1,-1,-1,1,0.0,-65.82899976931773,1
229,-1,1,-1,1,-1,-1,1,-1,-1,1,1,-1,-1,-1,1,-1,1,-1,-1,1,1,1,-1,-1,-1,1,1,1,-1,-1,-1,1,-1,1,-1,1,-1,1,1,-1,0.0,-65.82467788016484,1
230,-1,1,1,-1,1,1,1,-1,1,-1,-1,1,1,1,-1,1,-1,1,-1,-1,-1,-1,-1,-1,1,1,-1,-1,1,1,1,-1,1,-1,1,-1,1,-1,1,-1,0.0,-65.81228791873028,1
231,1,1,-1,1,-1,-1,1,-1,-1,1,1,-1,-1,1,1,-1,1,1,1,1,1,-1,1,-1,-1,1,1,1,-1,-1,-1,1,-1,1,-1,1,-1,1,-1,1,0.0,-65.81003274691915,1
232,-1,-1,-1,1,-1,-1,1,-1,-1,1,1,-1,-1,-1,1,-1,1,1,1,1,1,1,1,1,1,1,1,1,-1,-1,-1,1,-1,1,-1,1,-1,1,-1,1,0.0,-65.8091592302567,1
233,-1,-1,-1,1,-1,-1,1,-1,-1,1,1,-1,1,-1,1,-1,-1,-1,1,1,1,1,1,1,1,1,-1,1,-1,-1,-1,1,-1,1,-1,1,-1,1,1,1,0.0,-65.80621271391857,1
234,-1,-1,1,-1,1,1,-1,-1,1,-1,-1,1,1,1,-1,1,-1,1,1,-1,-1,-1,-1,1,1,-1,-1,-1,1,1,1,-1,1,-1,1,-1,1,-1,1,-1,0.0,-65.79141347151976,1
235,1,-1,1,-1,-1,1,-1,-1,1,-1,-1,1,1,1,-1,1,-1,-1,-1,-1,-1,-1,1,1,1,-1,-1,-1,1,1,1,-1,1,-1,1,-1,1,-1,1,-1,0.0,-65.78715489922693,1
236,-1,1,-1,1,-1,-1,1,-1,-1,1,1,1,1,-1,1,-1,1,-1,1,1,1,1,-1,-1,-1,1,-1,1,-1,-1,-1,1,-1,1,-1,1,-1,1,1,1,0.0,-65.77450519951428,1
237,1,1,-1,1,1,-1,1,-1,-1,1,1,-1,-1,-1,1,-1,-1,1,1,1,1,1,1,-1,-1,1,1,1,-1,-1,-1,1,-1,1,-1,1,-1,1,1,-1,0.0,-65.75287184355551,2
238,-1,-1,-1,1,-1,-1,1,1,-1,1,1,-1,1,-1,1,-1,-1,-1,1,1,1,1,1,1,1,1,-1,1,-1,-1,-1,1,-1,1,-1,1,-1,1,1,-1,0.0,-65.74693188097305,1
239,-1,1,-1,1,-1,-1,1,-1,-1,1,1,-1,-1,1,1,-1,-1,-1,-1,1,1,-1,-1,-1,-1,1,1,1,-1,-1,-1,1,-1,1,-1,1,-1,1,1,1,0.0,-65.72142188927089,1
240,1,1,-1,1,-1,-1,1,1,-1,1,1,-1,-1,1,1,-1,-1,1,1,1,1,-1,1,-1,-1,1,1,1,-1,-1,-1,1,-1,1,-1,1,-1,1,1,-1,0.025,-66.14406741481262,1
241,-1,1,-1,1,-1,-1,1,-1,-1,1,1,-1,-1,1,1,-1,-1,1,1,1,1,-1,-1,-1,-1,1,1,1,-1,-1,-1,1,-1,1,-1,1,-1,1,-1,1,0.0,-65.71400963820369,1
242,-1,1,-1,1,-1,-1,1,1,-1,1,1,-1,1,1,1,-1,-1,1,1,1,1,-1,-1,-1,-1,1,1,1,-1,-1,-1,1,-1,1,-1,1,-1,1,1,-1,0.025,-66.13406841071826,1
243,-1,1,-1,1,-1,-1,1,-1,-1,1,1,-1,1,-1,-1,-1,-1,1,1,1,1,1,-1,-1,-1,1,-1,1,-1,-1,-1,1,-1,1,-1,1,-1,1,-1,-1,0.025,-66.06236751735298,1
244,-1,1,-1,1,-1,-1,1,1,-1,1,1,-1,1,-1,1,-1,-1,1,1,1,1,-1,1,-1,-1,1,-1,1,-1,-1,-1,1,-1,1,-1,1,-1,1,1,-1,0.025,-66.1253693476897,1
245,-1,1,-1,1,-1,-1,1,-1,-1,1,1,-1,1,1,-1,-1,-1,1,1,1,1,-1,1,-1,-1,1,1,1,-1,-1,-1,-1,-1,1,-1,1,-1,1,-1,-1,0.0,-65.6825879804075,1
246,1,-1,1,-1,1,1,-1,-1,1,-1,-1,1,1,-1,-1,1,1,-1,1,-1,-1,1,1,1,1,-1,-1,-1,1,1,1,-1,1,-1,1,-1,1,-1,-1,1,0.0,-65.64576658792762,1
247,1,1,-1,1,-1,-1,1,1,-1,1,1,-1,-1,1,1,-1,-1,-1,1,1,1,-1,1,-1,-1,1,1,1,-1,-1,-1,1,-1,1,-1,1,-1,1,1,1,0.0,-65.64529093498473,2
248,-1,1,-1,1,-1,-1,1,-1,-1,1,1,-1,1,-1,1,-1,1,-1,1,1,1,-1,-1,-1,-1,1,1,1,-1,-1,-1,1,-1,1,-1,1,-1,1,1,1,0.0,-65.64433632297154,1
249,-1,1,-1,1,-1,-1,1,-1,-1,1,1,-1,-1,1,1,-1,1,1,1,1,1,-1,-1,-1,-1,1,1,1,-1,-1,-1,1,-1,1,-1,1,-1,1,1,-1,0.0,-65.64175696950156,1
250,-1,1,-1,1,1,-1,1,-1,-1,1,1,-1,-1,1,1,-1,1,-1,1,1,1,-1,-1,-1,-1,1,1,1,-1,-1,-1,1,-1,1,-1,1,-1,1,1,1,0.0,-65.63188183983999,1
251,-1,1,-1,1,-1,-1,-1,1,-1,1,1,-1,1,-1,1,-1,1,1,1,1,1,1,-1,-1,-1,1,-1,1,-1,-1,-1,1,-1,1,-1,1,-1,1,-1,1,0.0,-65.62907361722337,1
252,1,1,-1,1,-1,-1,-1,1,-1,1,1,-1,1,-1,1,-1,-1,1,1,1,1,1,1,-1,-1,-1,-1,1,-1,-1,-1,1,-1,1,-1,1,-1,1,1,-1,0.0,-65.61790236289379,1
253,-1,1,-1,-1,-1,-1,1,-1,-1,1,1,-1,-1,-1,1,-1,-1,-1,1,1,1,1,-1,-1,-1,1,1,1,-1,-1,-1,1,-1,1,-1,1,-1,1,1,-1,0.0,-65.60965481716605,1
254,1,-1,1,-1,1,1,1,-1,1,-1,-1,1,1,1,-1,1,-1,1,-1,-1,-1,-1,1,1,1,-1,1,-1,1,1,1,-1,1,-1,1,-1,1,-1,1,-1,0.0,-65.60372325085717,1
255,-1,1,-1,1,-1,-1,1,-1,-1,1,1,-1,1,-1,-1,-1,-1,1,1,1,1,-1,-1,-1,-1,1,-1,1,-1,-1,-1,1,-1,1,-1,1,-1,1,-1,-1,0.0,-65.58637809292429,1
256,-1,1,-1,1,-1,-1,1,-1,-1,1,1,-1,1,1,-1,-1,-1,1,1,1,1,-1,-1,-1,1,1,1,1,-1,-1,-1,-1,-1,1,-1,1,-1,1,-1,-1,0.0,-65.58187482397229,1
257,-1,1,-1,1,-1,-1,1,-1,-1,1,1,-1,-1,1,-1,-1,-1,1,1,1,1,-1,-1,-1,-1,1,1,1,-1,-1,-1,-1,-1,1,-1,1,-1,1,-1,-1,0.0,-65.53077503063257,1
258,-1,-1,1,-1,1,1,-1,-1,1,-1,-1,1,-1,1,-1,1,1,1,-1,-1,-1,1,-1,1,1,1,1,-1,1,1,1,-1,1,-1,1,-1,1,-1,-1,-1,0.0,-65.530569127285,1
259,1,1,-1,1,-1,-1,1,1,-1,1,1,-1,1,-1,1,-1,-1,-1,1,1,1,-1,1,-1,-1,-1,-1,1,-1,-1,-1,1,-1,1,-1,1,-1,1,1,1,0.0,-65.530569127285,1
260,-1,1,-1,-1,-1,-1,1,-1,-1,1,1,-1,1,-1,1,-1,-1,1,1,1,1,-1,-1,-1,-1,1,-1,1,-1,-1,-1,1,-1,1,-1,1,-1,1,1,-1,0.0,-65.51277209792816,1
261,-1,1,-1,1,1,-1,1,1,-1,1,1,-1,1,-1,1,-1,-1,-1,1,1,1,1,-1,-1,-1,1,-1,1,-1,-1,-1,1,-1,1,-1,1,-1,1,1,-1,0.0,-65.49124167195107,1
262,-1,1,1,-1,1,1,-1,-1,1,-1,-1,1,-1,1,-1,1,1,-1,-1,-1,-1,-1,-1,-1,-1,1,1,-1,1,1,1,-1,1,-1,1,-1,1,-1,-1,1,0.0,-65.488412344151,1
263,-1,1,-1,1,-1,-1,1,1,-1,1,1,-1,1,-1,-1,-1,-1,1,1,1,1,1,-1,-1,-1,1,-1,1,-1,-1,-1,1,-1,1,-1,1,-1,1,-1,-1,0.0,-65.48793573618191,1
264,-1,1,-1,1,1,-1,1,-1,-1,1,1,-1,-1,-1,1,-1,1,-1,1,1,1,1,-1,-1,-1,1,1,1,-1,-1,-1,1,-1,1,-1,1,1,1,-1,1,0.0,-65.4421401423615,1
265,1,1,-1,1,-1,-1,-1,1,-1,1,1,-1,-1,-1,1,-1,-1,1,1,1,1,1,1,-1,-1,1,1,1,-1,-1,-1,1,-1,1,-1,1,-1,1,1,-1,0.0,-65.43299526595565,1
266,1,1,-1,1,-1,-1,1,-1,-1,1,1,-1,1,-1,1,-1,1,-1,1,1,1,1,1,1,-1,1,-1,1,-1,-1,-1,1,-1,1,-1,1,-1,1,1,1,0.0,-65.41587339469761,1
267,-1,1,-1,1,-1,-1,1,1,-1,1,1,-1,-1,1,1,-1,-1,1,1,1,1,-1,1,-1,-1,1,1,1,-1,-1,-1,1,-1,1,-1,1,-1,1,1,-1,0.0,-65.37840359875428,1
268,-1,1,-1,1,-1,-1,1,-1,-1,1,1,-1,-1,-1,1,-1,-1,1,1,1,1,1,1,-1,-1,1,1,1,-1,-1,-1,1,-1,1,-1,1,-1,1,-1,-1,0.0,-65.32779475795287,1
269,1,-1,-1,1,-1,-1,1,1,-1,1,1,-1,-1,-1,1,-1,1,-1,1,1,1,1,1,1,-1,-1,-1,1,-1,-1,-1,1,-1,1,-1,1,-1,1,-1,1,0.0,-65.32603077581226,1
270,-1,1,-1,1,-1,-1,-1,1,-1,1,1,-1,-1,1,1,-1,-1,1,1,1,1,-1,-1,-1,-1,1,1,1,-1,-1,-1,1,-1,1,-1,1,-1,1,1,-1,0.0,-65.31458489292379,1
271,-1,-1,-1,1,-1,-1,1,1,-1,1,1,-1,-1,1,1,-1,1,-1,1,1,1,-1,1,1,1,1,1,1,-1,-1,-1,1,-1,1,-1,1,-1,1,1,1,0.0,-65.3131402676909,1
272,-1,1,1,-1,1,1,-1,-1,1,-1,-1,1,1,1,-1,1,1,-1,-1,-1,-1,-1,-1,-1,1,1,1,-1,1,1,1,-1,1,-1,1,-1,1,-1,-1,1,0.0,-65.29879426525198,1
273,1,-1,-1,1,-1,-1,-1,1,-1,1,1,-1,-1,-1,1,-1,-1,-1,1,1,1,1,1,1,-1,-1,1,1,-1,-1,-1,1,-1,1,-1,1,-1,1,1,1,0.0,-65.28627492834217,1
274,-1,1,-1,1,-1,-1,1,-1,-1,1,1,-1,-1,-1,1,-1,1,1,-1,1,1,1,-1,-1,-1,1,1,1,-1,-1,-1,1,-1,1,-1,1,-1,1,1,-1,0.0,-65.26186651564846,2
275,1,-1,-1,1,-1,-1,1,-1,1,1,1,-1,1,-1,-1,-1,-1,1,-1,-1,1,1,1,1,1,-1,-1,1,1,1,-1,-1,-1,-1,-1,1,-1,1,-1,-1,0.0,-65.2612317963394,1
276,-1,1,-1,1,-1,-1,1,-1,-1,1,1,-1,1,-1,-1,-1,-1,1,1,1,1,-1,-1,-1,-1,1,-1,1,-1,-1,-1,1,-1,1,-1,1,-1,1,-1,-1,0.025,-65.58637809292429,1
277,-1,1,1,-1,-1,1,-1,1,-1,1,1,-1,-1,-1,1,-1,1,-1,1,1,1,1,-1,-1,-1,1,1,1,-1,-1,-1,1,-1,1,1,-1,1,-1,1,1,0.0,-65.21849628649697,1
278,-1,1,-1,1,-1,-1,1,1,-1,1,1,-1,-1,1,1,-1,-1,1,-1,1,1,-1,-1,-1,-1,1,1,1,-1,-1,-1,1,-1,1,-1,1,-1,1,1,-1,0.025,-65.64576658792762,1
279,-1,1,1,-1,1,1,-1,-1,1,-1,-1,1,-1,1,-1,1,-1,1,-1,-1,-1,-1,-1,-1,-1,-1,1,-1,1,1,1,-1,1,-1,1,-1,1,-1,1,-1,0.0,-65.21491876845154,1
280,1,1,-1,1,-1,-1,1,-1,-1,1,1,-1,1,1,1,-1,-1,1,1,1,1,-1,1,-1,-1,1,1,1,-1,-1,-1,1,-1,1,-1,1,-1,1,1,-1,0.0,-65.19131890598227,1
281,-1,1,1,-1,-1,1,1,1,-1,1,1,-1,1,-1,1,-1,-1,1,1,1,1,1,-1,-1,-1,1,-1,1,-1,-1,-1,1,-1,1,1,-1,1,-1,1,-1,0.0,-65.18549070284325,1
282,-1,1,-1,1,-1,-1,1,-1,-1,1,1,-1,-1,-1,1,-1,-1,1,1,-1,1,1,-1,-1,-1,1,-1,1,-1,1,-1,1,-1,1,-1,1,-1,1,1,-1,0.0,-65.1724061695201,1
283,-1,1,-1,1,-1,-1,1,-1,-1,1,1,-1,1,-1,1,-1,-1,1,1,-1,1,1,-1,-1,-1,1,-1,1,-1,-1,-1,1,-1,1,-1,1,-1,1,1,-1,0.0,-65.15165895968546,1
284,-1,1,-1,1,1,-1,1,-1,-1,1,1,-1,-1,1,1,-1,-1,-1,1,1,1,-1,-1,-1,-1,1,1,1,-1,-1,-1,1,-1,1,-1,1,-1,1,1,1,0.0,-65.13568499069576,1
285,-1,-1,1,-1,1,1,-1,-1,1,-1,-1,1,-1,1,-1,1,-1,-1,-1,-1,-1,1,-1,1,1,1,1,-1,1,1,1,-1,1,-1,1,-1,1,-1,1,-1,0.0,-65.12087915804834,1
286,-1,1,-1,1,-1,-1,1,-1,-1,1,1,-1,1,1,-1,-1,-1,1,1,1,1,-1,-1,-1,-1,1,-1,1,-1,-1,-1,-1,-1,1,-1,1,-1,1,-1,-1,0.0,-65.11847840623352,2
287,1,-1,1,-1,1,1,-1,1,1,-1,-1,1,-1,1,-1,1,1,1,-1,-1,-1,1,1,1,-1,-1,1,-1,1,1,1,-1,1,-1,1,-1,1,-1,-1,-1,0.025,-66.10031149259767,1
288,-1,-1,1,-1,1,1,-1,1,1,-1,-1,1,-1,1,-1,1,-1,-1,-1,-1,-1,1,-1,1,1,-1,1,-1,1,1,1,-1,1,-1,1,-1,1,-1,1,1,0.0,-65.08247125237885,1
289,-1,1,-1,1,-1,-1,1,-1,-1,1,1,-1,-1,1,1,-1,1,1,1,1,1,-1,1,-1,-1,1,1,1,-1,-1,-1,1,-1,1,-1,1,-1,1,-1,1,0.0,-65.04436893086083,1
290,-1,1,-1,1,1,-1,1,-1,-1,1,1,-1,-1,-1,1,-1,1,1,1,1,1,1,-1,-1,-1,1,-1,1,-1,-1,-1,1,-1,1,-1,1,-1,1,-1,1,0.0,-64.98789686883222,1
291,-1,1,-1,1,-1,-1,1,-1,-1,1,1,-1,-1,-1,-1,-1,1,1,1,1,1,1,-1,-1,-1,1,-1,1,-1,-1,-1,1,-1,1,-1,1,-1,1,-1,-1,0.0,-64.9789527797331,1
292,-1,1,-1,1,-1,-1,1,-1,-1,1,1,-1,-1,-1,1,-1,-1,-1,1,1,1,1,-1,-1,-1,1,1,1,-1,-1,-1,1,-1,1,-1,1,-1,-1,1,1,0.0,-64.94348655620426,1
293,-1,1,-1,1,-1,-1,-1,1,-1,1,1,-1,-1,-1,1,-1,-1,1,-1,1,1,1,-1,-1,-1,1,1,1,-1,-1,-1,1,-1,1,-1,1,-1,1,1,-1,0.0,-64.93469443907065,1
294,1,1,1,-1,1,1,-1,1,1,-1,-1,1,1,1,-1,1,1,1,-1,-1,-1,-1,-1,-1,-1,-1,-1,-1,1,1,1,-1,1,-1,1,-1,1,-1,-1,1,0.025,-65.92588248855562,1
295,1,1,-1,1,1,-1,1,-1,-1,1,1,-1,1,-1,1,-1,1,-1,1,1,1,-1,1,-1,-1,1,-1,1,-1,-1,-1,1,-1,1,-1,1,-1,1,-1,1,0.0,-64.89148244411228,2
296,-1,1,-1,1,1,-1,1,-1,-1,1,1,-1,-1,-1,1,-1,-1,1,1,1,1,1,-1,-1,1,1,1,1,-1,-1,-1,1,-1,1,-1,1,-1,1,1,-1,0.0,-64.88649487106194,1
297,-1,1,1,-1,-1,-1,-1,1,-1,1,1,-1,1,-1,1,-1,1,-1,1,1,1,1,-1,-1,-1,1,-1,1,-1,-1,-1,1,-1,1,1,-1,1,-1,1,1,0.0,-64.87972326162695,1
298,1,-1,1,-1,1,1,-1,1,1,-1,1,-1,1,1,-1,1,-1,1,-1,1,1,-1,1,1,1,-1,1,1,1,1,1,-1,1,-1,1,-1,1,-1,1,-1,0.0,-64.81666630037013,1
299,-1,1,-1,1,-1,-1,1,1,-1,1,1,-1,1,-1,1,-1,1,1,1,1,1,1,-1,-1,1,1,-1,1,-1,-1,-1,1,-1,1,-1,1,-1,1,1,-1,0.0,-64.71483976245729,1
300,-1,1,-1,1,-1,-1,1,1,-1,1,1,-1,-1,-1,1,-1,-1,-1,1,1,1,1,1,-1,-1,1,-1,1,-1,-1,-1,1,-1,1,-1,1,-1,1,1,1,0.025,-65.14152896629952,1
301,1,1,-1,1,-1,-1,1,-1,-1,1,1,-1,-1,1,1,-1,-1,1,-1,1,1,-1,1,-1,-1,1,1,1,-1,-1,-1,1,-1,1,-1,1,-1,1,1,-1,0.0,-64.70301708319165,1
302,1,1,-1,1,-1,-1,1,-1,-1,1,1,-1,-1,1,1,-1,1,-1,1,1,1,-1,1,-1,-1,1,1,1,-1,-1,-1,1,-1,1,-1,1,-1,1,1,-1,0.0,-64.68738704811092,1
303,-1,1,-1,1,-1,-1,-1,1,-1,1,1,-1,-1,-1,1,-1,1,1,1,1,1,1,-1,-1,-1,1,-1,1,-1,-1,-1,1,-1,1,-1,1,-1,1,-1,1,0.0,-64.66802029123237,1
304,-1,1,-1,1,-1,-1,1,-1,-1,1,1,-1,1,-1,-1,-1,-1,1,1,1,1,1,1,-1,-1,1,-1,1,-1,-1,-1,-1,-1,1,-1,1,-1,1,-1,-1,0.0,-64.63755682798137,1
305,-1,1,-1,1,1,-1,1,1,-1,1,1,-1,-1,1,1,-1,1,-1,1,1,1,-1,-1,-1,-1,1,1,1,-1,-1,-1,1,-1,1,-1,1,-1,1,1,1,0.025,-65.05745005866892,1
306,-1,1,-1,1,-1,-1,1,-1,1,1,1,-1,1,-1,-1,-1,-1,1,-1,-1,1,1,-1,-1,1,1,-1,1,1,1,-1,-1,-1,-1,-1,1,-1,1,-1,-1,0.0,-64.61244431075431,1
307,1,-1,-1,-1,-1,1,-1,-1,1,-1,-1,1,1,1,-1,1,1,-1,-1,-1,-1,-1,1,1,1,-1,-1,-1,1,1,1,-1,1,-1,1,1,-1,1,-1,1,0.0,-64.60691849621975,1
308,1,-1,1,-1,1,1,-1,1,1,-1,1,-1,1,1,-1,1,-1,1,-1,-1,1,-1,1,1,1,-1,1,1,1,1,1,-1,1,-1,1,-1,1,-1,1,-1,0.0,-64.60533136430932,1
309,-1,1,-1,1,-1,-1,1,-1,-1,1,-1,1,-1,-1,1,-1,1,-1,1,1,-1,1,-1,-1,-1,1,-1,-1,-1,-1,-1,1,-1,1,-1,1,-1,1,-1,1,0.0,-64.6053313643093,1
310,-1,1,-1,1,-1,-1,1,-1,-1,1,1,-1,-1,-1,1,-1,1,-1,1,-1,1,1,-1,-1,-1,1,1,1,-1,-1,-1,1,-1,1,-1,1,-1,1,1,1,0.0,-64.5812051808927,1
311,-1,-1,-1,1,-1,-1,1,1,-1,1,1,-1,1,-1,1,-1,1,-1,1,1,1,-1,-1,-1,1,1,-1,1,-1,-1,-1,1,-1,1,-1,1,-1,1,1,1,0.0,-64.55268031606617,1
312,-1,1,-1,-1,-1,-1,1,1,-1,1,1,-1,1,-1,1,-1,-1,-1,1,1,1,1,-1,-1,-1,1,-1,1,-1,-1,-1,1,-1,1,-1,1,-1,1,1,1,0.025,-64.91555326135793,1
313,-1,1,-1,1,-1,-1,1,1,-1,1,1,-1,1,-1,1,-1,-1,1,1,1,1,-1,-1,-1,-1,1,-1,1,-1,-1,-1,1,-1,1,-1,1,-1,1,-1,-1,0.05,-66.1475821687437,1
314,-1,1,-1,1,1,-1,1,-1,-1,1,1,-1,1,-1,1,-1,1,-1,1,1,1,1,-1,-1,1,1,-1,1,-1,-1,-1,1,-1,1,-1,1,-1,1,1,1,0.0,-64.4712787548035,1
315,-1,1,-1,1,-1,-1,-1,1,-1,1,1,-1,-1,-1,1,-1,-1,1,1,1,1,1,-1,-1,-1,1,1,1,-1,-1,-1,1,-1,1,-1,1,-1,1,-1,1,0.0,-64.42850570817563,1
316,-1,-1,-1,1,-1,-1,1,-1,1,1,1,-1,1,-1,-1,-1,-1,1,-1,1,1,1,1,1,1,1,-1,1,1,1,-1,-1,-1,1,-1,1,-1,1,-1,-1,0.0,-64.41691976352533,1
317,-1,1,-1,1,-1,-1,-1,1,-1,1,1,-1,-1,1,1,-1,1,1,1,1,1,-1,-1,-1,-1,1,1,1,-1,-1,-1,1,-1,1,-1,1,-1,1,-1,1,0.0,-64.40611844385926,1
318,1,1,-1,1,1,-1,1,-1,-1,1,1,-1,1,-1,1,-1,-1,-1,1,1,1,-1,1,-1,-1,1,-1,1,-1,-1,-1,1,-1,1,-1,1,-1,1,1,1,0.0,-64.36546945372413,1
319,1,-1,1,-1,-1,1,-1,-1,1,-1,-1,1,1,1,-1,1,-1,1,-1,-1,-1,-1,1,1,1,-1,-1,-1,1,1,1,-1,1,-1,1,1,1,-1,1,-1,0.0,-64.3429575624644,1
320,-1,1,1,-1,-1,1,-1,1,-1,1,1,-1,1,-1,1,-1,-1,1,1,1,1,-1,-1,-1,-1,1,-1,1,-1,-1,-1,1,-1,1,1,-1,1,-1,1,-1,0.0,-64.33245000717713,1
321,-1,1,-1,1,-1,-1,1,-1,-1,1,1,-1,1,-1,1,-1,-1,1,1,1,1,-1,1,-1,1,1,-1,1,-1,-1,-1,1,-1,1,-1,1,-1,1,1,-1,0.0,-64.31624287046014,1
322,-1,1,-1,1,1,-1,1,1,-1,1,1,-1,-1,-1,1,-1,1,-1,1,1,1,1,-1,-1,-1,1,1,1,-1,-1,-1,1,-1,1,-1,-1,-1,1,1,1,0.0,-64.31314142122048,1
323,1,1,-1,1,-1,-1,1,-1,-1,1,1,-1,-1,-1,1,-1,1,1,1,1,1,1,-1,-1,-1,1,1,1,-1,-1,-1,1,-1,1,-1,1,-1,1,-1,1,0.0,-64.30431481837218,1
324,-1,-1,-1,1,1,-1,1,-1,1,-1,-1,1,1,1,-1,1,-1,1,-1,-1,-1,-1,-1,1,1,1,-1,-1,1,1,1,-1,1,-1,-1,1,-1,1,-1,-1,0.0,-64.29885858310286,1
325,-1,-1,-1,1,-1,-1,1,-1,-1,1,1,-1,1,-1,1,-1,-1,-1,1,1,1,1,-1,-1,1,1,-1,1,-1,-1,-1,1,-1,1,-1,1,-1,1,1,1,0.0,-64.29878701335842,1
326,1,1,-1,1,-1,-1,1,-1,-1,1,1,-1,1,1,1,-1,1,1,1,1,1,-1,1,-1,-1,1,1,1,-1,-1,-1,1,-1,1,-1,1,-1,1,-1,1,0.0,-64.28285245691774,1
327,1,-1,1,1,-1,1,-1,-1,1,-1,-1,1,-1,1,-1,1,-1,1,-1,-1,-1,1,1,1,1,-1,1,-1,1,1,1,-1,1,-1,1,1,1,-1,1,-1,0.0,-64.2686508069955,1
328,1,-1,1,-1,1,1,-1,-1,1,-1,1,-1,1,1,-1,1,-1,1,-1,1,1,-1,1,1,1,-1,1,1,1,1,1,-1,1,-1,1,-1,1,-1,1,-1,0.0,-64.24223451919906,2
329,1,-1,1,1,-1,1,-1,-1,1,-1,-1,1,-1,1,-1,1,1,-1,-1,-1,-1,1,1,1,1,-1,1,-1,1,1,1,-1,1,-1,1,1,1,-1,-1,1,0.0,-64.24141429643521,1
330,1,-1,-1,1,1,-1,-1,-1,1,-1,-1,1,1,1,-1,1,1,-1,-1,-1,-1,-1,1,1,1,-1,1,-1,1,1,1,-1,1,-1,-1,1,-1,1,-1,1,0.0,-64.22443737685225,1
331,1,1,-1,1,-1,-1,1,-1,-1,1,1,-1,-1,-1,1,-1,-1,1,1,1,1,1,1,-1,1,1,1,1,-1,-1,-1,1,-1,1,-1,1,-1,1,1,-1,0.0,-64.2198285315629,1
332,-1,1,-1,1,-1,-1,1,-1,-1,1,1,-1,-1,1,1,-1,-1,1,1,1,1,-1,-1,-1,-1,1,1,1,-1,-1,-1,1,-1,1,-1,1,1,-1,1,-1,0.0,-64.21937748148024,1
333,-1,1,-1,1,-1,-1,1,1,-1,1,-1,1,-1,-1,1,-1,-1,1,1,-1,-1,1,-1,-1,-1,1,-1,-1,-1,-1,-1,1,-1,1,-1,1,-1,1,1,-1,0.0,-64.21499800863877,1
334,1,-1,1,-1,1,1,-1,-1,1,-1,1,-1,1,1,-1,1,-1,1,-1,1,1,-1,1,1,1,-1,1,1,1,1,1,-1,1,-1,1,-1,1,-1,-1,-1,0.0,-64.21241837795512,1
335,-1,1,-1,-1,1,-1,1,-1,-1,1,1,-1,-1,-1,1,-1,1,-1,1,1,1,1,-1,-1,-1,1,1,1,-1,-1,-1,1,-1,1,-1,-1,-1,1,-1,1,0.0,-64.19716482035176,1
336,-1,1,-1,1,-1,-1,1,-1,-1,1,1,-1,1,-1,1,-1,-1,-1,1,-1,1,-1,-1,-1,-1,1,-1,1,-1,-1,-1,1,-1,1,-1,1,-1,1,1,1,0.0,-64.17689305542889,1
337,-1,1,-1,-1,1,-1,1,-1,-1,1,1,-1,-1,-1,1,-1,-1,1,1,1,1,1,-1,-1,-1,1,1,1,-1,-1,-1,1,-1,1,-1,-1,-1,1,1,-1,0.0,-64.16992830979149,1
338,-1,1,-1,1,-1,-1,1,1,-1,1,1,-1,-1,-1,-1,-1,-1,1,1,1,1,1,-1,-1,-1,1,-1,1,-1,-1,-1,1,-1,1,-1,1,-1,1,-1,-1,0.025,-64.52688241019091,1
339,-1,1,-1,1,-1,-1,1,-1,-1,1,1,-1,1,-1,-1,-1,-1,1,1,1,1,-1,1,-1,-1,1,-1,1,-1,-1,-1,-1,-1,1,-1,1,-1,1,-1,-1,0.0,-64.16156740355268,1
340,1,-1,-1,1,-1,-1,1,1,-1,1,1,-1,-1,-1,1,-1,-1,1,1,1,1,1,1,1,-1,-1,1,1,-1,-1,-1,1,-1,1,-1,1,-1,1,-1,1,0.0,-64.15081323313073,1
341,-1,1,1,-1,1,-1,-1,1,-1,1,1,-1,-1,-1,1,-1,-1,1,1,1,1,1,-1,-1,-1,1,1,1,-1,-1,-1,1,-1,1,1,-1,1,-1,1,-1,0.0,-64.1454759412829,1
342,-1,1,-1,1,-1,-1,1,-1,1,1,1,-1,1,-1,-1,-1,-1,1,-1,-1,1,-1,-1,-1,1,1,-1,1,1,1,-1,-1,-1,-1,-1,1,-1,1,-1,-1,0.0,-64.13645488632561,1
343,1,1,-1,1,-1,-1,1,1,-1,1,1,-1,-1,1,1,-1,-1,1,-1,1,1,-1,1,-1,-1,1,1,1,-1,-1,-1,1,-1,1,-1,1,-1,1,1,-1,0.0,-64.12858530202058,1
344,-1,1,-1,1,-1,-1,1,-1,-1,1,1,-1,1,-1,1,-1,1,1,1,1,1,1,-1,-1,-1,1,-1,1,-1,-1,-1,1,-1,1,-1,1,-1,-1,-1,1,0.0,-64.1211601013928,1
345,-1,1,-1,1,-1,-1,1,-1,-1,1,-1,1,-1,-1,1,-1,-1,-1,1,1,-1,1,-1,-1,-1,1,-1,-1,-1,-1,-1,1,-1,1,-1,1,-1,1,1,1,0.0,-64.07931837392114,1
346,1,-1,1,-1,1,1,-1,1,1,-1,-1,1,-1,1,1,1,1,-1,-1,-1,-1,1,1,1,-1,-1,1,-1,1,1,1,1,1,-1,1,-1,1,-1,1,1,0.0,-64.06085424711746,1
347,1,1,-1,1,-1,-1,1,-1,-1,1,1,-1,-1,1,1,-1,-1,1,1,1,1,1,1,-1,-1,1,1,1,-1,-1,-1,1,-1,1,-1,1,-1,1,1,-1,0.0,-64.05670800760358,1
348,1,-1,-1,1,-1,-1,1,-1,1,-1,-1,1,-1,1,-1,1,-1,1,-1,-1,-1,-1,1,1,1,-1,1,-1,1,1,1,-1,-1,-1,-1,1,-1,1,1,-1,0.0,-64.0333487015753,1
349,1,-1,-1,1,1,-1,-1,-1,1,-1,-1,1,1,1,-1,1,-1,1,-1,-1,-1,-1,1,1,-1,-1,-1,-1,1,1,1,-1,1,-1,-1,1,-1,1,-1,-1,0.0,-64.02010695849707,1
350,-1,-1,-1,1,1,1,1,-1,1,-1,-1,1,-1,1,-1,1,-1,1,-1,-1,-1,-1,-1,1,1,1,1,-1,1,1,1,-1,1,-1,-1,1,-1,1,1,-1,0.0,-63.98990169947675,1
351,1,-1,-1,1,-1,-1,1,-1,1,-1,-1,1,1,1,-1,1,-1,1,-1,-1,-1,-1,1,1,1,-1,-1,-1,1,1,1,-1,1,-1,-1,1,-1,1,1,-1,0.0,-63.97765252120463,1
352,-1,1,1,-1,-1,-1,-1,1,-1,1,1,-1,1,-1,1,-1,-1,1,1,1,1,-1,-1,-1,-1,1,-1,1,-1,-1,-1,1,-1,1,1,-1,-1,-1,1,-1,0.0,-63.97120187538536,1
353,-1,-1,-1,1,1,1,1,-1,1,-1,-1,1,1,1,-1,1,-1,1,-1,-1,-1,-1,-1,1,1,1,-1,-1,1,1,1,-1,1,-1,-1,1,1,1,1,-1,0.0,-63.967426592555015,1
354,1,1,1,-1,-1,1,-1,-1,1,-1,-1,1,-1,1,-1,1,-1,1,-1,-1,-1,-1,-1,-1,-1,-1,1,-1,1,1,1,-1,1,-1,1,-1,1,-1,1,-1,0.0,-63.96469257093185,1
355,-1,1,-1,1,-1,-1,1,-1,-1,1,1,-1,1,1,-1,-1,-1,1,1,1,1,-1,-1,-1,-1,1,1,1,-1,-1,-1,-1,-1,1,-1,1,1,-1,-1,-1,0.0,-63.94913008196238,1
356,-1,1,-1,1,1,-1,1,-1,-1,1,1,-1,1,-1,1,-1,-1,1,1,1,1,-1,-1,-1,-1,1,-1,1,-1,-1,-1,1,-1,1,-1,1,-1,1,-1,1,0.0,-63.85975637577201,1
357,-1,1,1,-1,1,1,-1,-1,1,-1,-1,1,-1,1,-1,1,-1,1,-1,-1,-1,-1,-1,-1,-1,1,1,-1,1,1,1,-1,1,-1,1,-1,1,-1,-1,1,0.025,-63.45730019627824,1
358,-1,-1,1,-1,1,1,-1,1,1,-1,-1,1,1,1,-1,1,-1,1,1,-1,-1,-1,-1,-1,1,-1,-1,-1,1,1,1,-1,1,-1,1,-1,1,-1,1,-1,0.0,-63.842843908724305,1
359,-1,1,-1,1,-1,-1,1,-1,-1,1,1,-1,1,1,1,-1,-1,-1,1,1,1,-1,-1,-1,1,1,1,1,-1,-1,-1,1,-1,1,-1,1,-1,1,1,1,0.0,-63.82616545366084,1
360,1,-1,1,1,1,1,-1,-1,1,-1,-1,1,1,1,-1,1,-1,1,-1,-1,-1,-1,1,1,-1,-1,-1,-1,1,1,1,-1,1,-1,-1,-1,1,-1,1,-1,0.0,-63.82234779945149,1
361,-1,1,-1,1,1,-1,1,1,-1,1,1,-1,-1,-1,1,-1,-1,-1,1,1,1,1,-1,-1,-1,1,1,1,-1,-1,-1,1,-1,1,-1,-1,-1,1,1,1,0.0,-63.81694457207625,1
362,-1,-1,-1,1,-1,-1,1,1,-1,1,1,-1,-1,1,1,-1,-1,1,1,1,1,-1,-1,-1,1,1,1,1,-1,-1,-1,1,-1,1,-1,1,-1,1,1,-1,0.0,-63.808294197814384,1
363,-1,1,-1,1,-1,-1,1,-1,-1,1,1,-1,-1,1,1,-1,1,-1,1,1,1,-1,-1,-1,-1,1,1,1,-1,-1,-1,1,-1,1,-1,1,-1,-1,1,1,0.0,-63.80409174640958,1
364,-1,1,-1,1,-1,-1,1,-1,-1,1,1,-1,1,1,1,-1,-1,-1,1,1,1,-1,-1,-1,-1,1,1,1,-1,-1,-1,1,-1,1,-1,1,-1,1,-1,1,0.0,-63.76797775254508,1
365,-1,1,1,1,1,1,1,-1,1,-1,-1,1,1,1,-1,1,-1,1,-1,-1,-1,-1,-1,-1,1,1,-1,-1,1,1,1,-1,1,-1,-1,-1,1,-1,1,-1,0.0,-63.764955277200144,1
366,-1,1,-1,-1,-1,-1,1,1,-1,1,1,-1,-1,1,1,-1,-1,1,1,1,1,-1,-1,-1,-1,1,1,1,-1,-1,-1,1,-1,1,-1,1,-1,1,1,-1,0.025,-64.19137456782167,1
367,-1,1,-1,1,-1,-1,1,-1,-1,1,1,-1,-1,1,1,-1,1,-1,1,1,1,-1,-1,-1,-1,1,1,1,-1,-1,-1,1,-1,1,-1,1,1,1,-1,1,0.0,-63.75743491722635,1
368,-1,1,1,-1,-1,1,1,1,-1,1,1,-1,-1,-1,1,-1,1,-1,1,1,1,1,-1,-1,-1,1,1,1,-1,-1,-1,1,-1,1,1,-1,-1,-1,1,1,0.0,-63.74039806007305,1
369,1,-1,1,-1,1,1,-1,1,1,-1,-1,1,1,1,-1,1,-1,-1,1,-1,-1,-1,1,1,1,-1,1,-1,1,1,1,-1,1,-1,1,-1,1,-1,1,-1,0.0,-63.69755653779979,1
370,-1,1,1,-1,-1,1,-1,-1,1,-1,-1,1,-1,1,-1,1,-1,1,-1,-1,-1,-1,-1,-1,1,1,1,-1,1,1,1,-1,1,-1,1,-1,1,-1,1,-1,0.0,-63.685865090436174,1
371,-1,1,1,-1,-1,1,-1,-1,1,-1,-1,1,1,1,-1,1,-1,1,-1,-1,-1,-1,-1,-1,-1,1,-1,-1,1,1,1,-1,1,-1,1,-1,1,-1,-1,-1,0.025,-63.29725018767503,1
372,-1,1,1,-1,-1,-1,-1,1,-1,1,1,-1,-1,1,1,-1,-1,1,1,1,1,-1,-1,-1,-1,1,1,1,-1,-1,-1,1,-1,1,1,-1,1,-1,1,-1,0.0,-63.65934771894647,1
373,1,1,-1,1,1,-1,1,-1,-1,1,1,-1,-1,1,1,-1,-1,-1,1,1,1,-1,1,-1,-1,1,1,1,-1,-1,-1,1,-1,1,-1,1,-1,1,1,1,0.0,-63.61850370478872,1
374,-1,-1,-1,1,-1,-1,1,-1,-1,1,1,-1,1,1,1,-1,1,-1,1,1,1,-1,1,1,1,1,1,1,-1,-1,-1,1,-1,1,-1,1,-1,1,-1,1,0.0,-63.58209024094119,1
375,-1,-1,1,-1,1,1,1,-1,1,-1,-1,1,1,1,-1,1,1,1,1,-1,-1,-1,-1,1,1,1,-1,-1,1,1,1,-1,1,-1,1,-1,1,-1,-1,-1,0.0,-63.51628025584873,1
376,-1,1,1,-1,-1,-1,1,1,-1,1,1,-1,-1,-1,1,-1,-1,-1,1,1,1,1,-1,-1,-1,1,-1,1,-1,-1,-1,1,-1,1,1,-1,1,-1,1,-1,0.0,-63.50655764679141,1
377,1,-1,1,1,-1,1,-1,-1,1,-1,-1,1,1,-1,-1,1,-1,1,-1,-1,-1,1,1,1,1,-1,-1,-1,1,1,1,-1,1,-1,1,1,1,-1,-1,-1,0.0,-63.491868916816145,1
378,-1,-1,-1,1,1,-1,1,-1,1,-1,-1,1,1,1,-1,1,-1,1,-1,-1,-1,-1,-1,1,1,1,-1,-1,1,1,1,-1,1,1,-1,1,-1,1,1,-1,0.0,-63.487280576292775,1
379,1,1,-1,1,-1,-1,1,1,-1,1,1,-1,1,-1,1,-1,-1,1,-1,1,1,1,1,-1,-1,1,-1,1,-1,-1,-1,1,-1,1,-1,1,-1,1,1,-1,0.0,-63.475463245777206,1
380,-1,-1,-1,1,1,-1,1,-1,1,-1,-1,1,1,1,-1,1,-1,1,-1,-1,-1,-1,-1,1,1,1,-1,-1,1,1,1,-1,1,1,-1,1,-1,1,-1,-1,0.0,-63.45746443504885,1
381,-1,-1,1,-1,1,1,-1,1,1,-1,-1,1,1,1,-1,1,-1,-1,-1,-1,-1,-1,-1,-1,1,-1,-1,-1,1,1,1,-1,1,-1,1,-1,1,-1,1,1,0.0,-63.4480958184158,1
382,-1,1,-1,1,-1,-1,1,-1,-1,1,-1,1,-1,-1,1,-1,-1,1,1,-1,-1,1,-1,-1,-1,1,-1,-1,-1,1,-1,1,-1,1,-1,1,-1,1,1,-1,0.0,-63.42715205780543,1
383,-1,1,-1,1,-1,-1,1,-1,-1,1,1,-1,1,1,1,-1,1,1,1,1,1,-1,-1,-1,1,1,1,1,-1,-1,-1,1,-1,1,-1,1,-1,1,-1,1,0.0,-63.416475484424176,1
384,1,1,-1,1,-1,-1,1,1,-1,1,1,-1,1,-1,1,-1,1,-1,1,1,1,1,-1,-1,-1,-1,-1,1,-1,-1,-1,1,-1,1,-1,1,-1,1,-1,1,0.0,-63.39126195461596,1
385,1,1,-1,1,-1,-1,1,-1,-1,1,1,-1,-1,-1,-1,-1,-1,1,-1,-1,1,1,1,-1,-1,1,1,1,-1,1,-1,1,-1,1,-1,1,-1,1,-1,-1,0.0,-63.3779018206284,1
386,-1,-1,-1,1,-1,-1,1,-1,1,1,1,-1,1,-1,-1,-1,-1,1,-1,-1,1,-1,1,1,1,1,-1,1,1,1,-1,-1,-1,-1,-1,1,-1,1,-1,-1,0.0,-63.366366683217805,1
387,-1,1,-1,1,1,-1,1,-1,-1,1,1,-1,-1,1,1,-1,1,-1,1,1,1,-1,1,-1,-1,1,1,1,-1,-1,-1,1,-1,1,-1,1,-1,1,1,1,0.0,-63.34903673787461,1
388,1,1,1,-1,1,1,-1,-1,1,-1,-1,1,1,1,-1,1,-1,-1,-1,-1,-1,-1,-1,-1,-1,-1,-1,-1,1,1,1,-1,1,-1,1,-1,1,-1,1,1,0.025,-64.56831786477319,1
389,1,1,-1,1,-1,-1,1,-1,-1,1,1,-1,-1,1,-1,-1,-1,1,1,1,1,-1,1,-1,-1,1,1,1,-1,-1,-1,1,-1,1,-1,1,-1,1,-1,-1,0.0,-63.322231058081826,1
390,-1,1,-1,1,1,-1,1,-1,-1,1,1,-1,1,1,1,-1,-1,-1,1,1,1,-1,-1,-1,-1,1,1,1,-1,-1,-1,1,-1,1,-1,1,-1,1,1,-1,0.0,-63.315537989756606,1
391,1,-1,1,-1,1,1,-1,-1,1,-1,1,-1,1,1,-1,1,-1,-1,-1,1,1,-1,1,1,1,-1,1,1,1,1,1,-1,1,-1,1,-1,1,-1,1,-1,0.0,-63.306531559574246,1
392,1,-1,1,1,1,1,-1,-1,1,-1,-1,1,1,1,-1,1,1,1,-1,-1,-1,-1,1,1,-1,-1,-1,-1,1,1,1,-1,1,-1,-1,-1,1,-1,-1,-1,0.0,-63.29633480906334,1
393,-1,1,-1,1,-1,-1,1,-1,-1,1,1,-1,1,-1,1,-1,1,1,1,1,1,1,1,-1,-1,1,-1,1,-1,-1,-1,1,-1,1,-1,1,-1,1,1,1,0.0,-63.29138218785808,1
394,-1,1,-1,1,-1,-1,1,-1,-1,1,1,-1,1,-1,1,-1,1,-1,1,1,1,-1,-1,-1,-1,1,-1,1,-1,-1,-1,1,-1,-1,-1,1,-1,1,1,1,0.0,-63.276509294535536,1
395,1,-1,-1,1,1,1,-1,-1,1,-1,-1,1,-1,1,-1,1,-1,1,-1,-1,-1,1,1,1,-1,-1,1,-1,1,1,1,-1,1,-1,-1,1,-1,1,1,-1,0.0,-63.23516065044226,1
396,-1,1,-1,1,1,1,1,-1,1,-1,-1,1,1,1,-1,1,-1,-1,-1,-1,-1,-1,-1,-1,1,1,-1,-1,1,1,1,-1,1,-1,-1,1,-1,1,1,-1,0.0,-63.22134778512813,1
397,-1,1,-1,1,-1,-1,1,-1,-1,1,1,-1,1,-1,1,-1,1,-1,-1,1,1,1,-1,-1,-1,1,-1,1,1,-1,-1,1,-1,1,-1,1,-1,1,1,1,0.0,-63.20942426366938,1
398,-1,1,-1,1,-1,-1,1,-1,-1,1,1,-1,-1,-1,-1,-1,-1,1,1,-1,1,1,-1,-1,-1,1,1,1,-1,1,-1,1,-1,1,-1,1,-1,1,-1,-1,0.025,-64.46023117113387,1
399,-1,1,-1,1,-1,-1,-1,-1,-1,1,1,-1,-1,-1,1,-1,-1,1,1,1,1,1,-1,-1,-1,1,1,1,-1,-1,-1,1,-1,-1,-1,1,-1,1,1,-1,0.0,-63.1635135018138,1
400,-1,1,1,-1,1,1,1,-1,1,-1,-1,1,-1,1,-1,1,-1,1,-1,-1,-1,-1,-1,-1,1,1,1,-1,1,1,1,-1,1,1,1,-1,1,-1,-1,-1,0.0,-63.150814504436504,1
401,1,1,-1,1,1,-1,1,1,-1,1,1,-1,-1,1,1,-1,-1,1,1,1,1,-1,1,-1,-1,1,1,1,-1,-1,-1,1,-1,1,-1,1,-1,1,1,-1,0.025,-63.54284840344551,1
402,-1,-1,-1,1,-1,-1,1,-1,1,-1,-1,1,-1,1,-1,1,-1,1,-1,-1,-1,-1,-1,1,1,1,1,-1,1,1,1,-1,-1,-1,-1,1,-1,1,1,-1,0.0,-63.11371099818118,1
403,-1,-1,-1,1,-1,-1,1,-1,-1,1,1,-1,1,-1,1,-1,-1,-1,1,1,1,1,1,1,-1,1,-1,1,-1,-1,-1,1,-1,1,-1,1,-1,1,1,1,0.0,-63.10319479130431,1
404,1,-1,-1,1,-1,-1,1,-1,1,-1,-1,1,-1,1,-1,1,-1,1,-1,-1,-1,1,1,1,1,-1,1,-1,1,1,1,-1,1,-1,-1,1,-1,1,1,-1,0.0,-63.08902661120114,1
405,-1,-1,-1,1,-1,-1,1,-1,1,-1,-1,1,1,1,-1,1,-1,1,-1,-1,-1,-1,-1,1,1,1,-1,-1,1,1,1,-1,1,-1,-1,1,-1,1,1,-1,0.0,-63.058014817810516,1
406,1,1,1,-1,-1,1,-1,-1,1,-1,-1,1,-1,1,-1,1,-1,-1,-1,-1,-1,-1,-1,-1,-1,-1,1,-1,1,1,1,-1,1,-1,1,-1,1,-1,1,-1,0.0,-63.02898961130703,1
407,-1,-1,-1,1,-1,-1,1,-1,1,-1,-1,1,1,1,-1,1,-1,1,-1,-1,-1,-1,-1,1,1,1,-1,-1,1,1,1,-1,1,-1,-1,1,-1,1,-1,-1,0.0,-63.02819867656659,1
408,-1,-1,-1,1,1,1,1,-1,1,-1,-1,1,-1,1,-1,1,1,1,-1,-1,-1,1,-1,1,1,1,1,-1,1,1,1,-1,1,-1,-1,1,-1,1,-1,-1,0.0,-62.987899284659896,1
409,-1,1,-1,1,-1,-1,1,-1,-1,1,1,-1,1,1,1,-1,1,1,1,1,1,-1,-1,-1,-1,1,-1,1,-1,-1,-1,1,-1,1,-1,1,-1,1,-1,1,0.0,-62.953079066685426,1
410,1,1,-1,1,-1,-1,1,-1,-1,1,1,-1,-1,-1,-1,-1,-1,1,1,-1,1,1,1,-1,-1,1,1,1,-1,1,-1,1,-1,1,-1,1,-1,1,-1,-1,0.0,-62.943049885226806,1
411,-1,1,-1,1,1,-1,1,-1,-1,1,1,-1,1,-1,1,-1,-1,1,1,1,1,1,-1,-1,-1,1,-1,1,-1,-1,-1,1,-1,1,-1,-1,-1,1,1,-1,0.0,-62.94297266968212,1
412,1,1,-1,1,-1,-1,1,-1,-1,1,1,-1,-1,-1,1,-1,1,-1,1,1,1,1,1,-1,-1,-1,1,1,-1,-1,-1,1,-1,1,-1,1,-1,1,-1,1,0.0,-62.92718784185011,1
413,1,-1,-1,1,1,1,1,-1,1,-1,-1,1,1,1,-1,1,-1,1,1,-1,-1,-1,1,1,1,-1,-1,-1,1,1,1,-1,1,-1,-1,1,1,1,1,-1,0.0,-62.8715821831571,1
414,-1,1,-1,1,-1,-1,1,1,-1,1,1,-1,1,1,1,-1,-1,1,1,1,1,-1,-1,-1,-1,1,-1,1,-1,-1,-1,1,-1,1,-1,1,-1,1,1,-1,0.025,-63.28711373457888,1
415,1,-1,-1,1,-1,-1,-1,1,-1,1,1,-1,-1,-1,1,-1,-1,-1,1,1,1,1,1,1,-1,-1,1,1,-1,-1,-1,1,-1,1,-1,1,-1,1,-1,1,0.0,-62.84452896882574,1
416,-1,1,1,-1,-1,1,-1,-1,1,-1,-1,1,-1,1,-1,1,1,-1,-1,-1,-1,1,-1,-1,-1,1,1,-1,1,1,1,-1,1,-1,1,-1,1,-1,-1,1,0.025,-62.41120390835519,1
417,-1,-1,1,-1,-1,1,-1,-1,1,-1,-1,1,1,-1,-1,1,1,1,-1,-1,-1,1,-1,1,1,-1,-1,-1,1,1,1,-1,1,-1,1,-1,1,-1,-1,1,0.0,-62.751105212679896,1
418,1,1,1,-1,1,1,-1,1,-1,1,1,-1,1,-1,1,-1,-1,-1,1,1,1,1,1,-1,-1,-1,-1,1,-1,-1,-1,1,1,1,1,-1,1,-1,1,1,0.0,-62.58769800779303,1
419,1,-1,1,1,-1,1,-1,-1,1,-1,-1,1,1,-1,-1,1,-1,-1,-1,-1,-1,1,1,1,1,-1,-1,-1,1,1,1,-1,1,-1,1,1,1,-1,1,-1,0.0,-62.58598209843525,1
420,-1,1,1,1,-1,-1,1,1,-1,1,1,-1,1,-1,1,-1,-1,1,1,1,1,1,-1,-1,-1,1,-1,1,-1,-1,-1,1,-1,1,1,1,-1,-1,1,-1,0.0,-62.58143849518123,1
421,-1,1,-1,1,-1,1,1,-1,1,-1,-1,1,-1,1,-1,1,1,-1,-1,-1,-1,-1,-1,-1,1,1,1,-1,1,1,1,-1,1,-1,-1,1,-1,1,-1,1,0.0,-62.567714312015354,1
422,1,-1,-1,1,-1,-1,-1,-1,1,-1,-1,1,-1,1,-1,1,-1,-1,-1,-1,-1,1,1,1,1,-1,1,-1,1,1,1,-1,1,-1,-1,1,-1,1,1,-1,0.0,-62.53037492281374,1
423,-1,1,1,1,-1,-1,1,-1,-1,1,1,-1,-1,1,1,-1,1,-1,1,1,1,-1,-1,-1,-1,1,1,1,-1,-1,-1,1,-1,1,-1,1,1,-1,-1,1,0.0,-62.50925194900563,1
424,1,-1,-1,1,-1,1,-1,-1,1,1,-1,1,1,1,-1,1,-1,1,-1,-1,-1,-1,1,1,-1,-1,-1,-1,1,1,1,-1,1,-1,-1,1,-1,1,1,-1,0.0,-62.451428967537126,1
425,-1,1,-1,1,-1,-1,1,-1,-1,1,1,-1,-1,1,1,-1,-1,-1,1,-1,1,-1,-1,-1,-1,1,1,1,-1,-1,-1,1,-1,1,-1,1,-1,1,1,1,0.0,-62.44941667280957,1
426,1,-1,-1,1,-1,-1,1,-1,1,-1,-1,1,1,1,-1,1,-1,1,1,-1,-1,-1,1,1,1,-1,-1,-1,1,1,1,-1,-1,-1,-1,1,-1,1,1,-1,0.0,-62.43050307435806,1
427,-1,-1,1,-1,1,1,-1,1,1,-1,-1,-1,1,1,-1,1,-1,1,-1,-1,-1,-1,-1,1,1,-1,1,-1,1,1,1,-1,1,-1,1,-1,1,-1,1,-1,0.025,-63.43013628635033,1
428,1,-1,1,-1,1,1,-1,1,1,-1,-1,-1,1,1,1,1,1,-1,-1,1,-1,-1,1,1,1,-1,1,1,1,-1,1,-1,1,-1,1,-1,1,-1,1,1,0.025,-63.378742942654,1
429,-1,1,1,1,1,1,1,-1,1,-1,-1,1,-1,1,-1,1,1,1,-1,-1,-1,1,-1,-1,1,1,1,-1,1,1,1,-1,1,-1,-1,-1,1,-1,-1,-1,0.0,-62.3503163768085,1
430,-1,1,1,-1,1,1,-1,1,-1,1,1,-1,-1,1,1,-1,1,-1,1,1,1,-1,-1,-1,-1,1,1,1,-1,-1,-1,1,-1,1,1,-1,1,-1,1,1,0.0,-62.3122447210218,1
431,1,-1,-1,1,-1,1,-1,-1,1,-1,-1,1,1,1,-1,1,1,-1,-1,-1,-1,-1,1,1,1,-1,-1,-1,1,1,1,-1,1,-1,1,1,-1,1,-1,1,0.025,-62.729179569321154,1
432,-1,1,-1,1,1,1,-1,-1,1,-1,-1,1,1,1,-1,1,-1,1,-1,-1,-1,-1,-1,-1,-1,1,-1,-1,1,1,1,-1,1,-1,-1,1,-1,1,1,-1,0.0,-62.30343562975028,1
433,-1,1,-1,1,-1,-1,1,-1,1,-1,-1,1,1,1,-1,1,1,1,-1,-1,-1,-1,-1,-1,1,1,-1,-1,1,1,1,-1,1,-1,-1,1,-1,1,-1,-1,0.0,-62.28651438712377,1
434,-1,1,1,-1,-1,-1,-1,1,-1,1,1,-1,1,-1,1,-1,-1,1,1,1,1,1,-1,-1,-1,1,-1,1,-1,-1,-1,1,-1,-1,1,-1,-1,-1,1,-1,0.0,-62.22817051233902,1
435,1,-1,-1,1,-1,-1,1,-1,-1,1,1,-1,1,1,1,-1,1,-1,1,1,1,-1,1,1,1,1,1,1,-1,-1,-1,1,-1,1,-1,1,-1,1,1,1,0.0,-62.20128128584985,1
436,-1,1,-1,1,-1,-1,1,-1,-1,1,1,-1,1,1,-1,-1,-1,1,1,1,1,-1,-1,-1,-1,1,1,1,-1,-1,-1,-1,1,1,-1,1,-1,1,-1,-1,0.0,-62.1982291534445,1
437,1,-1,1,1,1,1,-1,-1,1,-1,-1,1,-1,1,-1,1,1,1,-1,-1,-1,-1,1,1,1,-1,1,-1,1,1,1,-1,1,-1,1,1,1,-1,-1,-1,0.0,-62.17360347854747,1
438,1,-1,-1,1,1,1,-1,-1,1,-1,-1,1,1,1,-1,1,1,1,-1,-1,-1,-1,-1,1,1,-1,-1,-1,1,1,1,-1,1,-1,-1,1,1,1,-1,1,0.0,-62.162290763895264,1
439,-1,-1,-1,1,1,-1,1,1,-1,1,1,-1,1,-1,1,-1,1,-1,1,1,1,1,1,1,1,1,-1,1,-1,-1,-1,1,-1,1,-1,1,1,1,1,1,0.0,-62.07972693202658,1
440,-1,1,-1,1,-1,1,1,-1,1,-1,-1,1,1,1,-1,1,-1,-1,-1,-1,-1,-1,-1,-1,1,1,-1,-1,1,1,1,-1,1,-1,-1,1,-1,1,1,-1,0.0,-62.0718843485256,1
441,1,-1,1,-1,-1,1,-1,1,1,-1,1,-1,1,1,-1,1,-1,1,-1,-1,1,-1,1,1,1,-1,1,1,1,1,1,-1,1,-1,1,-1,1,-1,1,-1,0.0,-62.00411235294219,1
442,-1,-1,1,-1,1,1,-1,-1,1,-1,-1,1,1,1,-1,1,1,1,-1,-1,-1,-1,-1,1,1,1,-1,-1,1,1,1,-1,1,-1,1,-1,1,1,-1,-1,0.0,-61.990185932490974,1
443,-1,1,1,-1,1,1,-1,-1,-1,-1,-1,1,-1,1,1,1,1,-1,1,1,-1,1,-1,-1,-1,1,1,-1,-1,-1,1,-1,1,-1,1,-1,1,-1,1,1,0.0,-61.95095624971976,1
444,-1,1,-1,1,-1,-1,1,-1,1,1,1,-1,1,-1,-1,-1,-1,1,-1,-1,1,1,-1,-1,1,1,-1,1,1,1,-1,-1,-1,1,-1,1,1,-1,-1,-1,0.0,-61.93988066384566,1
445,-1,1,-1,1,1,1,1,-1,1,-1,-1,1,1,1,-1,1,-1,1,-1,-1,-1,-1,-1,-1,1,1,-1,-1,1,1,1,-1,1,1,-1,1,-1,1,1,-1,0.0,-61.938029957277905,1
446,1,-1,1,-1,-1,-1,-1,1,-1,1,1,-1,1,-1,1,-1,-1,-1,1,1,1,1,1,1,-1,-1,-1,1,-1,-1,-1,1,-1,1,1,-1,-1,1,1,1,0.0,-61.93066051020525,1
447,-1,1,-1,1,-1,-1,-1,-1,-1,1,1,-1,1,-1,1,1,1,-1,1,1,1,-1,-1,-1,-1,1,-1,1,-1,-1,-1,1,-1,-1,-1,1,-1,1,1,1,0.025,-61.1030568745773,1
448,1,-1,-1,1,-1,1,-1,-1,1,-1,-1,1,1,1,-1,1,-1,-1,-1,-1,-1,-1,1,1,1,-1,-1,-1,1,1,1,-1,1,-1,-1,1,-1,1,-1,1,0.0,-61.928603700131085,1
449,-1,1,1,-1,-1,-1,1,1,-1,1,1,-1,-1,-1,-1,-1,-1,1,1,1,1,1,-1,-1,-1,1,1,1,-1,-1,-1,1,-1,1,1,-1,1,-1,-1,-1,0.025,-62.27572251122093,1
450,-1,1,-1,1,-1,1,-1,-1,1,-1,-1,1,1,1,-1,1,-1,1,-1,-1,-1,-1,-1,-1,1,1,-1,-1,1,1,1,-1,1,-1,-1,1,-1,1,-1,-1,0.0,-61.89559129899581,1
451,-1,1,-1,1,1,-1,1,-1,-1,1,1,-1,-1,1,-1,-1,-1,1,1,1,1,-1,-1,-1,-1,1,1,1,-1,-1,-1,1,-1,1,-1,1,-1,1,-1,-1,0.025,-62.238193332621776,1
452,1,1,-1,1,-1,-1,1,1,-1,1,1,-1,-1,-1,-1,-1,1,-1,1,1,1,1,1,-1,-1,1,1,1,-1,-1,-1,1,-1,1,-1,1,-1,1,-1,-1,0.0,-61.87771511361428,1
453,1,-1,1,-1,-1,-1,-1,1,-1,1,1,-1,-1,-1,1,-1,-1,1,1,1,1,1,1,1,-1,-1,1,1,-1,-1,-1,1,-1,1,1,-1,1,-1,-1,-1,0.0,-61.86918195328129,1
454,-1,1,-1,1,1,-1,1,-1,-1,1,1,-1,1,1,1,-1,1,-1,1,1,1,-1,1,-1,-1,1,1,1,-1,-1,-1,1,-1,1,-1,1,-1,1,1,1,0.0,-61.821856447873195,1
455,-1,-1,-1,1,1,1,1,-1,1,-1,-1,1,-1,1,-1,1,-1,1,-1,-1,-1,-1,-1,1,1,1,1,-1,1,1,1,-1,1,1,-1,1,-1,1,1,-1,0.0,-61.77088091200171,1
456,1,-1,-1,1,1,1,1,-1,1,-1,-1,1,1,1,-1,1,-1,1,-1,-1,-1,-1,-1,1,1,-1,-1,-1,1,1,1,-1,1,-1,-1,1,1,-1,1,-1,0.0,-61.7515900278955,1
457,-1,1,-1,1,-1,-1,-1,-1,1,1,-1,1,1,1,-1,1,1,-1,-1,-1,-1,-1,-1,-1,-1,1,-1,-1,1,1,1,-1,-1,-1,-1,1,-1,1,-1,1,0.0,-61.730043459192736,1
458,1,1,-1,1,-1,-1,1,-1,-1,1,1,-1,-1,1,1,-1,-1,-1,1,1,1,-1,1,-1,-1,1,1,1,-1,-1,-1,1,-1,1,-1,1,1,1,1,1,0.0,-61.71424064093115,1
459,-1,1,-1,-1,1,1,-1,-1,-1,-1,-1,1,-1,1,1,1,1,-1,1,1,-1,-1,-1,-1,-1,1,1,-1,-1,-1,1,1,1,-1,-1,-1,-1,1,1,1,0.0,-61.586376825823436,1
460,1,-1,-1,-1,-1,-1,-1,1,-1,1,1,-1,-1,-1,1,-1,-1,-1,1,1,1,1,1,1,-1,-1,-1,1,-1,-1,-1,1,-1,1,1,1,-1,1,1,-1,0.0,-61.572285764308454,1
461,-1,-1,1,-1,1,1,-1,-1,1,-1,-1,1,1,1,-1,1,-1,-1,1,-1,-1,-1,-1,-1,1,1,-1,-1,1,1,1,-1,1,-1,1,-1,1,-1,1,-1,0.0,-61.47102161129325,1
462,1,1,-1,1,-1,-1,1,-1,-1,1,1,-1,-1,-1,1,-1,-1,1,-1,-1,1,1,1,-1,-1,1,1,1,1,1,-1,1,-1,1,-1,1,-1,1,1,-1,0.0,-61.36355026663859,1
463,1,-1,-1,1,-1,-1,1,1,1,1,1,-1,-1,-1,1,-1,-1,1,1,1,1,1,1,1,1,-1,-1,1,-1,-1,-1,1,-1,1,1,1,-1,1,1,-1,0.025,-57.830239155549386,1
464,1,1,1,1,1,-1,1,1,-1,1,1,-1,1,-1,1,-1,1,-1,1,1,1,1,1,-1,-1,1,-1,1,-1,-1,-1,1,-1,1,-1,-1,-1,1,1,1,0.0,-61.35428819787956,1
465,1,1,1,-1,1,1,-1,1,1,-1,1,-1,1,1,-1,1,-1,1,-1,1,1,-1,1,-1,-1,-1,1,1,1,1,1,-1,1,-1,1,-1,1,-1,1,-1,0.0,-61.3537275103583,1
466,1,-1,-1,1,-1,1,-1,-1,1,-1,-1,1,1,1,-1,1,-1,1,-1,-1,-1,-1,1,1,1,-1,-1,-1,1,1,1,-1,-1,-1,-1,1,-1,1,1,-1,0.0,-61.336326393577636,1
467,-1,1,1,-1,-1,-1,-1,1,-1,1,1,-1,1,-1,1,-1,1,1,1,1,1,1,-1,-1,-1,1,-1,1,-1,-1,-1,1,-1,-1,1,-1,-1,-1,-1,1,0.0,-61.31970406327448,1
468,-1,1,-1,1,1,-1,1,-1,-1,1,1,-1,1,1,1,-1,-1,-1,1,1,1,-1,-1,-1,1,1,1,1,-1,-1,-1,1,-1,1,-1,1,-1,1,1,1,0.0,-61.22494644229375,1
469,1,-1,1,-1,-1,1,-1,1,1,-1,-1,-1,1,1,-1,1,-1,1,-1,-1,-1,-1,1,1,1,-1,1,-1,1,1,1,-1,1,-1,1,-1,1,-1,-1,-1,0.025,-62.21223286215617,1
470,-1,1,1,-1,1,1,-1,-1,-1,-1,-1,1,1,1,-1,1,-1,1,1,-1,-1,-1,-1,-1,-1,1,-1,-1,-1,-1,1,-1,1,-1,1,-1,1,-1,-1,-1,0.0,-61.192019896814756,1
471,-1,1,-1,1,-1,-1,1,1,-1,1,1,-1,-1,1,1,-1,-1,-1,1,-1,1,-1,-1,-1,-1,1,1,1,-1,-1,-1,1,-1,1,-1,1,-1,1,1,-1,0.025,-61.58201818070074,1
472,-1,1,-1,1,1,-1,1,1,-1,1,1,-1,1,1,1,-1,-1,1,1,1,1,-1,-1,-1,-1,1,1,1,-1,-1,-1,1,-1,1,-1,-1,-1,1,1,-1,0.0,-61.15294910296381,1
473,-1,1,1,-1,-1,-1,1,1,-1,1,1,1,1,-1,1,-1,1,-1,1,1,1,1,-1,-1,-1,1,-1,1,-1,-1,-1,1,-1,1,1,-1,-1,-1,1,1,0.0,-61.14011211531089,1
474,1,1,-1,1,-1,-1,-1,1,-1,1,1,-1,-1,-1,1,-1,-1,-1,-1,1,1,1,1,-1,-1,-1,1,1,-1,-1,-1,1,-1,1,-1,1,-1,1,-1,1,0.0,-61.07453429633232,1
475,1,-1,-1,1,-1,-1,1,-1,-1,1,1,-1,-1,1,-1,-1,1,1,1,1,1,-1,1,1,1,1,1,1,-1,-1,-1,-1,-1,1,-1,1,-1,1,-1,-1,0.0,-60.90377434364786,1
476,-1,1,-1,1,1,1,1,-1,1,-1,-1,-1,-1,1,-1,1,1,-1,-1,-1,-1,-1,-1,-1,1,1,1,-1,1,1,1,-1,1,-1,-1,1,1,-1,-1,1,0.0,-60.84738315200741,1
477,-1,1,-1,1,1,1,1,-1,1,-1,-1,-1,-1,1,-1,1,-1,1,-1,-1,-1,-1,-1,-1,1,1,1,-1,1,1,1,-1,1,-1,-1,1,1,-1,-1,-1,0.0,-60.84480352132375,1
478,-1,1,1,1,-1,1,-1,-1,1,-1,-1,1,-1,1,-1,1,-1,1,-1,-1,-1,1,-1,-1,-1,1,1,-1,1,1,1,-1,1,-1,1,1,1,-1,-1,-1,0.0,-60.84304313581877,1
479,1,-1,-1,1,-1,-1,1,1,1,1,1,-1,-1,1,1,-1,1,1,1,1,1,-1,1,1,1,-1,1,1,-1,-1,-1,1,-1,1,-1,1,-1,1,1,1,0.025,-54.09208725658107,1
480,1,-1,1,-1,-1,-1,-1,1,-1,-1,1,-1,-1,-1,1,-1,1,-1,1,1,1,1,1,1,-1,-1,1,1,-1,-1,-1,1,-1,1,1,-1,1,-1,1,1,0.0,-60.75361845137016,1
481,-1,-1,-1,1,-1,-1,1,-1,1,-1,-1,1,1,1,1,1,1,-1,1,-1,-1,-1,-1,1,1,-1,-1,-1,1,-1,1,-1,-1,-1,-1,1,-1,1,1,1,0.0,-60.745322708447695,1
482,-1,1,1,-1,-1,1,-1,1,-1,-1,1,-1,-1,1,1,-1,-1,-1,1,1,1,-1,-1,-1,-1,1,1,1,-1,-1,-1,1,-1,-1,1,-1,1,-1,1,1,0.0,-60.74225414409952,1
483,-1,1,1,-1,1,1,1,-1,1,-1,1,-1,1,1,-1,1,1,-1,-1,1,1,-1,-1,-1,1,1,1,1,1,1,1,-1,1,-1,1,-1,1,-1,-1,1,0.0,-60.70909203169108,1
484,-1,1,-1,1,-1,-1,1,-1,-1,1,1,-1,1,-1,-1,-1,-1,1,1,1,1,-1,-1,-1,-1,1,-1,1,-1,-1,-1,-1,1,1,-1,1,-1,1,-1,-1,0.0,-60.677208576589685,1
485,-1,1,1,1,1,-1,1,1,-1,1,1,-1,1,-1,1,-1,-1,1,1,1,1,1,1,-1,-1,1,-1,1,-1,-1,-1,1,-1,1,-1,-1,-1,1,1,-1,0.0,-60.591204012504875,1
486,1,-1,1,-1,-1,1,-1,1,1,-1,-1,-1,-1,1,-1,1,-1,-1,-1,-1,-1,-1,1,1,1,-1,1,-1,1,1,1,-1,1,-1,1,-1,1,-1,-1,1,0.0,-60.58194230644165,1
487,-1,1,1,1,-1,1,-1,-1,1,-1,-1,1,-1,1,-1,1,-1,1,-1,-1,-1,1,-1,-1,-1,-1,1,-1,1,1,1,-1,1,-1,1,1,1,-1,1,-1,0.0,-60.57212919080296,1
488,-1,-1,-1,1,1,1,1,-1,1,-1,-1,1,1,1,-1,1,-1,1,-1,-1,-1,-1,-1,1,1,1,-1,-1,1,1,1,-1,1,-1,-1,1,-1,1,-1,-1,0.025,-64.37272204380761,1
489,1,-1,-1,1,-1,-1,1,1,1,1,-1,1,-1,-1,1,-1,1,-1,-1,-1,-1,1,1,1,1,-1,-1,-1,1,1,-1,1,-1,1,-1,1,-1,1,-1,1,0.0,-60.43251326741571,1
490,-1,1,-1,1,1,-1,1,-1,-1,1,1,-1,-1,-1,1,-1,-1,1,-1,-1,1,1,-1,-1,-1,1,1,1,-1,1,-1,1,-1,1,-1,1,-1,1,1,1,0.0,-60.37316761214291,1
491,-1,1,1,1,-1,-1,1,1,-1,1,1,-1,1,-1,1,-1,1,-1,1,1,1,1,-1,-1,1,1,-1,1,-1,-1,-1,1,-1,1,-1,-1,1,-1,-1,1,0.0,-60.23799883144489,1
492,-1,1,-1,1,-1,-1,-1,-1,1,-1,-1,1,-1,1,-1,1,1,-1,-1,-1,-1,-1,-1,-1,-1,-1,1,-1,1,1,1,-1,1,-1,-1,1,-1,1,-1,1,0.0,-60.218309180114446,1
493,-1,1,-1,1,-1,-1,-1,-1,1,1,-1,1,1,1,1,1,-1,-1,1,1,-1,-1,-1,-1,-1,1,-1,-1,-1,-1,1,-1,-1,-1,-1,1,-1,1,1,1,0.0,-60.08255221112437,1
494,1,-1,1,1,-1,1,-1,-1,1,-1,1,-1,1,1,-1,1,-1,1,-1,1,1,-1,1,1,1,-1,1,1,1,1,1,-1,1,-1,1,1,1,-1,1,-1,0.0,-60.07543436597919,1
495,-1,1,1,1,-1,1,-1,-1,1,-1,-1,1,1,-1,-1,1,-1,-1,-1,-1,-1,1,-1,-1,1,1,-1,-1,1,1,1,-1,1,-1,1,1,1,-1,1,-1,0.0,-59.961625815594445,1
496,1,1,-1,1,-1,-1,1,-1,-1,1,1,-1,-1,-1,-1,-1,-1,-1,1,1,1,1,1,-1,-1,1,-1,1,-1,-1,-1,1,-1,1,-1,1,-1,1,-1,-1,0.0,-59.846263939566406,1
497,1,-1,-1,1,-1,-1,-1,-1,1,-1,-1,1,-1,1,-1,1,-1,1,-1,-1,-1,1,1,1,1,-1,1,-1,1,1,1,-1,1,-1,1,1,-1,1,1,-1,0.025,-60.142281144613115,1
498,-1,1,-1,1,-1,-1,1,-1,-1,1,1,-1,-1,1,1,-1,1,1,1,1,1,-1,-1,-1,-1,1,1,1,-1,-1,-1,1,-1,1,-1,1,-1,1,1,-1,0.025,-65.64175696950156,1
499,1,-1,-1,1,-1,-1,1,-1,1,-1,-1,1,-1,1,-1,1,1,-1,-1,-1,-1,-1,1,1,1,-1,1,-1,1,1,1,-1,-1,-1,-1,1,-1,-1,-1,1,0.0,-59.577103086217505,1
500,1,1,-1,1,-1,-1,1,1,-1,1,1,-1,-1,1,1,-1,1,1,1,1,1,-1,1,-1,-1,-1,1,1,-1,-1,-1,1,-1,1,-1,1,-1,1,-1,1,0.025,-64.37391340911292,1
501,1,-1,-1,1,-1,-1,1,-1,1,1,1,-1,1,-1,-1,-1,-1,1,1,1,1,-1,1,-1,1,-1,-1,1,-1,1,-1,-1,-1,1,-1,1,-1,1,-1,-1,0.0,-59.54286689884722,1
502,-1,1,1,-1,1,1,-1,-1,-1,-1,-1,1,-1,1,-1,1,1,-1,1,1,-1,1,-1,-1,-1,1,1,-1,-1,-1,1,-1,1,-1,1,-1,1,-1,1,1,0.0,-59.508930934300956,1
503,1,-1,-1,1,-1,1,1,-1,1,-1,-1,1,1,1,1,1,-1,1,-1,-1,-1,-1,1,1,1,-1,-1,-1,1,1,1,-1,-1,-1,-1,1,-1,1,1,1,0.0,-59.49898510463853,1
504,1,-1,1,1,-1,1,-1,-1,1,-1,-1,1,1,1,-1,1,-1,-1,-1,-1,-1,-1,1,1,-1,-1,-1,-1,1,1,1,-1,-1,-1,1,1,1,-1,1,-1,0.0,-59.43269582863394,1
505,1,-1,1,-1,1,-1,-1,1,-1,1,1,-1,1,-1,1,-1,-1,-1,1,1,1,-1,1,1,-1,-1,-1,1,-1,-1,-1,1,-1,1,1,-1,1,-1,1,1,0.025,-61.592948407758776,1
506,-1,1,1,-1,-1,-1,-1,1,-1,1,1,-1,-1,1,1,-1,-1,1,1,1,1,-1,-1,-1,-1,1,1,1,-1,-1,-1,1,-1,1,1,-1,-1,1,1,1,0.0,-59.34555630106813,1
507,1,-1,1,-1,-1,1,-1,-1,1,-1,-1,1,1,1,1,1,1,-1,1,1,-1,-1,1,1,1,-1,-1,-1,-1,-1,1,-1,-1,-1,1,-1,1,-1,1,1,0.0,-59.326742480777064,1
508,-1,1,-1,1,-1,-1,1,-1,-1,-1,1,-1,-1,-1,1,-1,-1,-1,1,1,1,1,-1,-1,1,1,1,1,-1,-1,-1,1,-1,1,-1,1,-1,1,1,1,0.0,-59.324383310272054,1
509,1,1,-1,1,-1,-1,-1,1,-1,1,1,-1,1,-1,1,-1,-1,1,1,1,1,1,1,1,-1,1,1,1,-1,-1,-1,1,-1,1,-1,1,-1,1,1,-1,0.0,-59.161627159243324,1
510,1,-1,-1,1,-1,1,-1,-1,1,-1,-1,-1,1,1,-1,1,1,-1,-1,1,-1,-1,1,1,1,-1,1,1,1,-1,1,-1,1,-1,-1,1,-1,1,-1,1,0.0,-59.13535219061275,1
511,-1,1,-1,1,1,1,1,-1,1,-1,1,-1,1,1,-1,1,1,-1,-1,1,1,-1,-1,-1,1,1,1,1,1,1,1,-1,1,-1,-1,1,-1,1,-1,1,0.0,-59.05385485771382,1
512,-1,-1,-1,1,1,1,1,-1,1,-1,-1,1,1,1,-1,1,-1,1,-1,-1,-1,-1,1,1,1,1,-1,-1,1,1,1,-1,1,1,-1,1,-1,1,1,-1,0.0,-59.042207810090595,1
513,-1,1,1,-1,-1,-1,-1,1,-1,-1,1,-1,-1,-1,-1,-1,-1,1,-1,1,1,1,-1,-1,-1,1,1,1,1,1,-1,1,-1,-1,1,-1,-1,-1,-1,-1,0.0,-59.01154486928004,1
514,-1,1,-1,1,-1,-1,-1,-1,1,-1,-1,1,1,1,-1,1,-1,1,-1,-1,-1,-1,-1,-1,-1,1,-1,-1,1,1,1,-1,1,-1,-1,1,-1,1,-1,1,0.0,-58.90056360407622,1
515,1,-1,-1,1,1,-1,1,1,-1,1,-1,1,-1,-1,1,-1,1,-1,1,1,-1,1,1,1,-1,-1,-1,-1,-1,-1,-1,1,-1,1,-1,1,-1,1,-1,1,0.0,-58.8112072634712,1
516,-1,1,1,-1,-1,1,-1,-1,-1,-1,-1,-1,-1,1,1,1,-1,-1,1,-1,-1,-1,-1,-1,-1,1,1,-1,-1,-1,1,-1,-1,-1,1,-1,1,-1,1,1,0.0,-58.805132268182206,1
517,-1,1,-1,1,-1,-1,1,-1,-1,1,-1,-1,-1,1,1,-1,-1,-1,1,-1,-1,-1,-1,-1,-1,1,1,-1,-1,-1,-1,1,-1,1,-1,1,-1,1,1,-1,0.0,-58.59591693265439,1
518,-1,1,-1,1,-1,-1,1,-1,-1,1,1,-1,-1,1,1,1,-1,1,1,1,1,-1,-1,-1,-1,1,1,1,-1,-1,-1,1,-1,1,-1,1,-1,1,1,-1,0.025,-57.52570570504432,1
519,1,-1,-1,1,-1,1,-1,-1,1,-1,-1,1,-1,1,-1,1,-1,1,1,-1,-1,1,1,1,-1,-1,1,-1,1,1,1,-1,1,-1,-1,1,-1,1,1,-1,0.0,-58.194137871440205,1
520,-1,-1,-1,1,-1,1,-1,-1,1,-1,-1,1,1,-1,-1,1,-1,1,-1,-1,-1,1,-1,1,1,-1,-1,-1,1,1,1,-1,-1,-1,-1,1,-1,1,1,-1,0.0,-58.183553448731686,1
521,-1,1,1,1,-1,1,-1,-1,1,-1,-1,1,-1,1,-1,1,-1,-1,-1,-1,-1,1,-1,-1,-1,1,1,-1,1,1,1,-1,1,-1,1,1,-1,-1,1,-1,0.0,-57.9830267084729,1
522,-1,1,1,-1,1,-1,1,1,-1,1,1,-1,-1,-1,1,-1,-1,1,1,1,1,1,-1,-1,-1,1,-1,1,-1,1,-1,1,-1,1,1,-1,-1,1,1,-1,0.0,-57.93274094190746,1
523,-1,1,-1,1,-1,1,-1,-1,1,-1,-1,1,-1,1,-1,1,1,-1,-1,-1,-1,1,-1,-1,1,1,1,-1,1,1,1,-1,1,-1,-1,1,1,1,-1,1,0.0,-57.924100849616124,1
524,1,-1,1,1,-1,-1,-1,-1,1,-1,-1,1,-1,1,-1,1,-1,1,-1,-1,-1,1,-1,1,1,-1,1,-1,1,1,1,-1,1,-1,1,1,1,-1,-1,-1,0.0,-57.86497362473002,1
525,-1,1,-1,1,-1,-1,1,1,-1,1,1,-1,1,1,1,-1,-1,-1,1,1,1,-1,-1,-1,-1,1,1,1,-1,-1,-1,1,1,1,-1,1,-1,1,1,1,0.0,-57.86208643691243,1
526,-1,1,-1,1,-1,-1,-1,-1,1,1,-1,1,1,1,-1,1,1,-1,-1,-1,-1,-1,-1,-1,-1,1,-1,-1,1,1,1,-1,1,-1,-1,1,-1,1,-1,1,0.025,-60.91923627920962,1
527,-1,-1,-1,1,-1,-1,-1,-1,1,-1,-1,1,-1,1,-1,1,-1,-1,-1,-1,-1,-1,-1,1,1,1,1,-1,1,1,1,-1,-1,-1,-1,1,-1,1,1,1,0.0,-57.806116489939185,1
528,-1,1,-1,1,1,-1,1,-1,1,1,-1,1,1,1,-1,1,1,1,-1,-1,-1,-1,-1,-1,-1,1,-1,-1,1,1,1,-1,1,-1,-1,1,-1,1,-1,1,0.0,-57.78303579299621,1
529,-1,-1,1,-1,1,1,1,-1,1,-1,1,-1,1,-1,-1,1,-1,1,-1,-1,1,1,1,1,1,1,-1,1,1,1,1,-1,1,-1,1,-1,1,-1,1,-1,0.0,-57.74750003172273,1
530,1,1,-1,-1,1,1,1,1,-1,1,1,-1,1,-1,1,-1,-1,1,1,1,1,1,1,-1,-1,-1,-1,1,-1,-1,-1,1,-1,1,-1,-1,1,1,1,-1,0.0,-57.713427235465375,1
531,1,1,-1,1,1,-1,-1,-1,1,-1,-1,1,1,1,-1,1,1,-1,-1,1,-1,-1,1,1,-1,-1,-1,-1,1,-1,1,-1,1,-1,-1,1,-1,1,-1,1,0.0,-57.43948589208512,1
532,-1,1,1,-1,-1,1,-1,-1,1,-1,1,-1,1,1,-1,1,-1,1,-1,1,1,-1,-1,-1,-1,1,1,1,1,1,1,-1,1,-1,1,-1,1,-1,1,-1,0.025,-56.92623898053024,1
533,-1,1,1,-1,1,1,-1,-1,1,-1,1,-1,1,-1,-1,1,-1,1,-1,-1,1,1,-1,-1,-1,1,-1,1,1,1,1,-1,1,-1,1,-1,1,-1,1,-1,0.0,-57.30871768447651,1
534,-1,1,1,-1,-1,1,1,1,-1,-1,1,-1,-1,-1,1,-1,1,-1,1,1,1,1,1,-1,1,1,1,1,-1,-1,-1,1,-1,1,1,-1,1,-1,1,1,0.025,-61.21436770022558,1
535,-1,-1,1,1,-1,1,-1,-1,1,-1,-1,1,-1,-1,-1,1,1,1,-1,-1,-1,1,-1,1,1,-1,1,-1,1,1,1,-1,1,-1,1,1,1,-1,-1,-1,0.0,-57.10435581562408,1
536,-1,1,-1,1,-1,1,1,-1,1,1,1,-1,1,-1,-1,-1,-1,1,-1,-1,1,1,-1,-1,1,1,-1,1,1,1,-1,-1,-1,-1,-1,1,-1,1,-1,-1,0.0,-56.86798999850177,1
537,1,1,1,-1,-1,1,-1,-1,1,-1,-1,1,1,1,-1,1,1,-1,1,-1,-1,-1,1,1,-1,-1,-1,-1,1,-1,1,-1,1,-1,1,1,1,-1,-1,1,0.0,-56.75817002726688,1
538,-1,1,1,1,-1,1,1,-1,1,-1,-1,-1,1,1,-1,1,1,1,-1,-1,-1,-1,-1,-1,1,1,1,-1,1,1,1,-1,-1,-1,1,1,1,-1,-1,1,0.0,-56.56316822887943,1
539,-1,1,-1,1,1,1,1,-1,-1,-1,-1,1,-1,1,1,1,1,-1,-1,1,-1,1,-1,-1,-1,1,1,-1,1,-1,1,1,1,1,-1,-1,-1,1,1,1,0.0,-55.93898182880879,1
540,-1,-1,1,-1,-1,1,1,-1,1,-1,-1,-1,1,1,-1,1,1,-1,-1,1,-1,-1,-1,-1,1,-1,1,1,1,-1,1,-1,-1,-1,1,-1,1,-1,-1,1,0.0,-55.69544625667079,1
541,1,1,1,-1,-1,1,-1,-1,1,-1,-1,1,-1,1,-1,1,-1,1,-1,-1,-1,1,-1,-1,-1,-1,1,-1,1,1,1,-1,1,-1,1,-1,1,-1,1,-1,0.025,-63.48870314650315,1
542,1,1,1,-1,-1,1,-1,-1,1,-1,1,-1,1,1,1,1,-1,-1,-1,1,1,-1,1,-1,-1,-1,1,1,1,1,1,-1,1,-1,1,-1,1,-1,1,1,0.025,-55.440328316892405,1
543,-1,1,-1,1,-1,1,1,-1,1,-1,1,-1,1,1,1,1,-1,-1,-1,1,1,-1,-1,-1,1,1,1,1,1,-1,1,-1,-1,-1,-1,1,-1,1,1,1,0.0,-54.25647568448301,1
544,-1,-1,-1,-1,1,1,1,-1,1,-1,-1,1,-1,1,-1,1,-1,1,-1,1,-1,-1,-1,1,1,-1,1,-1,1,1,1,-1,1,-1,1,-1,1,-1,1,-1,0.0,-54.02977598378612,1
545,-1,1,-1,1,-1,-1,1,-1,-1,-1,1,-1,-1,1,-1,-1,1,1,1,1,1,-1,-1,-1,-1,1,1,1,-1,-1,-1,1,-1,1,-1,1,-1,1,-1,-1,0.025,-53.6913201606314,1
546,-1,1,-1,1,1,-1,-1,-1,1,1,-1,-1,1,1,-1,1,1,-1,1,1,-1,-1,-1,-1,-1,1,1,1,1,-1,1,-1,1,-1,-1,1,-1,1,-1,1,0.025,-54.07454157859308,1
