,2,3,4,5,6,7,8,9,10,11,12,13,14,15,16,17,18,19,20,21,26,27,28,29,30,31,32,33,34,35,36,37,38,39,40,41,42,43,44,45
0,0.0,0.10347001581879656,0.0,0.0,0.0,0.0,0.0,0.0,0.0,0.0,0.0,0.0,0.0,0.0,0.0,0.0,0.0,0.0,0.0,0.0,0.0,0.0,0.32086033804862796,-1.7168559027152384,0.977033157824045,-0.21773008984118697,0.0,0.0,0.0,0.0,0.0,0.0,0.0,0.0,0.0,0.0,0.0,0.0,0.0,0.0
1,0.10347001581879656,0.0,0.0,0.0,0.0,0.0,0.0,0.0,0.0,0.0,0.0,0.0,0.0,0.0,0.0,0.0,0.0,0.0,0.0,0.0,0.0,0.0,-0.1531177389674529,-0.0342560231517299,0.8738570046878787,0.3159450934568703,0.0,0.0,0.0,0.0,0.0,0.0,0.0,0.0,0.0,0.0,0.0,0.0,0.0,0.0
2,0.0,0.0,0.0,1.0422051980356075,0.0,0.0,0.0,0.0,0.0,0.0,0.0,0.0,0.0,0.0,0.0,0.0,0.0,0.0,0.0,0.0,0.0,0.0,0.0,0.0,0.0,0.0,0.0,0.0,0.0,0.0,0.0,0.0,0.0,0.0,-0.19955867614709624,-0.5391165527818937,-0.1260538977162205,2.178724957244781,0.0,0.0
3,0.0,0.0,1.0422051980356075,0.0,0.0,0.0,0.0,0.0,0.0,0.0,0.0,0.0,0.0,0.0,0.0,0.0,0.0,0.0,0.0,0.0,0.0,0.0,0.0,0.0,0.0,0.0,0.0,0.0,0.0,0.0,0.0,0.0,0.0,0.0,-0.8021964359260941,0.5356337072649806,0.8179693864624145,0.31705952043458735,0.0,0.0
4,0.0,0.0,0.0,0.0,0.0,-0.7353632005804346,0.0,0.0,0.0,0.0,0.0,0.0,0.0,0.0,0.0,0.0,0.0,0.0,0.0,0.0,0.0,0.0,0.0,0.0,0.0,0.0,0.0,0.0,0.0,0.0,-0.2290268578401309,-0.08121561025027887,0.0782385218624028,-0.06585943481787654,0.4668246164576605,1.0928250357827567,-1.8634937523113144,-0.2474451641861988,0.0,0.0
5,0.0,0.0,0.0,0.0,-0.7353632005804346,0.0,0.0,0.0,0.0,0.0,0.0,0.0,0.0,0.0,0.0,0.0,0.0,0.0,0.0,0.0,0.0,0.0,0.0,0.0,0.0,0.0,0.0,0.0,0.0,0.0,-2.0326813862334356,0.07555003006559116,-1.0016584588399544,-1.4343392733680964,1.3550705110906707,-0.2797109750127908,-0.004602693518683623,-1.1737120838402983,0.0,0.0
6,0.0,0.0,0.0,0.0,0.0,0.0,0.0,-0.829980376667094,0.0,0.0,0.0,0.0,0.0,0.0,0.0,0.0,0.0,0.0,0.0,0.0,0.0,0.0,0.0,0.0,0.33639468669417194,0.5348291664565379,0.0,0.0,0.0,0.0,-0.5761614206842092,-0.25164618731409666,0.003902075052956178,0.4622862529286823,-0.10614245557271787,2.6775900806181347,0.0,0.0,0.0,0.0
7,0.0,0.0,0.0,0.0,0.0,0.0,-0.829980376667094,0.0,0.0,0.0,0.0,0.0,0.0,0.0,0.0,0.0,0.0,0.0,0.0,0.0,0.0,0.0,0.0,0.0,-1.378826267056113,1.2353444220729173,0.0,0.0,0.0,0.0,-2.023006322878741,0.23331344286151412,-1.3503099945249155,-0.6344688428024091,-0.8375374511226094,0.5499283115030627,0.0,0.0,0.0,0.0
8,0.0,0.0,0.0,0.0,0.0,0.0,0.0,0.0,0.0,-0.6871575701448743,0.0,0.0,0.0,0.0,0.0,0.0,0.0,0.0,0.0,0.0,0.0,0.0,0.0,0.0,-0.46398975792150093,1.6931131377467517,-0.15806263201813023,0.252227107080752,2.4489605278986444,1.3579918144454495,0.08460358227956319,0.6567919521413605,0.1975462508947718,0.8971514477662129,-1.605935869689013,-1.5765306325736967,0.0,0.0,0.0,0.0
9,0.0,0.0,0.0,0.0,0.0,0.0,0.0,0.0,-0.6871575701448743,0.0,0.0,0.0,0.0,0.0,0.0,0.0,0.0,0.0,0.0,0.0,0.0,0.0,0.0,0.0,0.40018466083058685,0.502024921687904,-0.5545683975817155,-0.3467791628311946,0.8781035377294931,1.969611159697309,-0.060286532205608825,-1.1404092357689328,-0.4686321567572916,0.12490984984113507,0.666113874015897,1.5373652030827878,0.0,0.0,0.0,0.0
10,0.0,0.0,0.0,0.0,0.0,0.0,0.0,0.0,0.0,0.0,0.0,-1.9235833552036274,0.0,0.0,0.0,0.0,0.0,0.0,0.0,0.0,1.809813854178916,0.7977843848514482,-0.9296055388781431,-0.494739313525074,0.3584146368826966,-0.9809789909588146,1.840600403895821,0.39522673683682474,1.1236729395231424,1.2756299815557268,1.635262134555994,-0.654457458815189,0.0,0.0,0.0,0.0,0.0,0.0,0.0,0.0
11,0.0,0.0,0.0,0.0,0.0,0.0,0.0,0.0,0.0,0.0,-1.9235833552036274,0.0,0.0,0.0,0.0,0.0,0.0,0.0,0.0,0.0,-0.5282912187653658,0.7188925740619547,-1.0352701923616656,0.8375692639586128,-1.2055735682909994,-0.33039231291666166,-0.7187250088840189,0.3931032359567486,0.8395434571126743,-0.06341139022145405,1.2375581627619276,-0.42193759438278866,0.0,0.0,0.0,0.0,0.0,0.0,0.0,0.0
12,0.0,0.0,0.0,0.0,0.0,0.0,0.0,0.0,0.0,0.0,0.0,0.0,0.0,-0.3741243328813634,0.0,0.0,0.0,0.0,0.0,0.0,-0.2241795569253045,1.363870964597147,0.0,0.0,0.0,0.0,1.1848907385423308,-0.6447812173810764,0.20406362979928824,0.47554405772547986,-0.3222767777175596,1.2929107472431927,0.0,0.0,0.0,0.0,0.0,0.0,0.0,0.0
13,0.0,0.0,0.0,0.0,0.0,0.0,0.0,0.0,0.0,0.0,0.0,0.0,-0.3741243328813634,0.0,0.0,0.0,0.0,0.0,0.0,0.0,-1.571721104013522,-0.10658551115414318,0.0,0.0,0.0,0.0,1.184606112118144,1.0434531967739236,0.5007499447073854,1.628016742586808,-0.08788854853068707,-1.227709150737244,0.0,0.0,0.0,0.0,0.0,0.0,0.0,0.0
14,0.0,0.0,0.0,0.0,0.0,0.0,0.0,0.0,0.0,0.0,0.0,0.0,0.0,0.0,0.0,0.5974286127293067,0.0,0.0,0.0,0.0,0.0,0.0,0.0,0.0,0.0,0.0,0.0,0.0,-0.9819382723296524,-1.2409124613640619,1.280986195476123,2.466106616070128,0.4252697882735663,-1.8461685598115527,0.0,0.0,0.0,0.0,-0.03282294328715285,-2.460386823930571
15,0.0,0.0,0.0,0.0,0.0,0.0,0.0,0.0,0.0,0.0,0.0,0.0,0.0,0.0,0.5974286127293067,0.0,0.0,0.0,0.0,0.0,0.0,0.0,0.0,0.0,0.0,0.0,0.0,0.0,-0.29383589896399503,-0.10964974374134505,-0.0012256757948535372,0.032423577550775705,-1.0856253489545433,0.019156823125784046,0.0,0.0,0.0,0.0,0.8945670425207921,-1.0734802399114531
16,0.0,0.0,0.0,0.0,0.0,0.0,0.0,0.0,0.0,0.0,0.0,0.0,0.0,0.0,0.0,0.0,0.0,-0.4114093057219789,0.0,0.0,0.0,0.0,0.0,0.0,0.0,0.0,0.0,0.0,0.9737088967401158,0.08917586822491201,0.0,0.0,0.0,0.0,0.0,0.0,0.0,0.0,-1.550748696261056,-1.039486810775313
17,0.0,0.0,0.0,0.0,0.0,0.0,0.0,0.0,0.0,0.0,0.0,0.0,0.0,0.0,0.0,0.0,-0.4114093057219789,0.0,0.0,0.0,0.0,0.0,0.0,0.0,0.0,0.0,0.0,0.0,-0.3363826867745677,-2.3055060398162968e-05,0.0,0.0,0.0,0.0,0.0,0.0,0.0,0.0,0.3586361042691169,1.5144752863045232
18,0.0,0.0,0.0,0.0,0.0,0.0,0.0,0.0,0.0,0.0,0.0,0.0,0.0,0.0,0.0,0.0,0.0,0.0,0.0,-1.0469825595953268,0.0,0.0,0.0,0.0,0.0,0.0,0.6249562151107239,0.7278817311206823,0.7820929098506454,-0.8591278126513157,0.0,0.0,0.0,0.0,0.0,0.0,0.0,0.0,0.0,0.0
19,0.0,0.0,0.0,0.0,0.0,0.0,0.0,0.0,0.0,0.0,0.0,0.0,0.0,0.0,0.0,0.0,0.0,0.0,-1.0469825595953268,0.0,0.0,0.0,0.0,0.0,0.0,0.0,-1.5301800710346232,-0.2786227703767514,0.5654748924012352,-0.28865235681264384,0.0,0.0,0.0,0.0,0.0,0.0,0.0,0.0,0.0,0.0
20,0.0,0.0,0.0,0.0,0.0,0.0,0.0,0.0,0.0,0.0,1.809813854178916,-0.5282912187653658,-0.2241795569253045,-1.571721104013522,0.0,0.0,0.0,0.0,0.0,0.0,0.0,-0.587808419179918,0.0,0.0,0.0,0.0,0.0,0.0,0.0,0.0,0.0,0.0,0.0,0.0,0.0,0.0,0.0,0.0,0.0,0.0
21,0.0,0.0,0.0,0.0,0.0,0.0,0.0,0.0,0.0,0.0,0.7977843848514482,0.7188925740619547,1.363870964597147,-0.10658551115414318,0.0,0.0,0.0,0.0,0.0,0.0,-0.587808419179918,0.0,0.0,0.0,0.0,0.0,0.0,0.0,0.0,0.0,0.0,0.0,0.0,0.0,0.0,0.0,0.0,0.0,0.0,0.0
22,0.32086033804862796,-0.1531177389674529,0.0,0.0,0.0,0.0,0.0,0.0,0.0,0.0,-0.9296055388781431,-1.0352701923616656,0.0,0.0,0.0,0.0,0.0,0.0,0.0,0.0,0.0,0.0,0.0,1.8802013313931065,0.0,0.0,0.0,0.0,0.0,0.0,0.0,0.0,0.0,0.0,0.0,0.0,0.0,0.0,0.0,0.0
23,-1.7168559027152384,-0.0342560231517299,0.0,0.0,0.0,0.0,0.0,0.0,0.0,0.0,-0.494739313525074,0.8375692639586128,0.0,0.0,0.0,0.0,0.0,0.0,0.0,0.0,0.0,0.0,1.8802013313931065,0.0,0.0,0.0,0.0,0.0,0.0,0.0,0.0,0.0,0.0,0.0,0.0,0.0,0.0,0.0,0.0,0.0
24,0.977033157824045,0.8738570046878787,0.0,0.0,0.0,0.0,0.33639468669417194,-1.378826267056113,-0.46398975792150093,0.40018466083058685,0.3584146368826966,-1.2055735682909994,0.0,0.0,0.0,0.0,0.0,0.0,0.0,0.0,0.0,0.0,0.0,0.0,0.0,-0.6685765363924699,0.0,0.0,0.0,0.0,0.0,0.0,0.0,0.0,0.0,0.0,0.0,0.0,0.0,0.0
25,-0.21773008984118697,0.3159450934568703,0.0,0.0,0.0,0.0,0.5348291664565379,1.2353444220729173,1.6931131377467517,0.502024921687904,-0.9809789909588146,-0.33039231291666166,0.0,0.0,0.0,0.0,0.0,0.0,0.0,0.0,0.0,0.0,0.0,0.0,-0.6685765363924699,0.0,0.0,0.0,0.0,0.0,0.0,0.0,0.0,0.0,0.0,0.0,0.0,0.0,0.0,0.0
26,0.0,0.0,0.0,0.0,0.0,0.0,0.0,0.0,-0.15806263201813023,-0.5545683975817155,1.840600403895821,-0.7187250088840189,1.1848907385423308,1.184606112118144,0.0,0.0,0.0,0.0,0.6249562151107239,-1.5301800710346232,0.0,0.0,0.0,0.0,0.0,0.0,0.0,-0.5178356417141183,0.0,0.0,0.0,0.0,0.0,0.0,0.0,0.0,0.0,0.0,0.0,0.0
27,0.0,0.0,0.0,0.0,0.0,0.0,0.0,0.0,0.252227107080752,-0.3467791628311946,0.39522673683682474,0.3931032359567486,-0.6447812173810764,1.0434531967739236,0.0,0.0,0.0,0.0,0.7278817311206823,-0.2786227703767514,0.0,0.0,0.0,0.0,0.0,0.0,-0.5178356417141183,0.0,0.0,0.0,0.0,0.0,0.0,0.0,0.0,0.0,0.0,0.0,0.0,0.0
28,0.0,0.0,0.0,0.0,0.0,0.0,0.0,0.0,2.4489605278986444,0.8781035377294931,1.1236729395231424,0.8395434571126743,0.20406362979928824,0.5007499447073854,-0.9819382723296524,-0.29383589896399503,0.9737088967401158,-0.3363826867745677,0.7820929098506454,0.5654748924012352,0.0,0.0,0.0,0.0,0.0,0.0,0.0,0.0,0.0,-1.6341601205878964,0.0,0.0,0.0,0.0,0.0,0.0,0.0,0.0,0.0,0.0
29,0.0,0.0,0.0,0.0,0.0,0.0,0.0,0.0,1.3579918144454495,1.969611159697309,1.2756299815557268,-0.06341139022145405,0.47554405772547986,1.628016742586808,-1.2409124613640619,-0.10964974374134505,0.08917586822491201,-2.3055060398162968e-05,-0.8591278126513157,-0.28865235681264384,0.0,0.0,0.0,0.0,0.0,0.0,0.0,0.0,-1.6341601205878964,0.0,0.0,0.0,0.0,0.0,0.0,0.0,0.0,0.0,0.0,0.0
30,0.0,0.0,0.0,0.0,-0.2290268578401309,-2.0326813862334356,-0.5761614206842092,-2.023006322878741,0.08460358227956319,-0.060286532205608825,1.635262134555994,1.2375581627619276,-0.3222767777175596,-0.08788854853068707,1.280986195476123,-0.0012256757948535372,0.0,0.0,0.0,0.0,0.0,0.0,0.0,0.0,0.0,0.0,0.0,0.0,0.0,0.0,0.0,1.0293999239049334,0.0,0.0,0.0,0.0,0.0,0.0,0.0,0.0
31,0.0,0.0,0.0,0.0,-0.08121561025027887,0.07555003006559116,-0.25164618731409666,0.23331344286151412,0.6567919521413605,-1.1404092357689328,-0.654457458815189,-0.42193759438278866,1.2929107472431927,-1.227709150737244,2.466106616070128,0.032423577550775705,0.0,0.0,0.0,0.0,0.0,0.0,0.0,0.0,0.0,0.0,0.0,0.0,0.0,0.0,1.0293999239049334,0.0,0.0,0.0,0.0,0.0,0.0,0.0,0.0,0.0
32,0.0,0.0,0.0,0.0,0.0782385218624028,-1.0016584588399544,0.003902075052956178,-1.3503099945249155,0.1975462508947718,-0.4686321567572916,0.0,0.0,0.0,0.0,0.4252697882735663,-1.0856253489545433,0.0,0.0,0.0,0.0,0.0,0.0,0.0,0.0,0.0,0.0,0.0,0.0,0.0,0.0,0.0,0.0,0.0,0.18628417083199084,0.0,0.0,0.0,0.0,0.0,0.0
33,0.0,0.0,0.0,0.0,-0.06585943481787654,-1.4343392733680964,0.4622862529286823,-0.6344688428024091,0.8971514477662129,0.12490984984113507,0.0,0.0,0.0,0.0,-1.8461685598115527,0.019156823125784046,0.0,0.0,0.0,0.0,0.0,0.0,0.0,0.0,0.0,0.0,0.0,0.0,0.0,0.0,0.0,0.0,0.18628417083199084,0.0,0.0,0.0,0.0,0.0,0.0,0.0
34,0.0,0.0,-0.19955867614709624,-0.8021964359260941,0.4668246164576605,1.3550705110906707,-0.10614245557271787,-0.8375374511226094,-1.605935869689013,0.666113874015897,0.0,0.0,0.0,0.0,0.0,0.0,0.0,0.0,0.0,0.0,0.0,0.0,0.0,0.0,0.0,0.0,0.0,0.0,0.0,0.0,0.0,0.0,0.0,0.0,0.0,0.5974279473630358,0.0,0.0,0.0,0.0
35,0.0,0.0,-0.5391165527818937,0.5356337072649806,1.0928250357827567,-0.2797109750127908,2.6775900806181347,0.5499283115030627,-1.5765306325736967,1.5373652030827878,0.0,0.0,0.0,0.0,0.0,0.0,0.0,0.0,0.0,0.0,0.0,0.0,0.0,0.0,0.0,0.0,0.0,0.0,0.0,0.0,0.0,0.0,0.0,0.0,0.5974279473630358,0.0,0.0,0.0,0.0,0.0
36,0.0,0.0,-0.1260538977162205,0.8179693864624145,-1.8634937523113144,-0.004602693518683623,0.0,0.0,0.0,0.0,0.0,0.0,0.0,0.0,0.0,0.0,0.0,0.0,0.0,0.0,0.0,0.0,0.0,0.0,0.0,0.0,0.0,0.0,0.0,0.0,0.0,0.0,0.0,0.0,0.0,0.0,0.0,0.493250038919127,0.0,0.0
37,0.0,0.0,2.178724957244781,0.31705952043458735,-0.2474451641861988,-1.1737120838402983,0.0,0.0,0.0,0.0,0.0,0.0,0.0,0.0,0.0,0.0,0.0,0.0,0.0,0.0,0.0,0.0,0.0,0.0,0.0,0.0,0.0,0.0,0.0,0.0,0.0,0.0,0.0,0.0,0.0,0.0,0.493250038919127,0.0,0.0,0.0
38,0.0,0.0,0.0,0.0,0.0,0.0,0.0,0.0,0.0,0.0,0.0,0.0,0.0,0.0,-0.03282294328715285,0.8945670425207921,-1.550748696261056,0.3586361042691169,0.0,0.0,0.0,0.0,0.0,0.0,0.0,0.0,0.0,0.0,0.0,0.0,0.0,0.0,0.0,0.0,0.0,0.0,0.0,0.0,0.0,0.6247782593349827
39,0.0,0.0,0.0,0.0,0.0,0.0,0.0,0.0,0.0,0.0,0.0,0.0,0.0,0.0,-2.460386823930571,-1.0734802399114531,-1.039486810775313,1.5144752863045232,0.0,0.0,0.0,0.0,0.0,0.0,0.0,0.0,0.0,0.0,0.0,0.0,0.0,0.0,0.0,0.0,0.0,0.0,0.0,0.0,0.6247782593349827,0.0
