,2,3,4,5,6,7,8,9,10,11,12,13,14,15,16,17,18,19,20,21,26,27,28,29,30,31,32,33,34,35,36,37,38,39,40,41,42,43,44,45
0,0.0,-2.02301022650756,0.0,0.0,0.0,0.0,0.0,0.0,0.0,0.0,0.0,0.0,0.0,0.0,0.0,0.0,0.0,0.0,0.0,0.0,0.0,0.0,-0.9521551425252673,-0.48046530172980234,0.335768569957688,1.1767549587901218,0.0,0.0,0.0,0.0,0.0,0.0,0.0,0.0,0.0,0.0,0.0,0.0,0.0,0.0
1,-2.02301022650756,0.0,0.0,0.0,0.0,0.0,0.0,0.0,0.0,0.0,0.0,0.0,0.0,0.0,0.0,0.0,0.0,0.0,0.0,0.0,0.0,0.0,0.17987332593195926,-1.594866696261224,0.24606446290860465,1.1150043117831347,0.0,0.0,0.0,0.0,0.0,0.0,0.0,0.0,0.0,0.0,0.0,0.0,0.0,0.0
2,0.0,0.0,0.0,1.4106628708809752,0.0,0.0,0.0,0.0,0.0,0.0,0.0,0.0,0.0,0.0,0.0,0.0,0.0,0.0,0.0,0.0,0.0,0.0,0.0,0.0,0.0,0.0,0.0,0.0,0.0,0.0,0.0,0.0,0.0,0.0,-0.5373798842947762,-0.5306794637829364,0.09858373061640065,-0.9308737059542388,0.0,0.0
3,0.0,0.0,1.4106628708809752,0.0,0.0,0.0,0.0,0.0,0.0,0.0,0.0,0.0,0.0,0.0,0.0,0.0,0.0,0.0,0.0,0.0,0.0,0.0,0.0,0.0,0.0,0.0,0.0,0.0,0.0,0.0,0.0,0.0,0.0,0.0,0.8249460748953606,-0.5162644759666195,1.0761771941028462,-1.352209707613707,0.0,0.0
4,0.0,0.0,0.0,0.0,0.0,1.1767042454641987,0.0,0.0,0.0,0.0,0.0,0.0,0.0,0.0,0.0,0.0,0.0,0.0,0.0,0.0,0.0,0.0,0.0,0.0,0.0,0.0,0.0,0.0,0.0,0.0,-1.1156834105501987,0.9627011679690805,0.568037740457546,-1.0892808376037066,-0.25522011671816114,-0.6499953646819219,0.0025392801655103395,-1.3800548262251746,0.0,0.0
5,0.0,0.0,0.0,0.0,1.1767042454641987,0.0,0.0,0.0,0.0,0.0,0.0,0.0,0.0,0.0,0.0,0.0,0.0,0.0,0.0,0.0,0.0,0.0,0.0,0.0,0.0,0.0,0.0,0.0,0.0,0.0,-0.035101035855717944,-1.45321320164003,0.12549025940949898,0.16049602165569612,0.06571251247934211,1.8999517807812605,-0.34968551540678616,1.2590612086690582,0.0,0.0
6,0.0,0.0,0.0,0.0,0.0,0.0,0.0,-2.701204121737562,0.0,0.0,0.0,0.0,0.0,0.0,0.0,0.0,0.0,0.0,0.0,0.0,0.0,0.0,0.0,0.0,-2.6562953547550427,1.494488154219767,0.0,0.0,0.0,0.0,1.1788733841879957,-0.9716470163533769,-1.8145385712330349,2.434212525353974,0.7569352414769108,-0.5312057649779636,0.0,0.0,0.0,0.0
7,0.0,0.0,0.0,0.0,0.0,0.0,-2.701204121737562,0.0,0.0,0.0,0.0,0.0,0.0,0.0,0.0,0.0,0.0,0.0,0.0,0.0,0.0,0.0,0.0,0.0,-0.24735435479329917,-1.5887661710148155,0.0,0.0,0.0,0.0,-0.44159029395686006,-1.8737556280261802,-0.3293071613831924,-0.2094818423787639,0.1526571483741127,0.3020779678680377,0.0,0.0,0.0,0.0
8,0.0,0.0,0.0,0.0,0.0,0.0,0.0,0.0,0.0,-2.3333525905404544,0.0,0.0,0.0,0.0,0.0,0.0,0.0,0.0,0.0,0.0,0.0,0.0,0.0,0.0,-0.5926923764537998,0.46190561048602474,-0.7142043648054631,-1.0385102983139425,-0.6177064564071689,-0.4682945332031569,0.059396469499103634,0.6344707913054964,-0.6801998748563292,0.5926709303555646,1.241434703176067,-0.16396584196063474,0.0,0.0,0.0,0.0
9,0.0,0.0,0.0,0.0,0.0,0.0,0.0,0.0,-2.3333525905404544,0.0,0.0,0.0,0.0,0.0,0.0,0.0,0.0,0.0,0.0,0.0,0.0,0.0,0.0,0.0,-0.2875932594707658,0.03276975315179173,-0.8552914477868379,-0.1636145837255937,-1.4664068551348484,0.8576362071689672,0.32066147125278904,0.8381727016577247,1.052198724017718,0.9508308212427053,1.451723558754955,1.6761404316941741,0.0,0.0,0.0,0.0
10,0.0,0.0,0.0,0.0,0.0,0.0,0.0,0.0,0.0,0.0,0.0,-0.7137334017262839,0.0,0.0,0.0,0.0,0.0,0.0,0.0,0.0,-0.14703235076214768,-1.5916985746072845,0.8449815884762056,-1.2180719581485122,0.18767891701999673,0.39880033230346323,0.23261186842366746,-0.9423850044220495,2.033798654779427,-0.8498376026077701,-0.1520757613328025,-0.4840201906360568,0.0,0.0,0.0,0.0,0.0,0.0,0.0,0.0
11,0.0,0.0,0.0,0.0,0.0,0.0,0.0,0.0,0.0,0.0,-0.7137334017262839,0.0,0.0,0.0,0.0,0.0,0.0,0.0,0.0,0.0,1.376585540798434,0.1147106194775816,-1.2697424528531331,1.0908017739696056,0.4908956453776949,-0.5257360294553408,0.16961285646062246,-0.3205241831018884,-0.5710259473317373,-0.5788457895066379,0.6480907881792625,0.3368442904003697,0.0,0.0,0.0,0.0,0.0,0.0,0.0,0.0
12,0.0,0.0,0.0,0.0,0.0,0.0,0.0,0.0,0.0,0.0,0.0,0.0,0.0,1.0524807583279248,0.0,0.0,0.0,0.0,0.0,0.0,1.271998643019663,1.6835483367465334,0.0,0.0,0.0,0.0,-0.8085109905775324,0.3542792028136994,-0.16630073698860862,-0.3650481005038636,0.668049324255238,-0.619496918734577,0.0,0.0,0.0,0.0,0.0,0.0,0.0,0.0
13,0.0,0.0,0.0,0.0,0.0,0.0,0.0,0.0,0.0,0.0,0.0,0.0,1.0524807583279248,0.0,0.0,0.0,0.0,0.0,0.0,0.0,0.4260698928369396,-0.6884706457998867,0.0,0.0,0.0,0.0,-2.243283193530776,-0.07507599568065866,-0.11026214432601461,0.6920824948329577,1.100456060238484,0.16818072411896443,0.0,0.0,0.0,0.0,0.0,0.0,0.0,0.0
14,0.0,0.0,0.0,0.0,0.0,0.0,0.0,0.0,0.0,0.0,0.0,0.0,0.0,0.0,0.0,0.32525891756675146,0.0,0.0,0.0,0.0,0.0,0.0,0.0,0.0,0.0,0.0,0.0,0.0,-0.09431948015662084,0.9846586649647872,0.5831907893574245,-0.732348339977979,1.3463236085564165,-0.524718540746139,0.0,0.0,0.0,0.0,0.2515136040943225,-0.8863136549847634
15,0.0,0.0,0.0,0.0,0.0,0.0,0.0,0.0,0.0,0.0,0.0,0.0,0.0,0.0,0.32525891756675146,0.0,0.0,0.0,0.0,0.0,0.0,0.0,0.0,0.0,0.0,0.0,0.0,0.0,0.4636439555120514,0.24790201431479156,0.04064027690480265,0.4711271710835115,1.575156029910258,-1.1635291350843466,0.0,0.0,0.0,0.0,1.5681616452777625,2.0445594598175245
16,0.0,0.0,0.0,0.0,0.0,0.0,0.0,0.0,0.0,0.0,0.0,0.0,0.0,0.0,0.0,0.0,0.0,0.7320590054883576,0.0,0.0,0.0,0.0,0.0,0.0,0.0,0.0,0.0,0.0,-1.1076854266360916,0.5602722804454703,0.0,0.0,0.0,0.0,0.0,0.0,0.0,0.0,-0.09613167218639573,-0.7403845586290265
17,0.0,0.0,0.0,0.0,0.0,0.0,0.0,0.0,0.0,0.0,0.0,0.0,0.0,0.0,0.0,0.0,0.7320590054883576,0.0,0.0,0.0,0.0,0.0,0.0,0.0,0.0,0.0,0.0,0.0,0.3376113716748705,1.3323637790758809,0.0,0.0,0.0,0.0,0.0,0.0,0.0,0.0,-1.0527026183028334,0.9471870825446792
18,0.0,0.0,0.0,0.0,0.0,0.0,0.0,0.0,0.0,0.0,0.0,0.0,0.0,0.0,0.0,0.0,0.0,0.0,0.0,1.269528562209201,0.0,0.0,0.0,0.0,0.0,0.0,0.6788828304072639,-0.10614910701197604,0.6354183191919976,0.19685783564967965,0.0,0.0,0.0,0.0,0.0,0.0,0.0,0.0,0.0,0.0
19,0.0,0.0,0.0,0.0,0.0,0.0,0.0,0.0,0.0,0.0,0.0,0.0,0.0,0.0,0.0,0.0,0.0,0.0,1.269528562209201,0.0,0.0,0.0,0.0,0.0,0.0,0.0,-1.9219967111608791,0.1998585828174238,0.4106005032177194,1.3316198557440342,0.0,0.0,0.0,0.0,0.0,0.0,0.0,0.0,0.0,0.0
20,0.0,0.0,0.0,0.0,0.0,0.0,0.0,0.0,0.0,0.0,-0.14703235076214768,1.376585540798434,1.271998643019663,0.4260698928369396,0.0,0.0,0.0,0.0,0.0,0.0,0.0,-2.343725008144946,0.0,0.0,0.0,0.0,0.0,0.0,0.0,0.0,0.0,0.0,0.0,0.0,0.0,0.0,0.0,0.0,0.0,0.0
21,0.0,0.0,0.0,0.0,0.0,0.0,0.0,0.0,0.0,0.0,-1.5916985746072845,0.1147106194775816,1.6835483367465334,-0.6884706457998867,0.0,0.0,0.0,0.0,0.0,0.0,-2.343725008144946,0.0,0.0,0.0,0.0,0.0,0.0,0.0,0.0,0.0,0.0,0.0,0.0,0.0,0.0,0.0,0.0,0.0,0.0,0.0
22,-0.9521551425252673,0.17987332593195926,0.0,0.0,0.0,0.0,0.0,0.0,0.0,0.0,0.8449815884762056,-1.2697424528531331,0.0,0.0,0.0,0.0,0.0,0.0,0.0,0.0,0.0,0.0,0.0,0.1993812983474187,0.0,0.0,0.0,0.0,0.0,0.0,0.0,0.0,0.0,0.0,0.0,0.0,0.0,0.0,0.0,0.0
23,-0.48046530172980234,-1.594866696261224,0.0,0.0,0.0,0.0,0.0,0.0,0.0,0.0,-1.2180719581485122,1.0908017739696056,0.0,0.0,0.0,0.0,0.0,0.0,0.0,0.0,0.0,0.0,0.1993812983474187,0.0,0.0,0.0,0.0,0.0,0.0,0.0,0.0,0.0,0.0,0.0,0.0,0.0,0.0,0.0,0.0,0.0
24,0.335768569957688,0.24606446290860465,0.0,0.0,0.0,0.0,-2.6562953547550427,-0.24735435479329917,-0.5926923764537998,-0.2875932594707658,0.18767891701999673,0.4908956453776949,0.0,0.0,0.0,0.0,0.0,0.0,0.0,0.0,0.0,0.0,0.0,0.0,0.0,0.5311445779328454,0.0,0.0,0.0,0.0,0.0,0.0,0.0,0.0,0.0,0.0,0.0,0.0,0.0,0.0
25,1.1767549587901218,1.1150043117831347,0.0,0.0,0.0,0.0,1.494488154219767,-1.5887661710148155,0.46190561048602474,0.03276975315179173,0.39880033230346323,-0.5257360294553408,0.0,0.0,0.0,0.0,0.0,0.0,0.0,0.0,0.0,0.0,0.0,0.0,0.5311445779328454,0.0,0.0,0.0,0.0,0.0,0.0,0.0,0.0,0.0,0.0,0.0,0.0,0.0,0.0,0.0
26,0.0,0.0,0.0,0.0,0.0,0.0,0.0,0.0,-0.7142043648054631,-0.8552914477868379,0.23261186842366746,0.16961285646062246,-0.8085109905775324,-2.243283193530776,0.0,0.0,0.0,0.0,0.6788828304072639,-1.9219967111608791,0.0,0.0,0.0,0.0,0.0,0.0,0.0,0.46723408518000537,0.0,0.0,0.0,0.0,0.0,0.0,0.0,0.0,0.0,0.0,0.0,0.0
27,0.0,0.0,0.0,0.0,0.0,0.0,0.0,0.0,-1.0385102983139425,-0.1636145837255937,-0.9423850044220495,-0.3205241831018884,0.3542792028136994,-0.07507599568065866,0.0,0.0,0.0,0.0,-0.10614910701197604,0.1998585828174238,0.0,0.0,0.0,0.0,0.0,0.0,0.46723408518000537,0.0,0.0,0.0,0.0,0.0,0.0,0.0,0.0,0.0,0.0,0.0,0.0,0.0
28,0.0,0.0,0.0,0.0,0.0,0.0,0.0,0.0,-0.6177064564071689,-1.4664068551348484,2.033798654779427,-0.5710259473317373,-0.16630073698860862,-0.11026214432601461,-0.09431948015662084,0.4636439555120514,-1.1076854266360916,0.3376113716748705,0.6354183191919976,0.4106005032177194,0.0,0.0,0.0,0.0,0.0,0.0,0.0,0.0,0.0,0.06951997813938972,0.0,0.0,0.0,0.0,0.0,0.0,0.0,0.0,0.0,0.0
29,0.0,0.0,0.0,0.0,0.0,0.0,0.0,0.0,-0.4682945332031569,0.8576362071689672,-0.8498376026077701,-0.5788457895066379,-0.3650481005038636,0.6920824948329577,0.9846586649647872,0.24790201431479156,0.5602722804454703,1.3323637790758809,0.19685783564967965,1.3316198557440342,0.0,0.0,0.0,0.0,0.0,0.0,0.0,0.0,0.06951997813938972,0.0,0.0,0.0,0.0,0.0,0.0,0.0,0.0,0.0,0.0,0.0
30,0.0,0.0,0.0,0.0,-1.1156834105501987,-0.035101035855717944,1.1788733841879957,-0.44159029395686006,0.059396469499103634,0.32066147125278904,-0.1520757613328025,0.6480907881792625,0.668049324255238,1.100456060238484,0.5831907893574245,0.04064027690480265,0.0,0.0,0.0,0.0,0.0,0.0,0.0,0.0,0.0,0.0,0.0,0.0,0.0,0.0,0.0,0.4684214858109369,0.0,0.0,0.0,0.0,0.0,0.0,0.0,0.0
31,0.0,0.0,0.0,0.0,0.9627011679690805,-1.45321320164003,-0.9716470163533769,-1.8737556280261802,0.6344707913054964,0.8381727016577247,-0.4840201906360568,0.3368442904003697,-0.619496918734577,0.16818072411896443,-0.732348339977979,0.4711271710835115,0.0,0.0,0.0,0.0,0.0,0.0,0.0,0.0,0.0,0.0,0.0,0.0,0.0,0.0,0.4684214858109369,0.0,0.0,0.0,0.0,0.0,0.0,0.0,0.0,0.0
32,0.0,0.0,0.0,0.0,0.568037740457546,0.12549025940949898,-1.8145385712330349,-0.3293071613831924,-0.6801998748563292,1.052198724017718,0.0,0.0,0.0,0.0,1.3463236085564165,1.575156029910258,0.0,0.0,0.0,0.0,0.0,0.0,0.0,0.0,0.0,0.0,0.0,0.0,0.0,0.0,0.0,0.0,0.0,-0.1385434602132409,0.0,0.0,0.0,0.0,0.0,0.0
33,0.0,0.0,0.0,0.0,-1.0892808376037066,0.16049602165569612,2.434212525353974,-0.2094818423787639,0.5926709303555646,0.9508308212427053,0.0,0.0,0.0,0.0,-0.524718540746139,-1.1635291350843466,0.0,0.0,0.0,0.0,0.0,0.0,0.0,0.0,0.0,0.0,0.0,0.0,0.0,0.0,0.0,0.0,-0.1385434602132409,0.0,0.0,0.0,0.0,0.0,0.0,0.0
34,0.0,0.0,-0.5373798842947762,0.8249460748953606,-0.25522011671816114,0.06571251247934211,0.7569352414769108,0.1526571483741127,1.241434703176067,1.451723558754955,0.0,0.0,0.0,0.0,0.0,0.0,0.0,0.0,0.0,0.0,0.0,0.0,0.0,0.0,0.0,0.0,0.0,0.0,0.0,0.0,0.0,0.0,0.0,0.0,0.0,1.1593651737314576,0.0,0.0,0.0,0.0
35,0.0,0.0,-0.5306794637829364,-0.5162644759666195,-0.6499953646819219,1.8999517807812605,-0.5312057649779636,0.3020779678680377,-0.16396584196063474,1.6761404316941741,0.0,0.0,0.0,0.0,0.0,0.0,0.0,0.0,0.0,0.0,0.0,0.0,0.0,0.0,0.0,0.0,0.0,0.0,0.0,0.0,0.0,0.0,0.0,0.0,1.1593651737314576,0.0,0.0,0.0,0.0,0.0
36,0.0,0.0,0.09858373061640065,1.0761771941028462,0.0025392801655103395,-0.34968551540678616,0.0,0.0,0.0,0.0,0.0,0.0,0.0,0.0,0.0,0.0,0.0,0.0,0.0,0.0,0.0,0.0,0.0,0.0,0.0,0.0,0.0,0.0,0.0,0.0,0.0,0.0,0.0,0.0,0.0,0.0,0.0,-0.8001782161892994,0.0,0.0
37,0.0,0.0,-0.9308737059542388,-1.352209707613707,-1.3800548262251746,1.2590612086690582,0.0,0.0,0.0,0.0,0.0,0.0,0.0,0.0,0.0,0.0,0.0,0.0,0.0,0.0,0.0,0.0,0.0,0.0,0.0,0.0,0.0,0.0,0.0,0.0,0.0,0.0,0.0,0.0,0.0,0.0,-0.8001782161892994,0.0,0.0,0.0
38,0.0,0.0,0.0,0.0,0.0,0.0,0.0,0.0,0.0,0.0,0.0,0.0,0.0,0.0,0.2515136040943225,1.5681616452777625,-0.09613167218639573,-1.0527026183028334,0.0,0.0,0.0,0.0,0.0,0.0,0.0,0.0,0.0,0.0,0.0,0.0,0.0,0.0,0.0,0.0,0.0,0.0,0.0,0.0,0.0,-1.9245025357885845
39,0.0,0.0,0.0,0.0,0.0,0.0,0.0,0.0,0.0,0.0,0.0,0.0,0.0,0.0,-0.8863136549847634,2.0445594598175245,-0.7403845586290265,0.9471870825446792,0.0,0.0,0.0,0.0,0.0,0.0,0.0,0.0,0.0,0.0,0.0,0.0,0.0,0.0,0.0,0.0,0.0,0.0,0.0,0.0,-1.9245025357885845,0.0
