,2,3,4,5,6,7,8,9,10,11,12,13,14,15,16,17,18,19,20,21,26,27,28,29,30,31,32,33,34,35,36,37,38,39,40,41,42,43,44,45,chain_break_fraction,energy,num_occurrences
0,1,1,1,1,-1,1,1,1,1,-1,1,1,-1,-1,-1,1,1,1,1,-1,1,-1,-1,-1,1,-1,-1,-1,1,1,1,-1,1,1,1,-1,-1,1,1,-1,0.0,-74.0,13
1,-1,-1,1,1,-1,1,-1,-1,-1,1,-1,-1,1,1,-1,-1,-1,-1,-1,1,-1,1,1,1,-1,1,1,1,-1,-1,-1,-1,-1,-1,-1,-1,-1,1,-1,-1,0.0,-74.0,9
2,1,1,1,1,-1,1,1,1,1,1,1,1,1,1,-1,1,-1,-1,-1,-1,-1,-1,-1,-1,1,-1,-1,1,-1,1,1,-1,1,1,1,-1,-1,1,-1,-1,0.0,-74.0,5
3,1,1,1,1,-1,1,-1,-1,-1,1,1,1,1,1,1,-1,1,1,-1,-1,-1,-1,-1,-1,-1,-1,-1,1,-1,1,-1,-1,-1,-1,-1,-1,-1,1,1,1,0.0,-74.0,5
4,-1,-1,-1,-1,1,-1,-1,-1,-1,1,-1,-1,1,1,1,-1,-1,-1,-1,1,-1,1,1,1,-1,1,1,1,-1,-1,-1,1,-1,-1,-1,1,1,-1,-1,1,0.0,-74.0,93
5,1,1,1,1,-1,1,1,1,1,-1,1,1,1,-1,-1,1,1,1,1,-1,1,1,-1,-1,1,-1,-1,-1,1,1,1,-1,1,1,1,-1,-1,1,1,-1,0.0,-74.0,22
6,-1,-1,-1,-1,1,-1,-1,-1,-1,1,-1,-1,-1,1,1,-1,-1,-1,-1,1,-1,-1,1,1,-1,1,1,1,-1,-1,-1,1,-1,-1,-1,1,1,-1,-1,1,0.0,-74.0,43
7,-1,-1,-1,-1,1,-1,-1,-1,-1,-1,-1,-1,-1,-1,1,-1,1,1,1,1,1,1,1,1,-1,1,1,-1,1,-1,-1,1,-1,-1,-1,1,1,-1,1,1,0.0,-74.0,61
8,-1,-1,-1,-1,1,-1,1,1,1,-1,-1,-1,-1,-1,-1,1,-1,-1,1,1,1,1,1,1,1,1,1,-1,1,-1,1,1,1,1,1,1,1,-1,-1,-1,0.0,-74.0,57
9,1,1,-1,-1,1,-1,1,1,1,-1,1,1,-1,-1,-1,1,1,1,1,-1,1,-1,-1,-1,1,-1,-1,-1,1,1,1,1,1,1,1,1,1,-1,1,-1,0.0,-74.0,6
10,1,1,-1,-1,1,-1,1,1,1,-1,1,1,-1,-1,1,1,1,1,1,-1,1,-1,-1,-1,1,-1,-1,-1,1,1,1,1,1,1,1,1,1,-1,1,1,0.0,-74.0,5
11,-1,-1,1,1,-1,1,-1,-1,-1,1,-1,-1,1,1,1,-1,-1,-1,-1,1,-1,1,1,1,-1,1,1,1,-1,-1,-1,-1,-1,-1,-1,-1,-1,1,-1,1,0.0,-74.0,12
12,1,1,-1,-1,-1,1,1,1,1,-1,1,1,1,-1,-1,1,1,1,1,-1,1,1,-1,-1,1,-1,-1,-1,1,1,1,-1,1,1,1,-1,1,1,1,-1,0.0,-72.0,3
13,-1,-1,-1,-1,1,-1,-1,-1,-1,1,-1,-1,-1,1,1,-1,-1,-1,-1,1,-1,-1,1,1,-1,1,1,1,-1,-1,-1,1,-1,-1,-1,1,1,1,-1,1,0.0,-72.0,1
14,-1,-1,-1,-1,1,-1,-1,-1,-1,1,-1,-1,1,1,1,-1,-1,-1,-1,1,-1,-1,1,1,-1,1,1,1,-1,-1,-1,1,-1,-1,-1,1,1,-1,-1,1,0.0,-72.0,4
15,1,1,1,1,-1,1,1,1,1,-1,1,1,-1,-1,-1,1,1,1,1,-1,1,-1,-1,-1,1,-1,-1,-1,1,1,1,-1,1,1,1,-1,-1,1,-1,-1,0.0,-72.0,2
16,-1,-1,-1,-1,1,-1,-1,-1,-1,1,-1,-1,1,1,1,-1,-1,-1,-1,1,-1,1,1,1,-1,1,1,1,-1,-1,-1,1,-1,-1,-1,1,1,-1,1,1,0.0,-72.0,7
17,-1,-1,-1,-1,1,-1,1,1,1,-1,-1,-1,-1,-1,-1,1,-1,-1,-1,1,1,1,1,1,1,1,1,-1,1,-1,1,1,1,1,1,1,1,-1,-1,-1,0.0,-72.0,3
18,-1,-1,-1,-1,1,-1,-1,-1,-1,-1,-1,-1,-1,-1,1,-1,1,1,-1,1,1,1,1,1,-1,1,1,-1,1,-1,-1,1,-1,-1,-1,1,1,-1,1,1,0.0,-72.0,7
19,1,1,1,1,-1,1,1,1,1,-1,1,1,-1,-1,-1,1,-1,-1,1,1,1,-1,-1,-1,1,-1,-1,-1,1,-1,1,-1,1,1,1,-1,-1,1,-1,-1,0.0,-72.0,7
20,1,1,1,1,-1,1,-1,-1,-1,1,1,1,1,1,1,-1,-1,-1,-1,-1,-1,-1,-1,-1,-1,-1,-1,1,-1,1,-1,-1,-1,-1,-1,-1,-1,1,-1,1,0.0,-72.0,1
21,1,1,-1,-1,1,-1,1,1,1,-1,1,1,-1,-1,-1,1,1,1,1,-1,1,-1,-1,-1,1,-1,-1,-1,1,1,1,1,1,1,1,1,1,-1,-1,-1,0.0,-72.0,1
22,1,1,1,1,-1,1,1,1,1,-1,1,1,-1,-1,-1,1,1,1,1,-1,1,-1,-1,-1,1,-1,-1,-1,1,1,1,-1,1,1,-1,-1,-1,1,1,-1,0.0,-72.0,1
23,-1,-1,-1,-1,1,-1,-1,-1,1,1,-1,-1,1,1,1,-1,1,1,-1,-1,-1,1,1,1,-1,1,1,1,-1,1,-1,1,-1,-1,1,1,1,-1,1,1,0.0,-72.0,2
24,-1,-1,-1,-1,1,-1,-1,-1,-1,1,-1,-1,1,-1,1,-1,-1,-1,-1,1,-1,1,1,1,-1,1,1,1,-1,-1,-1,1,-1,-1,-1,1,1,-1,-1,1,0.0,-72.0,5
25,1,1,1,1,-1,1,1,1,-1,-1,1,1,-1,-1,-1,1,-1,-1,1,1,1,-1,-1,-1,1,-1,-1,-1,1,-1,1,-1,1,1,-1,-1,-1,1,-1,-1,0.0,-72.0,15
26,-1,-1,-1,-1,1,-1,-1,-1,-1,1,-1,-1,1,1,1,-1,-1,-1,-1,1,-1,1,1,1,-1,1,1,1,-1,-1,-1,1,-1,-1,-1,1,1,-1,-1,-1,0.0,-72.0,5
27,-1,-1,-1,-1,1,-1,-1,-1,-1,1,-1,-1,1,1,1,-1,-1,-1,-1,1,-1,1,1,1,-1,1,1,1,-1,-1,-1,1,-1,-1,1,1,1,-1,-1,1,0.0,-72.0,3
28,-1,-1,-1,-1,1,-1,-1,-1,-1,-1,-1,-1,-1,-1,1,-1,1,1,1,1,1,1,-1,1,-1,1,1,-1,1,-1,-1,1,-1,-1,-1,1,1,-1,1,1,0.0,-72.0,2
29,-1,-1,-1,-1,1,-1,-1,-1,-1,-1,-1,-1,-1,-1,1,-1,1,1,1,1,1,1,1,1,-1,1,1,-1,1,-1,-1,1,-1,-1,-1,1,1,1,1,1,0.0,-72.0,2
30,-1,-1,1,1,-1,1,-1,-1,-1,1,-1,-1,-1,1,1,-1,-1,-1,-1,1,-1,-1,1,1,-1,1,1,1,-1,-1,-1,1,-1,-1,-1,-1,-1,1,-1,1,0.0,-72.0,1
31,-1,-1,-1,-1,1,-1,-1,-1,-1,1,-1,-1,-1,1,1,-1,-1,-1,-1,1,-1,-1,-1,1,-1,1,1,1,-1,-1,-1,1,-1,-1,-1,1,1,-1,-1,1,0.0,-72.0,2
32,-1,-1,1,1,-1,1,-1,-1,-1,1,-1,-1,1,1,-1,-1,-1,-1,-1,1,-1,-1,1,1,-1,1,1,1,-1,-1,-1,-1,-1,-1,-1,-1,-1,1,-1,-1,0.0,-72.0,1
33,-1,-1,-1,-1,1,-1,-1,-1,-1,-1,-1,-1,-1,1,1,-1,-1,-1,-1,1,-1,-1,1,1,-1,1,1,1,-1,-1,-1,1,-1,-1,-1,1,1,-1,-1,1,0.0,-72.0,3
34,-1,-1,-1,-1,1,-1,-1,-1,-1,1,-1,-1,1,1,1,-1,1,1,-1,-1,-1,1,1,1,-1,1,1,1,-1,1,-1,1,-1,-1,-1,1,1,-1,1,1,0.0,-72.0,3
35,1,1,1,1,-1,1,-1,-1,1,1,1,1,1,1,1,-1,1,1,-1,-1,-1,-1,-1,-1,-1,-1,-1,1,-1,1,-1,-1,-1,-1,-1,-1,-1,1,1,1,0.0,-72.0,1
36,1,1,-1,-1,1,-1,1,1,1,-1,1,1,-1,-1,-1,1,1,1,1,1,1,-1,-1,-1,1,-1,-1,-1,1,1,1,1,1,1,1,1,1,-1,1,-1,0.0,-72.0,1
37,1,1,1,1,-1,1,1,1,1,-1,1,1,1,-1,-1,1,1,1,1,-1,1,1,-1,-1,1,-1,-1,-1,1,1,1,-1,1,1,1,-1,-1,1,-1,-1,0.0,-72.0,1
38,1,1,1,1,-1,1,1,1,1,-1,1,1,1,-1,-1,1,1,1,1,-1,1,1,-1,-1,1,-1,-1,-1,1,1,1,-1,1,1,1,-1,-1,-1,1,-1,0.0,-72.0,1
39,1,1,1,1,-1,1,1,1,1,-1,1,1,-1,-1,-1,1,1,1,1,-1,1,1,-1,-1,1,-1,-1,-1,1,1,1,-1,1,1,1,-1,-1,1,1,-1,0.0,-72.0,1
40,1,1,1,1,-1,1,1,1,1,1,1,1,1,1,1,1,1,1,-1,-1,-1,-1,-1,-1,1,-1,-1,1,-1,1,1,-1,1,1,1,-1,-1,1,1,1,0.0,-72.0,2
41,1,1,1,1,-1,1,1,1,1,-1,1,1,1,-1,-1,1,1,1,1,-1,1,1,1,-1,1,-1,-1,-1,1,1,1,-1,1,1,1,-1,-1,1,1,-1,0.0,-72.0,1
42,-1,-1,-1,-1,1,-1,-1,-1,-1,1,-1,-1,-1,1,1,-1,-1,-1,-1,1,-1,-1,1,1,-1,1,1,1,-1,-1,-1,1,-1,-1,-1,1,1,-1,1,1,0.0,-72.0,2
43,1,1,1,-1,-1,1,1,1,1,1,1,1,1,1,-1,1,-1,-1,-1,-1,-1,-1,-1,-1,1,-1,-1,1,-1,1,1,-1,1,1,1,-1,-1,1,-1,-1,0.0,-72.0,1
44,-1,-1,-1,-1,1,-1,-1,-1,-1,-1,-1,-1,1,1,1,-1,-1,-1,-1,1,-1,1,1,1,-1,1,1,1,-1,-1,-1,1,-1,-1,-1,1,1,-1,-1,1,0.0,-72.0,15
45,-1,-1,-1,1,1,-1,-1,-1,-1,1,-1,-1,-1,1,1,-1,-1,-1,-1,1,-1,-1,1,1,-1,1,1,1,-1,-1,-1,1,-1,-1,-1,1,1,-1,-1,1,0.0,-72.0,1
46,1,1,1,1,-1,1,-1,-1,-1,1,1,1,1,1,1,-1,1,1,-1,-1,1,-1,-1,-1,-1,-1,-1,1,-1,1,-1,-1,-1,-1,-1,-1,-1,1,1,1,0.0,-72.0,1
47,-1,-1,1,1,-1,1,-1,-1,-1,1,-1,-1,1,1,1,-1,-1,-1,-1,1,-1,1,1,1,-1,1,1,1,-1,-1,-1,-1,-1,-1,-1,-1,-1,1,1,1,0.0,-72.0,1
48,1,1,1,1,-1,1,1,1,1,1,1,1,-1,-1,-1,1,1,1,1,-1,1,-1,-1,-1,1,-1,-1,-1,1,1,1,-1,1,1,1,-1,-1,1,1,-1,0.0,-72.0,2
49,-1,-1,1,1,1,-1,-1,-1,-1,-1,-1,-1,-1,-1,1,-1,1,1,1,1,1,1,1,1,-1,1,1,-1,1,-1,-1,1,-1,-1,-1,1,-1,-1,1,1,0.0,-72.0,5
50,1,1,-1,-1,1,-1,1,1,1,-1,1,1,-1,-1,-1,1,-1,-1,1,1,1,-1,-1,-1,1,-1,-1,-1,1,-1,1,1,1,1,1,1,1,-1,-1,-1,0.0,-72.0,5
51,-1,-1,-1,-1,1,-1,-1,-1,-1,-1,-1,-1,-1,1,1,-1,1,1,1,1,-1,-1,1,1,-1,1,1,-1,1,-1,-1,1,-1,-1,-1,1,1,-1,1,1,0.0,-72.0,4
52,1,1,-1,-1,1,-1,1,1,1,-1,1,1,-1,-1,1,1,1,1,1,-1,1,1,-1,-1,1,-1,-1,-1,1,1,1,1,1,1,1,1,1,-1,1,1,0.0,-72.0,1
53,1,1,1,1,-1,1,1,1,1,1,1,1,1,-1,-1,1,-1,-1,1,-1,1,1,-1,-1,1,-1,-1,-1,-1,1,1,-1,1,1,1,-1,-1,1,-1,-1,0.0,-72.0,2
54,1,1,1,1,-1,1,1,1,1,1,1,1,1,1,-1,1,-1,1,-1,-1,-1,-1,-1,-1,1,-1,-1,1,-1,1,1,-1,1,1,1,-1,-1,1,-1,-1,0.0,-72.0,1
55,-1,-1,-1,-1,1,-1,-1,-1,-1,1,-1,-1,-1,1,1,-1,-1,-1,-1,1,-1,-1,1,1,-1,1,1,1,-1,-1,-1,1,-1,-1,-1,1,1,-1,-1,-1,0.0,-72.0,2
56,-1,-1,-1,-1,1,-1,1,1,1,-1,-1,-1,-1,-1,-1,1,-1,-1,1,1,1,1,1,1,1,1,-1,-1,1,-1,1,1,1,1,1,1,1,-1,-1,-1,0.0,-72.0,3
57,-1,-1,1,1,1,-1,-1,-1,-1,1,-1,-1,1,1,1,-1,-1,-1,-1,1,-1,1,1,1,-1,1,1,1,-1,-1,-1,1,-1,-1,-1,1,-1,-1,-1,1,0.0,-72.0,4
58,-1,-1,1,1,-1,1,-1,-1,-1,1,-1,-1,1,1,1,-1,-1,-1,-1,1,-1,1,1,1,-1,1,1,1,-1,-1,-1,1,-1,-1,-1,-1,-1,1,-1,1,0.0,-72.0,3
59,-1,-1,1,1,-1,1,-1,-1,1,1,-1,-1,1,1,1,-1,1,1,-1,-1,-1,1,1,1,-1,1,1,1,-1,1,-1,1,-1,-1,-1,-1,-1,1,1,1,0.0,-72.0,1
60,-1,-1,-1,-1,1,-1,1,1,1,-1,-1,-1,-1,-1,-1,1,-1,-1,1,1,-1,1,1,1,1,1,1,-1,1,-1,1,1,1,1,1,1,1,-1,-1,-1,0.0,-72.0,4
61,1,1,1,1,-1,1,1,1,1,-1,1,1,1,-1,-1,1,1,1,1,-1,1,-1,-1,-1,1,-1,-1,-1,1,1,1,-1,1,1,1,-1,-1,1,1,-1,0.0,-72.0,1
62,1,1,1,1,-1,1,-1,-1,-1,1,1,1,1,1,1,-1,1,1,-1,-1,-1,-1,1,-1,-1,-1,-1,1,-1,1,-1,-1,-1,-1,-1,-1,-1,1,1,1,0.0,-72.0,2
63,-1,-1,1,1,-1,1,-1,-1,-1,-1,-1,-1,1,1,-1,-1,-1,-1,-1,1,-1,1,1,1,-1,1,1,1,-1,-1,-1,-1,-1,-1,-1,-1,-1,1,-1,-1,0.0,-72.0,1
64,1,1,-1,-1,1,-1,1,1,1,-1,1,1,-1,-1,1,1,1,1,1,-1,1,-1,-1,-1,1,-1,-1,-1,1,1,1,1,1,1,1,1,1,1,1,1,0.0,-72.0,1
65,1,1,-1,-1,-1,1,1,1,1,-1,1,1,-1,-1,-1,1,1,1,1,-1,1,-1,-1,-1,1,-1,-1,-1,1,1,1,-1,1,1,1,-1,1,1,1,-1,0.0,-72.0,2
66,1,1,1,1,-1,1,1,1,1,1,1,1,1,-1,-1,1,-1,-1,-1,-1,1,1,-1,-1,1,-1,-1,1,-1,1,1,-1,1,1,1,-1,-1,1,-1,-1,0.0,-72.0,1
67,-1,-1,-1,-1,1,-1,1,1,1,-1,-1,-1,-1,-1,-1,1,1,1,1,1,1,1,1,1,1,1,1,-1,1,-1,1,1,1,1,1,1,1,-1,1,-1,0.0,-72.0,2
68,-1,-1,-1,-1,1,-1,-1,-1,-1,-1,-1,-1,-1,-1,-1,-1,-1,-1,1,1,1,1,1,1,-1,1,1,-1,1,-1,-1,1,-1,-1,-1,1,1,-1,-1,-1,0.0,-72.0,15
69,-1,-1,-1,-1,1,-1,1,1,1,-1,-1,-1,-1,-1,-1,1,-1,-1,1,1,1,1,-1,1,1,1,1,-1,1,-1,1,1,1,1,1,1,1,-1,-1,-1,0.0,-72.0,1
70,1,1,1,1,-1,1,1,1,1,-1,1,1,-1,-1,-1,1,1,1,1,-1,1,-1,-1,-1,1,-1,-1,-1,1,1,1,-1,1,1,1,-1,-1,-1,1,-1,0.0,-72.0,2
71,-1,-1,1,1,-1,1,-1,-1,-1,1,-1,-1,1,1,-1,-1,-1,-1,-1,1,-1,1,1,1,-1,1,1,1,-1,-1,-1,-1,-1,-1,-1,-1,-1,1,-1,1,0.0,-72.0,1
72,-1,-1,1,1,-1,1,-1,-1,-1,1,-1,-1,1,1,1,-1,-1,-1,-1,1,-1,1,1,1,-1,1,1,1,-1,-1,-1,-1,-1,-1,-1,-1,-1,1,-1,-1,0.0,-72.0,1
73,-1,-1,-1,-1,1,-1,1,1,1,-1,-1,-1,-1,-1,-1,1,-1,1,1,1,1,1,1,1,1,1,1,-1,1,-1,1,1,1,1,1,1,1,-1,-1,-1,0.0,-72.0,2
74,-1,-1,-1,-1,1,-1,-1,-1,-1,1,-1,-1,1,1,1,-1,-1,-1,-1,-1,-1,1,1,1,-1,1,1,1,-1,-1,-1,1,-1,-1,-1,1,1,-1,-1,1,0.0,-72.0,6
75,1,1,1,1,-1,1,1,1,1,1,1,1,1,1,-1,1,-1,-1,-1,-1,-1,-1,-1,-1,1,-1,-1,1,-1,1,1,-1,1,1,1,-1,-1,-1,-1,-1,0.0,-72.0,1
76,1,1,1,1,-1,1,1,1,1,1,1,1,1,1,-1,1,-1,-1,1,-1,-1,-1,-1,-1,1,-1,-1,1,-1,1,1,-1,1,1,1,-1,-1,1,-1,-1,0.0,-72.0,1
77,1,-1,-1,-1,1,-1,1,1,1,-1,-1,-1,-1,-1,-1,1,-1,-1,1,1,1,1,1,1,1,1,1,-1,1,-1,1,1,1,1,1,1,1,-1,-1,-1,0.0,-72.0,4
78,-1,-1,-1,1,1,-1,-1,-1,-1,1,-1,-1,1,1,1,-1,-1,-1,-1,1,-1,1,1,1,-1,1,1,1,-1,-1,-1,1,-1,-1,-1,1,1,-1,-1,1,0.0,-72.0,2
79,-1,-1,1,1,1,-1,-1,-1,-1,1,-1,-1,-1,1,1,-1,-1,-1,-1,1,-1,-1,1,1,-1,1,1,1,-1,-1,-1,1,-1,-1,-1,1,-1,-1,-1,1,0.0,-72.0,2
80,1,1,-1,-1,-1,1,1,1,1,1,1,1,1,1,-1,1,-1,-1,-1,-1,-1,-1,-1,-1,1,-1,-1,1,-1,1,1,-1,1,1,1,-1,1,1,-1,-1,0.0,-72.0,1
81,1,1,-1,-1,1,-1,1,1,1,1,1,1,-1,-1,1,1,1,1,1,-1,1,-1,-1,-1,1,-1,-1,-1,1,1,1,1,1,1,1,1,1,-1,1,1,0.0,-72.0,2
82,1,1,1,1,-1,1,1,1,1,1,1,1,1,-1,-1,1,1,1,1,1,1,1,-1,-1,1,-1,-1,1,1,1,1,-1,1,1,1,-1,-1,1,1,-1,0.0,-72.0,1
83,1,1,-1,-1,1,-1,1,1,-1,-1,1,1,-1,-1,-1,1,-1,-1,1,1,1,-1,-1,-1,1,-1,-1,-1,1,-1,1,-1,1,1,1,1,1,-1,-1,-1,0.0,-72.0,16
84,-1,-1,-1,-1,1,-1,-1,-1,-1,-1,-1,-1,-1,-1,1,-1,-1,-1,1,1,1,1,1,1,-1,1,1,-1,1,-1,-1,1,-1,-1,-1,1,1,-1,-1,1,0.0,-72.0,10
85,1,1,-1,-1,1,-1,1,1,1,-1,1,1,-1,-1,-1,1,1,1,1,-1,1,1,-1,-1,1,-1,-1,-1,1,1,1,1,1,1,1,1,1,-1,1,-1,0.0,-72.0,1
86,-1,-1,-1,-1,1,-1,-1,-1,-1,1,-1,-1,1,1,1,-1,-1,-1,-1,1,-1,1,1,1,-1,1,1,1,-1,-1,-1,1,-1,-1,-1,1,1,1,-1,1,0.0,-72.0,4
87,1,1,1,1,-1,1,1,1,1,-1,1,1,-1,1,-1,1,1,1,1,-1,1,-1,-1,-1,1,-1,-1,-1,1,1,1,-1,1,1,1,-1,-1,1,1,-1,0.0,-72.0,2
88,-1,-1,1,1,-1,1,-1,-1,-1,-1,-1,-1,1,1,1,-1,-1,-1,-1,1,-1,1,1,1,-1,1,1,1,-1,-1,-1,-1,-1,-1,-1,-1,-1,1,-1,1,0.0,-72.0,2
89,-1,-1,-1,-1,1,-1,-1,-1,-1,1,-1,-1,-1,1,1,-1,-1,-1,-1,1,-1,1,1,1,-1,1,1,1,-1,-1,-1,1,-1,-1,-1,1,1,-1,-1,1,0.0,-72.0,4
90,1,1,1,1,-1,1,1,1,1,1,1,1,1,1,-1,1,-1,-1,-1,-1,1,-1,-1,-1,1,-1,-1,1,-1,1,1,-1,1,1,1,-1,-1,1,-1,-1,0.0,-72.0,1
91,-1,-1,-1,1,1,-1,-1,-1,-1,-1,-1,-1,-1,-1,1,-1,1,1,1,1,1,1,1,1,-1,1,1,-1,1,-1,-1,1,-1,-1,-1,1,1,-1,1,1,0.0,-72.0,2
92,1,1,-1,-1,1,-1,1,1,1,-1,1,1,-1,-1,1,1,1,1,1,-1,1,-1,-1,-1,1,-1,-1,-1,1,1,1,1,1,1,1,1,1,-1,1,-1,0.0,-72.0,1
93,-1,-1,-1,-1,1,-1,-1,-1,-1,-1,-1,-1,-1,-1,1,-1,1,1,1,1,-1,1,1,1,-1,1,1,-1,1,-1,-1,1,-1,-1,-1,1,1,-1,1,1,0.0,-72.0,3
94,-1,-1,-1,-1,1,-1,-1,-1,-1,1,-1,-1,-1,1,1,-1,-1,-1,-1,-1,-1,-1,1,1,-1,1,1,1,-1,-1,-1,1,-1,-1,-1,1,1,-1,-1,1,0.0,-72.0,4
95,-1,-1,-1,-1,1,-1,-1,-1,-1,-1,-1,-1,-1,1,1,-1,-1,-1,-1,-1,-1,-1,1,1,-1,1,1,-1,-1,-1,-1,1,-1,-1,-1,1,1,-1,-1,1,0.0,-72.0,21
96,-1,-1,-1,-1,1,-1,-1,-1,-1,-1,-1,-1,-1,-1,1,-1,1,-1,1,1,1,1,1,1,-1,1,1,-1,1,-1,-1,1,-1,-1,-1,1,1,-1,1,1,0.0,-72.0,5
97,-1,-1,-1,-1,1,-1,-1,-1,-1,1,-1,-1,1,1,1,-1,-1,-1,-1,1,-1,1,-1,1,-1,1,1,1,-1,-1,-1,1,-1,-1,-1,1,1,-1,-1,1,0.0,-72.0,11
98,1,1,1,1,-1,1,1,1,1,-1,1,1,-1,-1,-1,1,1,1,1,-1,1,-1,1,-1,1,-1,-1,-1,1,1,1,-1,1,1,1,-1,-1,1,1,-1,0.0,-72.0,1
99,-1,-1,-1,-1,1,-1,1,1,-1,-1,-1,-1,-1,-1,-1,1,-1,-1,1,1,1,1,1,1,1,1,1,-1,1,-1,1,1,1,1,1,1,1,-1,-1,-1,0.0,-72.0,18
100,-1,-1,-1,-1,1,-1,-1,-1,-1,1,-1,-1,1,1,1,-1,-1,-1,-1,1,-1,1,1,1,-1,1,1,1,-1,-1,-1,1,-1,-1,-1,1,1,-1,-1,1,0.025,-74.0,2
101,-1,-1,1,1,-1,1,1,1,1,-1,-1,-1,-1,-1,-1,1,-1,-1,1,1,1,1,1,1,1,1,1,-1,1,-1,1,1,1,1,1,-1,-1,1,-1,-1,0.025,-68.0,12
102,1,1,-1,-1,1,-1,-1,-1,-1,1,1,1,1,1,1,-1,1,1,-1,-1,-1,-1,-1,-1,-1,-1,-1,1,-1,1,-1,1,-1,-1,-1,1,1,-1,1,1,0.025,-66.0,3
103,-1,-1,-1,-1,1,-1,-1,-1,-1,1,-1,-1,-1,1,1,-1,-1,-1,-1,-1,-1,-1,1,1,-1,1,1,1,-1,-1,-1,1,-1,-1,1,1,1,-1,-1,1,0.0,-70.0,1
104,1,1,-1,-1,1,-1,1,1,-1,-1,1,1,-1,-1,-1,1,-1,-1,1,1,1,-1,-1,-1,1,-1,-1,-1,1,-1,1,-1,1,1,-1,1,1,-1,-1,-1,0.0,-70.0,2
105,-1,-1,-1,-1,1,-1,1,1,1,-1,-1,-1,-1,-1,-1,1,1,1,-1,1,1,1,1,1,1,1,1,-1,1,-1,1,1,1,1,1,1,1,-1,1,-1,0.0,-70.0,1
106,1,1,-1,-1,1,-1,-1,1,1,1,1,1,1,-1,1,-1,1,1,1,-1,1,1,-1,-1,1,-1,-1,-1,-1,1,1,1,-1,-1,1,1,1,-1,1,1,0.0,-70.0,1
107,1,1,-1,-1,1,-1,1,1,-1,-1,1,1,-1,-1,-1,1,-1,-1,1,1,1,-1,-1,-1,1,-1,1,-1,1,-1,1,-1,1,1,1,1,1,-1,-1,-1,0.0,-70.0,1
108,1,1,-1,-1,-1,1,1,1,-1,-1,1,1,-1,-1,-1,1,-1,-1,1,1,1,-1,-1,-1,1,-1,-1,-1,1,-1,1,-1,1,1,1,1,1,1,-1,-1,0.0,-70.0,2
109,1,1,1,1,-1,1,1,1,-1,-1,1,1,-1,-1,-1,1,-1,-1,1,1,1,-1,-1,-1,1,-1,-1,1,1,-1,1,-1,1,1,-1,-1,-1,1,-1,-1,0.0,-70.0,1
110,-1,-1,-1,-1,1,-1,-1,-1,-1,-1,-1,-1,1,-1,1,-1,1,1,1,1,-1,1,1,1,-1,1,-1,1,1,-1,-1,1,-1,-1,-1,1,1,-1,1,1,0.0,-70.0,1
111,-1,-1,1,1,-1,-1,-1,-1,-1,-1,-1,-1,1,1,-1,1,-1,-1,-1,1,-1,1,1,1,-1,1,1,1,1,-1,-1,-1,1,1,-1,1,-1,-1,-1,-1,0.0,-70.0,1
112,1,1,1,1,-1,1,1,1,1,-1,1,1,-1,-1,-1,1,-1,1,1,1,1,-1,-1,-1,1,-1,-1,-1,1,-1,1,-1,1,1,1,-1,-1,1,-1,-1,0.0,-70.0,1
113,-1,-1,-1,-1,1,-1,-1,-1,1,1,-1,-1,1,1,1,-1,-1,-1,-1,-1,-1,1,1,1,-1,1,1,1,-1,1,-1,1,-1,-1,1,1,1,-1,-1,1,0.0,-70.0,1
114,1,1,1,1,-1,1,1,1,-1,-1,1,1,-1,-1,-1,1,-1,-1,1,1,1,-1,-1,-1,1,-1,-1,-1,1,-1,1,-1,1,1,1,-1,-1,1,-1,-1,0.0,-70.0,1
115,1,1,1,-1,-1,1,1,1,1,-1,1,1,1,-1,-1,1,1,1,1,-1,1,1,1,-1,1,-1,-1,-1,1,1,1,-1,1,1,1,-1,-1,1,1,-1,0.0,-70.0,1
116,-1,-1,1,1,1,-1,-1,-1,-1,1,-1,-1,1,1,1,-1,-1,-1,-1,-1,-1,1,1,1,-1,1,1,1,-1,-1,-1,1,-1,-1,-1,1,-1,-1,-1,1,0.0,-70.0,1
117,1,1,-1,-1,1,-1,1,1,1,-1,1,1,-1,-1,-1,1,-1,-1,1,1,1,1,-1,-1,1,-1,-1,-1,1,-1,1,1,1,1,1,1,1,-1,-1,-1,0.0,-70.0,1
118,1,1,-1,-1,1,-1,1,1,-1,-1,1,1,1,-1,-1,1,1,1,1,1,1,1,-1,-1,1,-1,-1,1,1,1,1,-1,1,1,1,1,1,-1,1,-1,0.0,-70.0,1
119,-1,-1,-1,1,1,-1,-1,-1,-1,1,-1,-1,-1,1,1,-1,-1,-1,-1,-1,-1,-1,1,1,-1,1,1,1,-1,-1,-1,1,-1,-1,-1,1,1,-1,-1,1,0.0,-70.0,1
120,-1,-1,-1,-1,1,-1,1,1,-1,-1,-1,-1,-1,-1,-1,1,-1,1,1,1,1,1,1,1,1,1,1,-1,1,-1,1,1,1,1,1,1,1,-1,-1,-1,0.0,-70.0,1
121,1,1,1,1,-1,1,1,1,1,1,1,1,-1,-1,-1,1,1,1,1,-1,1,-1,-1,-1,1,-1,-1,-1,1,1,1,1,1,1,1,-1,-1,1,1,-1,0.0,-70.0,1
122,-1,-1,-1,-1,1,-1,-1,-1,-1,-1,-1,-1,-1,-1,-1,-1,-1,-1,1,1,1,1,-1,1,-1,1,1,-1,1,-1,-1,1,-1,-1,-1,1,1,-1,-1,-1,0.0,-70.0,1
123,-1,-1,-1,-1,1,-1,-1,-1,-1,1,-1,-1,1,1,1,-1,-1,-1,-1,-1,-1,1,1,1,-1,1,1,1,-1,1,-1,1,-1,-1,-1,1,1,-1,-1,1,0.0,-70.0,1
124,-1,-1,-1,-1,1,-1,-1,-1,-1,1,-1,-1,1,1,1,-1,-1,-1,-1,-1,-1,1,1,1,-1,1,1,1,-1,-1,-1,1,-1,-1,-1,1,1,1,-1,1,0.0,-70.0,1
125,1,1,1,1,1,1,1,1,1,1,1,1,1,-1,1,-1,1,1,-1,-1,1,1,-1,-1,1,-1,-1,1,-1,1,1,1,-1,-1,1,-1,-1,-1,1,1,0.0,-70.0,1
126,-1,-1,1,1,1,-1,-1,-1,-1,1,-1,-1,1,-1,1,-1,-1,-1,-1,1,-1,1,1,1,-1,1,1,1,-1,-1,-1,1,-1,-1,-1,1,-1,-1,-1,1,0.0,-70.0,1
127,1,1,1,1,-1,1,1,1,1,-1,1,1,-1,-1,-1,1,1,1,1,-1,1,-1,1,-1,1,-1,-1,-1,1,1,1,-1,1,1,1,-1,-1,-1,1,-1,0.0,-70.0,1
128,-1,-1,-1,-1,1,-1,-1,-1,1,1,-1,-1,1,1,1,-1,-1,-1,-1,1,-1,1,1,1,-1,1,1,1,-1,-1,-1,1,-1,-1,1,1,1,-1,-1,1,0.0,-70.0,1
129,1,1,-1,-1,1,-1,1,1,1,-1,1,1,-1,-1,-1,1,1,1,1,-1,1,-1,-1,-1,1,-1,-1,-1,1,1,1,-1,1,1,1,1,1,-1,1,1,0.0,-70.0,1
130,-1,-1,-1,-1,1,-1,-1,-1,-1,-1,-1,-1,1,1,1,-1,-1,-1,-1,-1,-1,1,1,1,-1,1,1,1,-1,-1,-1,1,-1,-1,-1,1,1,-1,-1,1,0.0,-70.0,1
131,-1,-1,-1,-1,1,-1,1,1,-1,-1,-1,-1,-1,-1,-1,1,-1,-1,1,1,1,1,-1,1,1,1,1,-1,1,-1,1,1,1,1,1,1,1,-1,-1,-1,0.0,-70.0,2
132,-1,-1,-1,-1,1,-1,-1,-1,-1,-1,-1,-1,-1,1,1,-1,-1,-1,-1,-1,-1,-1,1,1,-1,1,1,-1,-1,-1,-1,1,-1,-1,-1,1,1,1,-1,1,0.0,-70.0,1
133,-1,-1,-1,-1,1,-1,-1,-1,-1,-1,-1,-1,-1,-1,-1,-1,-1,-1,1,1,1,1,1,1,-1,1,1,-1,1,-1,-1,1,-1,1,-1,1,1,-1,-1,-1,0.0,-70.0,1
134,-1,-1,-1,-1,1,-1,-1,-1,-1,-1,-1,-1,1,1,-1,-1,-1,-1,-1,1,-1,1,1,1,-1,1,1,1,-1,-1,-1,-1,-1,-1,-1,1,1,-1,-1,-1,0.0,-70.0,1
135,1,1,-1,-1,1,-1,1,1,1,-1,1,1,1,-1,-1,1,1,1,1,-1,1,1,-1,-1,1,-1,-1,-1,1,1,1,-1,1,1,1,1,1,-1,-1,-1,0.0,-70.0,1
136,1,1,-1,-1,1,-1,1,1,1,1,1,1,1,-1,1,-1,1,1,1,-1,1,1,-1,-1,1,-1,-1,-1,-1,1,1,1,1,-1,1,1,1,-1,1,1,0.0,-70.0,1
137,-1,-1,1,1,-1,1,-1,-1,-1,-1,-1,-1,-1,1,-1,1,-1,-1,-1,1,-1,-1,1,1,-1,1,1,1,1,-1,-1,-1,-1,1,-1,-1,-1,1,-1,-1,0.0,-70.0,1
138,-1,-1,1,1,-1,1,-1,-1,-1,1,-1,-1,1,1,1,-1,-1,-1,-1,1,-1,1,-1,1,-1,1,1,1,-1,-1,-1,-1,-1,-1,-1,-1,-1,-1,-1,1,0.0,-70.0,1
139,1,1,1,1,-1,1,1,1,-1,-1,1,1,-1,-1,-1,1,-1,-1,1,1,1,-1,1,-1,1,-1,-1,-1,1,-1,1,-1,1,1,-1,-1,-1,1,-1,-1,0.0,-70.0,2
140,1,1,-1,-1,1,-1,1,1,-1,-1,1,1,1,-1,-1,1,-1,-1,1,1,1,1,-1,-1,1,-1,-1,1,1,-1,1,-1,1,1,1,1,1,-1,-1,-1,0.0,-70.0,3
141,-1,-1,1,1,1,-1,-1,-1,-1,-1,-1,-1,-1,1,1,-1,-1,-1,-1,-1,-1,-1,1,1,-1,1,1,-1,-1,-1,-1,1,-1,-1,-1,1,-1,-1,-1,1,0.0,-70.0,1
142,1,1,1,1,-1,1,1,1,-1,-1,1,1,-1,-1,-1,1,1,1,1,-1,1,-1,-1,-1,1,-1,-1,-1,1,1,1,-1,1,1,-1,-1,-1,1,1,-1,0.0,-70.0,1
143,-1,-1,-1,-1,-1,-1,-1,-1,-1,-1,-1,-1,-1,1,-1,1,-1,-1,1,1,-1,-1,1,1,-1,1,1,-1,1,-1,-1,-1,1,1,-1,1,1,1,-1,-1,0.0,-70.0,2
144,-1,-1,-1,-1,1,-1,-1,-1,-1,-1,-1,-1,-1,-1,1,-1,1,-1,1,1,-1,1,1,1,-1,1,1,-1,1,-1,-1,1,-1,-1,-1,1,1,-1,1,1,0.0,-70.0,1
145,1,1,-1,-1,1,-1,1,1,-1,-1,1,1,-1,-1,-1,1,-1,-1,1,1,1,-1,-1,-1,1,-1,-1,1,1,-1,1,-1,1,1,1,1,1,-1,-1,-1,0.0,-70.0,1
146,1,1,1,1,-1,1,1,1,-1,-1,1,1,-1,-1,-1,1,-1,-1,1,1,1,-1,-1,-1,1,-1,-1,-1,1,-1,1,-1,1,1,-1,1,-1,1,-1,-1,0.0,-70.0,3
147,-1,-1,1,1,-1,1,1,-1,-1,-1,-1,-1,1,1,-1,1,-1,-1,-1,1,-1,1,1,1,-1,1,1,1,1,-1,-1,-1,1,1,-1,-1,-1,1,-1,-1,0.0,-70.0,2
148,-1,-1,-1,-1,1,-1,-1,-1,-1,-1,-1,-1,-1,1,1,-1,-1,-1,-1,1,-1,-1,1,1,-1,1,1,-1,-1,-1,-1,1,-1,-1,-1,1,1,-1,-1,1,0.0,-70.0,1
149,1,1,1,1,-1,1,1,1,-1,-1,1,1,-1,-1,-1,1,-1,-1,1,-1,1,-1,-1,-1,1,-1,-1,-1,1,-1,1,-1,1,1,-1,-1,-1,1,-1,-1,0.0,-70.0,1
150,-1,-1,-1,-1,1,-1,-1,-1,-1,-1,-1,-1,-1,-1,1,-1,-1,-1,-1,1,1,1,1,1,-1,1,1,-1,1,-1,-1,1,-1,-1,-1,1,1,-1,-1,1,0.0,-70.0,1
151,1,1,-1,-1,1,1,-1,1,1,1,1,1,1,-1,1,-1,1,1,1,-1,1,1,-1,-1,1,-1,-1,-1,-1,1,1,1,-1,-1,1,1,1,1,1,1,0.0,-70.0,3
152,-1,-1,-1,-1,1,-1,-1,-1,-1,-1,-1,-1,-1,-1,1,-1,-1,-1,1,1,1,1,-1,1,-1,1,1,-1,1,-1,-1,1,-1,-1,-1,1,1,-1,-1,1,0.0,-70.0,1
153,1,1,-1,-1,1,1,-1,1,1,1,1,1,1,-1,1,-1,1,1,-1,-1,1,1,-1,-1,1,-1,-1,1,-1,1,1,1,-1,-1,1,1,1,1,1,1,0.0,-70.0,1
154,-1,-1,-1,-1,1,-1,-1,-1,-1,-1,-1,-1,-1,-1,-1,-1,-1,-1,1,1,-1,1,1,1,-1,1,1,-1,1,-1,-1,1,-1,-1,-1,1,1,-1,-1,-1,0.0,-70.0,1
155,-1,-1,-1,-1,1,-1,-1,-1,-1,-1,-1,-1,-1,-1,1,-1,-1,-1,-1,-1,1,1,1,1,-1,1,1,-1,-1,-1,-1,1,-1,-1,-1,1,1,-1,-1,1,0.0,-70.0,1
156,-1,-1,-1,-1,1,-1,1,1,1,-1,-1,-1,-1,-1,-1,1,-1,-1,-1,1,-1,1,1,1,1,1,1,-1,1,-1,1,1,1,1,1,1,1,-1,-1,-1,0.0,-70.0,1
157,-1,-1,1,1,-1,1,1,-1,-1,-1,-1,-1,-1,1,-1,1,-1,-1,1,1,-1,-1,1,1,-1,1,1,-1,1,-1,-1,-1,1,1,-1,-1,-1,1,-1,-1,0.0,-70.0,2
158,1,1,1,1,-1,1,1,1,-1,-1,1,1,-1,-1,-1,1,1,1,1,1,1,-1,-1,-1,1,-1,-1,-1,1,-1,1,-1,1,1,-1,-1,-1,1,1,-1,0.0,-70.0,1
159,-1,-1,-1,-1,1,-1,-1,-1,-1,-1,-1,-1,1,-1,1,-1,-1,-1,-1,-1,-1,1,1,1,-1,1,1,-1,-1,-1,-1,1,-1,-1,-1,1,1,-1,-1,1,0.0,-70.0,2
160,-1,-1,-1,-1,1,-1,1,1,-1,-1,-1,-1,-1,-1,-1,1,-1,-1,1,1,1,1,1,1,1,1,1,-1,1,-1,1,1,1,1,-1,1,1,-1,-1,-1,0.0,-70.0,5
161,-1,-1,-1,-1,1,-1,-1,-1,-1,-1,-1,-1,-1,-1,-1,-1,-1,-1,-1,1,1,1,1,1,-1,1,1,-1,1,-1,-1,1,-1,-1,-1,1,1,-1,-1,-1,0.0,-70.0,1
162,1,1,-1,-1,1,-1,1,1,-1,-1,1,1,-1,-1,-1,1,-1,-1,1,1,1,-1,1,-1,1,-1,-1,-1,1,-1,1,-1,1,1,1,1,1,-1,-1,-1,0.0,-70.0,1
163,-1,-1,1,1,-1,1,-1,-1,1,1,-1,-1,-1,1,1,-1,-1,-1,-1,-1,-1,-1,1,1,-1,1,1,-1,-1,-1,-1,1,-1,-1,-1,-1,-1,1,-1,1,0.0,-70.0,2
164,-1,-1,-1,-1,1,-1,-1,-1,-1,-1,-1,-1,1,1,1,-1,-1,-1,-1,1,-1,1,1,1,-1,1,1,1,-1,-1,-1,1,-1,-1,-1,1,1,-1,1,1,0.0,-70.0,1
165,1,1,-1,-1,1,-1,1,1,-1,-1,1,1,-1,-1,-1,1,1,1,1,1,1,-1,-1,-1,1,-1,-1,-1,1,-1,1,-1,1,1,1,1,1,-1,1,-1,0.0,-70.0,4
166,1,1,-1,-1,1,-1,-1,1,1,1,1,1,1,-1,1,-1,1,1,-1,-1,1,1,-1,-1,1,-1,-1,1,-1,1,1,1,-1,-1,1,1,1,-1,1,1,0.0,-70.0,2
167,-1,-1,-1,-1,1,-1,-1,-1,-1,-1,-1,-1,1,-1,1,-1,1,1,-1,1,-1,1,1,1,-1,1,1,1,1,-1,-1,1,-1,-1,-1,1,1,-1,1,1,0.0,-70.0,2
168,-1,-1,1,1,1,-1,-1,-1,-1,1,-1,-1,-1,1,1,-1,-1,-1,-1,1,-1,-1,-1,1,-1,1,1,1,-1,-1,-1,1,-1,-1,-1,1,-1,-1,-1,1,0.0,-70.0,1
169,1,1,1,1,-1,-1,1,1,-1,-1,1,1,-1,-1,-1,1,-1,-1,1,1,1,-1,-1,-1,1,-1,-1,-1,1,-1,1,-1,1,1,-1,1,-1,-1,-1,-1,0.0,-70.0,1
170,1,1,-1,-1,1,-1,1,1,-1,-1,1,1,-1,-1,-1,1,-1,-1,1,1,1,1,-1,-1,1,-1,-1,-1,1,-1,1,-1,1,1,1,1,1,-1,-1,-1,0.0,-70.0,1
171,1,1,1,1,1,1,1,1,1,1,1,1,1,-1,1,-1,1,1,1,-1,1,1,-1,-1,1,-1,-1,-1,-1,1,1,1,-1,-1,1,-1,-1,-1,1,1,0.0,-70.0,3
172,-1,-1,-1,-1,1,-1,-1,-1,-1,-1,-1,-1,1,-1,1,-1,-1,-1,-1,-1,-1,1,1,1,-1,1,-1,1,-1,-1,-1,1,-1,-1,-1,1,1,-1,-1,1,0.0,-70.0,1
173,-1,1,-1,-1,1,-1,-1,-1,-1,1,-1,-1,-1,1,1,-1,-1,-1,-1,1,-1,-1,-1,1,-1,1,1,1,-1,-1,-1,1,-1,-1,-1,1,1,-1,-1,1,0.0,-70.0,1
174,1,1,-1,-1,1,-1,1,1,1,1,1,1,1,-1,1,1,1,1,-1,-1,1,1,-1,-1,1,-1,-1,1,-1,1,1,1,1,1,1,1,1,-1,1,1,0.0,-70.0,1
175,1,1,-1,-1,1,1,1,1,1,1,1,1,1,-1,1,-1,1,1,1,-1,1,1,-1,-1,1,-1,-1,-1,-1,1,1,1,-1,-1,1,-1,1,1,1,1,0.0,-70.0,3
176,1,1,-1,-1,1,-1,1,1,1,1,1,1,-1,-1,1,-1,1,1,1,-1,1,-1,-1,-1,1,-1,-1,-1,-1,1,1,1,1,-1,1,1,1,-1,1,1,0.0,-70.0,1
177,-1,-1,1,1,-1,1,-1,-1,-1,-1,-1,-1,1,1,-1,-1,-1,-1,-1,1,-1,1,1,1,-1,1,1,1,-1,-1,-1,-1,-1,-1,-1,1,-1,1,-1,-1,0.0,-70.0,1
178,1,1,-1,-1,1,-1,1,1,-1,-1,1,1,-1,-1,-1,1,-1,-1,1,1,1,-1,-1,-1,1,-1,-1,-1,1,-1,1,1,1,1,1,1,1,-1,-1,-1,0.0,-70.0,4
179,-1,-1,-1,-1,1,-1,-1,-1,-1,-1,-1,-1,1,1,1,-1,-1,-1,-1,1,-1,1,1,1,-1,1,1,1,-1,-1,-1,1,-1,-1,-1,1,1,1,-1,1,0.0,-70.0,2
180,-1,-1,-1,-1,1,-1,-1,-1,-1,1,-1,-1,-1,1,1,-1,-1,-1,-1,-1,-1,-1,1,1,-1,1,1,-1,-1,-1,-1,1,-1,-1,-1,1,1,-1,-1,1,0.0,-70.0,2
181,-1,-1,-1,1,1,-1,-1,-1,-1,-1,-1,-1,-1,-1,1,-1,1,-1,1,1,1,1,1,1,-1,1,1,-1,1,-1,-1,1,-1,-1,-1,1,1,-1,1,1,0.0,-70.0,1
182,-1,-1,-1,-1,1,-1,-1,-1,-1,-1,-1,-1,1,1,1,-1,-1,-1,-1,1,-1,1,1,1,-1,1,1,1,-1,-1,-1,1,-1,-1,-1,1,1,-1,-1,-1,0.0,-70.0,1
183,1,1,-1,-1,-1,-1,1,1,-1,-1,1,1,-1,-1,-1,1,-1,-1,1,1,1,-1,-1,-1,1,-1,-1,-1,1,-1,1,-1,1,1,-1,1,1,1,-1,-1,0.0,-70.0,3
184,1,1,1,1,-1,1,1,1,-1,-1,1,1,-1,-1,-1,1,-1,-1,1,1,1,-1,-1,-1,1,-1,1,-1,1,-1,1,-1,1,1,-1,-1,-1,1,-1,-1,0.0,-70.0,4
185,1,1,1,1,1,1,1,1,1,1,1,1,-1,-1,1,-1,1,1,1,-1,1,-1,-1,-1,1,-1,-1,-1,-1,1,1,1,-1,-1,1,-1,-1,-1,1,1,0.0,-70.0,4
186,1,1,-1,-1,1,1,1,1,1,1,1,1,-1,-1,1,-1,1,1,1,-1,1,-1,-1,-1,1,-1,-1,-1,-1,1,1,1,-1,-1,1,-1,1,1,1,1,0.0,-70.0,1
187,1,1,-1,-1,1,-1,1,1,1,-1,1,1,-1,-1,-1,1,-1,-1,1,1,1,-1,-1,-1,1,-1,-1,-1,1,-1,1,-1,1,1,1,1,1,-1,-1,-1,0.0,-70.0,2
188,-1,-1,-1,-1,1,-1,-1,-1,-1,-1,-1,-1,-1,1,-1,-1,-1,-1,-1,1,-1,-1,1,1,-1,1,1,1,1,-1,-1,1,-1,-1,-1,1,1,-1,-1,-1,0.0,-70.0,1
189,1,1,1,1,-1,1,1,1,1,1,1,1,1,-1,-1,1,-1,-1,1,-1,1,1,-1,-1,1,-1,-1,-1,-1,1,1,-1,1,1,1,-1,-1,-1,-1,-1,0.0,-70.0,1
190,1,1,1,1,-1,1,1,1,1,-1,1,1,-1,-1,-1,1,-1,-1,1,1,1,-1,-1,-1,1,-1,-1,-1,1,-1,1,-1,1,1,1,-1,-1,-1,-1,-1,0.0,-70.0,1
191,-1,-1,-1,-1,1,-1,-1,-1,-1,-1,-1,-1,-1,-1,-1,-1,-1,-1,1,1,1,1,1,1,-1,1,1,-1,1,-1,-1,1,-1,-1,-1,1,1,-1,-1,1,0.0,-70.0,1
192,1,1,1,1,-1,1,1,1,1,1,1,1,1,-1,-1,1,-1,-1,-1,-1,1,1,1,-1,1,-1,-1,1,-1,1,1,-1,1,1,1,-1,-1,1,-1,-1,0.0,-70.0,1
193,1,1,1,-1,-1,1,1,1,1,-1,1,1,-1,-1,-1,1,-1,-1,1,1,1,-1,-1,-1,1,-1,-1,-1,1,-1,1,-1,1,1,1,-1,-1,1,-1,-1,0.0,-70.0,1
194,-1,-1,-1,-1,1,-1,1,1,1,-1,-1,-1,-1,-1,-1,1,-1,-1,1,-1,1,1,1,1,1,1,-1,-1,1,-1,1,1,1,1,1,1,1,-1,-1,-1,0.0,-70.0,1
195,-1,-1,-1,-1,1,-1,1,1,1,-1,-1,-1,-1,-1,-1,1,1,1,1,1,1,1,1,1,1,1,1,-1,1,-1,1,1,1,1,1,1,1,-1,1,1,0.0,-70.0,1
196,-1,-1,1,1,-1,1,-1,-1,1,1,-1,-1,1,1,1,-1,-1,-1,-1,1,-1,1,1,1,-1,1,1,1,-1,-1,-1,1,-1,-1,-1,-1,-1,1,-1,1,0.0,-70.0,2
197,1,1,1,1,-1,1,1,1,-1,-1,1,1,1,-1,-1,1,1,1,1,-1,1,1,-1,-1,1,-1,-1,-1,1,1,1,-1,1,1,-1,-1,-1,1,1,-1,0.0,-70.0,1
198,-1,-1,-1,-1,1,-1,-1,-1,-1,-1,-1,-1,1,1,1,-1,-1,-1,-1,1,-1,1,-1,1,-1,1,1,1,-1,-1,-1,1,-1,-1,-1,1,1,-1,-1,1,0.0,-70.0,1
199,1,1,1,1,-1,1,1,1,-1,-1,1,1,-1,-1,-1,1,-1,-1,1,1,1,1,-1,-1,1,-1,-1,-1,1,-1,1,-1,1,1,-1,-1,-1,1,-1,-1,0.0,-70.0,1
200,-1,-1,1,1,-1,1,-1,-1,1,1,-1,-1,1,1,1,-1,1,1,-1,-1,-1,1,1,1,-1,1,1,-1,-1,1,-1,1,-1,-1,-1,-1,-1,1,1,1,0.0,-70.0,1
201,1,1,1,1,-1,1,1,1,-1,-1,1,1,1,-1,-1,1,-1,-1,1,1,1,1,-1,-1,1,-1,-1,1,1,-1,1,-1,1,1,-1,-1,-1,1,-1,-1,0.0,-70.0,4
202,-1,-1,-1,-1,1,-1,1,1,-1,-1,-1,-1,-1,-1,-1,1,-1,-1,1,1,-1,1,1,1,1,1,1,-1,1,-1,1,1,1,1,1,1,1,-1,-1,-1,0.0,-70.0,3
203,-1,-1,-1,1,1,-1,-1,-1,-1,-1,-1,-1,-1,-1,1,-1,-1,-1,1,1,1,1,1,1,-1,1,1,-1,1,-1,-1,1,-1,-1,-1,1,1,-1,-1,1,0.0,-70.0,1
204,-1,-1,-1,-1,1,-1,-1,-1,1,1,-1,-1,-1,1,1,-1,-1,-1,-1,-1,-1,-1,1,1,-1,1,1,-1,-1,-1,-1,1,-1,-1,1,1,1,-1,-1,1,0.0,-70.0,3
205,1,1,-1,-1,1,-1,-1,1,1,1,1,1,-1,-1,1,-1,1,1,1,-1,1,-1,-1,-1,1,-1,-1,-1,-1,1,1,1,-1,-1,1,1,1,-1,1,1,0.0,-70.0,2
206,-1,-1,1,1,-1,1,-1,-1,-1,-1,-1,-1,-1,1,-1,1,-1,-1,1,1,-1,-1,1,1,-1,1,1,-1,1,-1,-1,-1,-1,1,-1,-1,-1,1,-1,-1,0.0,-70.0,1
207,-1,-1,-1,-1,1,-1,-1,-1,-1,-1,-1,-1,-1,1,1,-1,-1,-1,-1,1,-1,-1,-1,1,-1,1,1,1,-1,-1,-1,1,-1,-1,-1,1,1,-1,-1,1,0.0,-70.0,1
208,-1,-1,1,1,-1,1,1,-1,-1,-1,-1,-1,-1,1,-1,1,-1,-1,-1,1,-1,-1,1,1,-1,1,1,1,1,-1,-1,-1,1,1,-1,-1,-1,1,-1,-1,0.0,-70.0,1
209,-1,-1,-1,-1,-1,-1,-1,-1,-1,-1,-1,-1,-1,1,-1,1,-1,-1,-1,1,-1,-1,1,1,-1,1,1,1,1,-1,-1,-1,1,1,-1,1,1,1,-1,-1,0.0,-70.0,1
210,-1,-1,-1,1,1,-1,-1,-1,-1,-1,-1,-1,-1,1,1,-1,1,1,1,1,-1,-1,1,1,-1,1,1,-1,1,-1,-1,1,-1,-1,-1,1,1,-1,1,1,0.0,-70.0,1
211,1,1,-1,-1,-1,1,1,1,1,-1,1,1,-1,-1,-1,1,-1,-1,1,1,1,-1,-1,-1,1,-1,-1,-1,1,-1,1,-1,1,1,1,-1,1,1,-1,-1,0.0,-70.0,1
212,-1,-1,1,1,-1,1,-1,-1,-1,1,-1,-1,1,1,-1,-1,-1,-1,-1,-1,-1,1,1,1,-1,1,1,1,-1,-1,-1,-1,-1,-1,-1,-1,-1,-1,-1,-1,0.0,-70.0,1
213,-1,-1,-1,-1,1,-1,-1,-1,-1,-1,-1,-1,-1,1,1,-1,-1,-1,-1,-1,-1,-1,-1,1,-1,1,1,-1,-1,-1,-1,1,-1,-1,-1,1,1,-1,-1,1,0.0,-70.0,1
214,-1,-1,-1,-1,1,-1,-1,-1,-1,1,-1,-1,-1,1,1,-1,-1,-1,-1,1,-1,-1,1,1,-1,1,1,1,-1,-1,-1,1,-1,-1,-1,1,1,1,1,1,0.0,-70.0,1
215,1,-1,-1,-1,1,-1,1,1,1,-1,-1,-1,-1,-1,-1,1,-1,-1,1,1,-1,1,1,1,1,1,1,-1,1,-1,1,1,1,1,1,1,1,-1,-1,-1,0.0,-70.0,1
216,-1,-1,-1,-1,-1,-1,-1,-1,-1,-1,-1,-1,1,1,-1,1,-1,-1,-1,1,-1,1,1,1,-1,1,1,1,1,-1,-1,-1,1,1,-1,1,1,1,-1,-1,0.0,-70.0,1
217,-1,-1,1,1,-1,1,-1,-1,1,1,-1,-1,1,1,1,-1,-1,-1,-1,-1,-1,1,1,1,-1,1,1,1,-1,1,-1,1,-1,-1,-1,-1,-1,1,-1,1,0.0,-70.0,1
218,-1,-1,-1,-1,1,-1,1,1,1,-1,-1,-1,-1,-1,-1,1,-1,-1,1,1,-1,1,1,1,1,1,-1,-1,1,-1,1,1,1,1,1,1,1,-1,-1,-1,0.0,-70.0,1
219,-1,-1,1,1,-1,1,-1,-1,-1,-1,-1,-1,1,1,-1,1,-1,-1,-1,1,-1,1,1,1,-1,1,1,1,1,-1,-1,-1,-1,1,-1,-1,-1,1,-1,-1,0.0,-70.0,1
220,-1,-1,-1,-1,1,-1,1,1,-1,-1,-1,-1,-1,-1,-1,1,-1,-1,-1,1,1,1,1,1,1,1,1,-1,1,-1,1,1,1,1,1,1,1,-1,-1,-1,0.0,-70.0,1
221,-1,-1,-1,-1,1,-1,-1,-1,-1,-1,-1,-1,-1,-1,1,-1,1,1,-1,1,-1,1,1,1,-1,1,1,-1,1,-1,-1,1,-1,-1,-1,1,1,-1,1,1,0.0,-70.0,1
222,1,1,-1,-1,1,-1,-1,-1,-1,1,1,1,1,1,1,-1,-1,-1,-1,-1,-1,-1,-1,-1,-1,-1,-1,1,-1,1,-1,1,-1,-1,-1,1,1,-1,-1,1,0.025,-64.0,1
223,-1,-1,-1,-1,-1,1,1,1,1,-1,-1,-1,-1,-1,-1,1,-1,-1,1,1,1,1,1,1,1,1,1,-1,1,-1,1,1,1,1,1,-1,1,1,-1,-1,0.025,-66.0,2
224,-1,-1,1,1,-1,1,1,1,1,-1,-1,-1,-1,-1,-1,1,-1,-1,-1,1,1,1,1,1,1,1,1,-1,1,-1,1,1,1,1,1,-1,-1,1,-1,-1,0.025,-66.0,1
225,1,1,1,1,-1,1,1,1,1,-1,1,1,-1,-1,-1,1,-1,-1,1,1,1,-1,-1,-1,1,-1,-1,-1,1,-1,1,1,1,1,1,-1,-1,1,-1,-1,0.025,-66.0,2
226,-1,-1,1,1,-1,1,1,1,1,-1,-1,-1,-1,-1,-1,1,-1,-1,1,1,1,1,1,1,1,1,1,-1,1,-1,1,1,1,1,1,-1,-1,-1,-1,-1,0.025,-66.0,1
227,-1,-1,1,1,-1,1,1,1,1,-1,-1,-1,-1,-1,-1,1,-1,-1,1,1,1,1,1,1,1,1,-1,-1,1,-1,1,1,1,1,1,-1,-1,1,-1,-1,0.025,-66.0,1
228,1,1,-1,-1,1,-1,1,1,1,-1,1,1,-1,-1,-1,1,1,1,1,-1,1,-1,-1,-1,1,-1,-1,-1,1,1,1,1,1,1,1,1,1,-1,1,-1,0.025,-74.0,1
229,-1,-1,1,-1,-1,1,1,1,1,-1,-1,-1,-1,-1,-1,1,-1,-1,1,1,1,1,1,1,1,1,1,-1,1,-1,1,1,1,1,1,-1,-1,1,-1,-1,0.025,-66.0,2
230,-1,-1,1,1,-1,1,1,1,1,-1,-1,-1,-1,-1,-1,1,-1,1,1,1,1,1,1,1,1,1,1,-1,1,-1,1,1,1,1,1,-1,-1,1,-1,-1,0.025,-66.0,2
231,1,1,1,1,-1,1,1,1,1,1,1,1,-1,-1,-1,1,1,1,1,-1,1,-1,-1,-1,1,-1,-1,-1,1,1,1,1,1,1,1,-1,-1,1,1,-1,0.025,-70.0,1
232,-1,-1,1,1,-1,1,1,1,1,-1,-1,-1,-1,-1,-1,1,-1,-1,1,1,1,1,-1,1,1,1,1,-1,1,-1,1,1,1,1,1,-1,-1,1,-1,-1,0.025,-66.0,1
233,-1,-1,1,1,-1,1,1,1,1,-1,-1,-1,-1,-1,-1,1,-1,-1,1,1,1,1,1,1,1,1,1,-1,1,-1,1,1,1,1,-1,-1,-1,1,-1,-1,0.025,-66.0,1
234,-1,-1,-1,-1,1,-1,-1,-1,1,1,-1,-1,-1,1,1,-1,-1,-1,-1,1,-1,-1,1,1,-1,1,1,1,-1,-1,-1,1,-1,-1,1,1,1,-1,-1,-1,0.0,-68.0,1
235,1,-1,-1,-1,1,-1,1,1,-1,-1,-1,-1,-1,-1,-1,1,1,1,1,1,1,1,1,1,1,1,1,-1,1,-1,1,1,1,1,1,1,1,-1,1,-1,0.0,-68.0,1
236,-1,-1,-1,-1,1,-1,-1,-1,-1,-1,-1,-1,-1,1,-1,-1,-1,-1,1,1,-1,1,1,1,-1,1,1,-1,1,-1,-1,1,-1,-1,-1,1,1,-1,-1,-1,0.0,-68.0,2
237,-1,-1,1,1,-1,1,1,-1,-1,-1,-1,-1,-1,1,-1,1,-1,-1,1,1,-1,-1,1,1,1,1,1,-1,1,-1,-1,-1,1,1,-1,-1,-1,1,-1,-1,0.0,-68.0,1
238,-1,-1,-1,-1,1,-1,-1,-1,1,1,-1,-1,-1,-1,1,-1,-1,-1,-1,-1,1,1,1,1,-1,1,1,-1,-1,-1,-1,1,-1,-1,1,1,1,-1,-1,1,0.0,-68.0,1
239,1,1,-1,-1,1,-1,1,1,1,1,1,1,1,-1,1,-1,1,-1,1,-1,1,1,-1,-1,1,-1,-1,-1,-1,1,1,1,1,-1,1,1,1,-1,1,1,0.0,-68.0,1
240,1,-1,-1,-1,1,-1,1,1,-1,-1,-1,-1,-1,-1,-1,1,-1,-1,1,1,1,1,1,1,1,-1,1,-1,1,-1,1,1,1,1,1,1,1,-1,-1,-1,0.0,-68.0,1
241,-1,1,-1,-1,1,-1,-1,-1,-1,1,-1,-1,1,-1,1,-1,-1,-1,-1,1,-1,1,-1,1,-1,1,1,1,-1,-1,-1,1,-1,-1,-1,1,1,-1,-1,1,0.0,-68.0,1
242,-1,-1,1,1,-1,1,-1,-1,-1,-1,-1,-1,1,1,-1,-1,-1,-1,-1,1,-1,1,-1,1,-1,1,1,1,1,-1,-1,-1,-1,-1,-1,-1,-1,1,-1,-1,0.0,-68.0,1
243,-1,-1,-1,-1,-1,-1,1,1,-1,-1,-1,-1,-1,1,-1,1,-1,-1,1,1,-1,-1,1,1,1,1,1,-1,1,-1,-1,-1,1,1,-1,1,1,1,-1,-1,0.0,-68.0,1
244,-1,-1,1,1,1,-1,-1,-1,-1,-1,-1,-1,-1,1,1,-1,-1,-1,-1,-1,-1,1,1,1,-1,1,1,-1,-1,-1,-1,1,-1,-1,-1,1,-1,-1,-1,1,0.0,-68.0,1
245,-1,-1,-1,-1,-1,-1,-1,-1,-1,-1,-1,-1,1,1,-1,1,1,1,-1,1,-1,1,1,1,-1,1,1,1,1,-1,-1,-1,1,1,-1,1,1,1,1,-1,0.0,-68.0,1
246,1,1,1,1,-1,1,1,1,-1,-1,1,1,-1,-1,-1,1,-1,-1,1,-1,1,1,-1,-1,1,-1,-1,-1,1,-1,1,-1,1,1,-1,-1,-1,1,-1,-1,0.0,-68.0,1
247,1,1,1,1,-1,1,1,1,-1,-1,1,1,-1,-1,-1,1,-1,1,1,1,1,-1,-1,-1,1,-1,1,-1,1,-1,1,-1,1,1,-1,-1,-1,1,-1,-1,0.0,-68.0,1
248,-1,-1,-1,-1,1,-1,-1,-1,-1,-1,-1,-1,-1,-1,1,-1,-1,-1,-1,1,1,1,1,1,-1,1,1,-1,-1,-1,-1,1,-1,-1,-1,1,1,-1,-1,1,0.0,-68.0,1
249,-1,-1,-1,-1,1,-1,-1,-1,1,1,-1,-1,-1,1,1,-1,-1,-1,-1,-1,-1,-1,-1,1,-1,1,1,-1,-1,-1,-1,1,-1,-1,1,1,1,-1,-1,1,0.0,-68.0,1
250,-1,-1,-1,-1,1,-1,-1,-1,-1,1,-1,-1,-1,-1,1,-1,-1,-1,-1,-1,1,1,1,1,-1,1,1,-1,-1,-1,-1,1,-1,-1,-1,1,1,-1,-1,1,0.0,-68.0,1
251,-1,-1,1,1,-1,-1,1,1,-1,-1,-1,-1,1,1,-1,1,-1,-1,-1,1,-1,1,1,1,1,1,1,1,1,-1,-1,-1,1,1,-1,1,-1,-1,-1,-1,0.0,-68.0,1
252,-1,-1,1,1,-1,1,1,1,1,-1,1,1,1,-1,-1,1,1,1,1,-1,1,1,-1,-1,1,1,-1,-1,1,1,1,-1,1,1,1,-1,-1,1,1,-1,0.0,-68.0,1
253,1,1,-1,-1,1,1,1,1,1,1,1,1,-1,-1,1,-1,1,1,1,-1,1,-1,-1,-1,1,-1,-1,-1,-1,1,1,1,1,-1,1,-1,1,1,1,1,0.0,-68.0,1
254,1,1,-1,-1,-1,-1,1,1,-1,-1,1,1,-1,-1,-1,1,-1,-1,1,1,1,-1,1,-1,1,-1,-1,-1,1,-1,1,-1,1,1,-1,1,1,1,-1,-1,0.0,-68.0,1
255,1,1,-1,-1,1,1,-1,1,1,1,1,1,1,-1,1,-1,1,1,-1,-1,1,-1,-1,-1,1,-1,-1,1,-1,1,1,1,-1,-1,1,1,1,1,1,1,0.0,-68.0,1
256,-1,-1,1,1,-1,1,-1,-1,-1,-1,-1,-1,1,1,1,-1,-1,-1,-1,-1,-1,1,1,1,-1,1,1,1,-1,-1,-1,-1,-1,-1,-1,1,-1,1,-1,1,0.0,-68.0,1
257,1,1,-1,-1,1,-1,-1,1,1,1,1,1,-1,-1,1,-1,1,1,1,-1,1,-1,1,-1,1,-1,-1,-1,-1,1,1,1,-1,-1,1,1,1,-1,1,1,0.0,-68.0,1
258,-1,-1,-1,-1,1,-1,-1,-1,-1,-1,-1,-1,-1,1,1,-1,1,1,-1,1,-1,1,1,1,-1,1,1,1,1,-1,-1,1,-1,-1,-1,1,1,1,1,1,0.0,-68.0,1
259,1,1,-1,-1,-1,-1,1,1,-1,-1,1,1,-1,-1,-1,1,-1,-1,1,-1,1,-1,-1,-1,1,-1,-1,-1,1,-1,1,-1,1,1,-1,1,1,1,-1,-1,0.0,-68.0,1
260,-1,-1,-1,-1,1,-1,1,1,-1,-1,-1,-1,-1,-1,-1,1,-1,-1,-1,1,-1,1,1,1,1,1,1,-1,1,-1,1,1,1,1,1,1,1,-1,-1,-1,0.0,-68.0,1
261,-1,-1,-1,-1,1,1,-1,-1,1,1,-1,-1,-1,-1,-1,-1,-1,-1,-1,-1,1,1,1,1,-1,1,1,-1,-1,-1,1,1,-1,-1,1,-1,1,1,-1,-1,0.0,-68.0,2
262,-1,-1,1,1,1,1,-1,-1,1,1,-1,-1,-1,-1,-1,-1,-1,-1,-1,-1,1,1,1,1,-1,1,1,-1,-1,-1,1,1,-1,-1,1,-1,-1,-1,-1,-1,0.0,-68.0,2
263,1,-1,1,1,-1,1,1,1,1,-1,1,1,-1,-1,-1,1,1,1,1,-1,1,-1,1,-1,1,1,-1,-1,1,1,1,-1,1,1,1,-1,-1,1,1,-1,0.0,-68.0,1
264,1,1,1,1,-1,1,1,1,-1,-1,1,1,-1,-1,-1,1,1,1,1,1,1,-1,-1,-1,1,-1,-1,-1,1,-1,1,-1,1,1,1,-1,-1,1,1,-1,0.0,-68.0,1
265,-1,-1,-1,1,1,-1,-1,-1,-1,-1,-1,-1,-1,1,1,-1,-1,-1,-1,-1,-1,-1,1,1,-1,1,1,-1,-1,-1,-1,1,-1,-1,-1,1,-1,-1,-1,1,0.0,-68.0,1
266,1,1,1,1,-1,1,1,1,-1,-1,1,1,-1,-1,-1,1,-1,-1,1,-1,1,-1,-1,-1,1,-1,-1,-1,1,-1,1,-1,1,1,-1,-1,-1,-1,-1,-1,0.0,-68.0,1
267,-1,-1,-1,-1,1,-1,-1,-1,-1,-1,-1,-1,1,-1,1,-1,-1,-1,-1,-1,-1,1,1,1,-1,1,1,-1,-1,-1,-1,1,-1,-1,-1,1,1,1,-1,1,0.0,-68.0,1
268,-1,-1,-1,1,1,-1,-1,-1,-1,1,-1,-1,1,1,1,-1,1,1,-1,-1,-1,-1,1,1,-1,1,1,1,-1,1,-1,1,-1,-1,-1,1,1,-1,1,1,0.0,-68.0,1
269,1,1,-1,-1,1,-1,-1,1,1,1,1,1,1,-1,1,-1,-1,-1,1,-1,1,1,-1,-1,1,-1,-1,-1,-1,1,1,1,-1,-1,1,1,1,-1,-1,1,0.0,-68.0,1
270,1,1,-1,-1,1,-1,1,1,1,-1,1,1,1,-1,-1,1,1,1,1,1,1,1,-1,-1,1,-1,-1,1,1,1,1,-1,1,1,1,1,1,-1,1,-1,0.0,-68.0,1
271,1,1,1,1,1,1,1,1,1,1,1,1,1,-1,1,-1,1,1,1,-1,1,1,-1,-1,1,-1,-1,-1,-1,1,1,1,1,-1,1,-1,-1,-1,1,1,0.0,-68.0,1
272,1,1,-1,-1,1,1,1,1,1,1,1,1,-1,-1,1,-1,1,-1,1,-1,1,-1,-1,-1,1,-1,-1,-1,-1,1,1,1,-1,-1,1,-1,1,1,1,1,0.0,-68.0,1
273,-1,-1,-1,-1,-1,-1,-1,-1,-1,-1,-1,-1,1,-1,-1,1,-1,-1,1,1,-1,1,1,1,-1,1,-1,1,1,-1,-1,-1,1,1,-1,1,1,1,-1,-1,0.0,-68.0,1
274,-1,1,-1,-1,1,-1,-1,-1,-1,1,-1,-1,1,1,1,-1,-1,-1,-1,1,-1,1,-1,1,-1,-1,1,1,-1,-1,-1,1,-1,-1,-1,1,1,-1,-1,1,0.0,-68.0,1
275,-1,-1,-1,-1,1,-1,-1,-1,1,1,-1,-1,1,-1,1,-1,-1,-1,-1,-1,-1,1,1,1,-1,1,1,-1,-1,-1,-1,1,-1,-1,1,1,1,-1,-1,1,0.0,-68.0,1
276,-1,-1,-1,1,1,-1,-1,-1,-1,-1,-1,-1,-1,1,1,-1,1,1,-1,1,-1,-1,1,1,-1,1,1,-1,1,-1,-1,1,-1,-1,-1,1,1,-1,1,1,0.0,-68.0,1
277,-1,-1,-1,-1,1,-1,-1,-1,1,1,-1,-1,-1,1,1,-1,-1,-1,-1,-1,-1,-1,1,1,-1,1,1,-1,-1,-1,-1,1,-1,-1,1,1,1,1,-1,1,0.0,-68.0,1
278,-1,-1,1,1,-1,1,-1,-1,1,1,-1,-1,1,1,1,-1,-1,-1,-1,1,-1,1,-1,1,-1,1,1,1,-1,-1,-1,1,-1,-1,-1,-1,-1,1,-1,1,0.0,-68.0,1
279,-1,-1,-1,-1,1,-1,-1,-1,-1,-1,-1,-1,-1,1,-1,-1,-1,-1,1,1,-1,-1,1,1,-1,1,1,-1,1,-1,-1,1,-1,-1,-1,1,1,-1,-1,1,0.0,-68.0,1
280,-1,-1,-1,-1,1,-1,1,1,1,-1,-1,-1,-1,-1,-1,1,-1,-1,-1,1,-1,-1,1,1,1,1,1,-1,1,-1,1,1,1,1,1,1,1,-1,-1,-1,0.0,-68.0,1
281,-1,-1,-1,-1,1,-1,1,1,-1,-1,-1,-1,-1,-1,-1,1,-1,1,-1,1,1,1,1,1,1,1,1,-1,1,-1,1,1,1,1,1,1,1,-1,-1,-1,0.0,-68.0,1
282,1,1,-1,-1,1,-1,1,1,-1,-1,1,1,-1,-1,-1,1,-1,-1,-1,-1,1,-1,-1,-1,1,-1,-1,-1,1,-1,1,-1,1,1,1,1,1,-1,-1,-1,0.0,-68.0,1
283,1,1,1,1,-1,-1,1,1,-1,-1,1,1,-1,-1,-1,1,-1,-1,1,-1,1,-1,-1,-1,1,-1,-1,-1,1,-1,1,-1,1,1,-1,1,-1,-1,-1,-1,0.0,-68.0,1
284,-1,-1,-1,-1,1,-1,-1,-1,-1,-1,-1,-1,1,-1,1,-1,1,-1,1,1,-1,1,1,1,-1,1,-1,1,1,-1,-1,1,-1,-1,-1,1,1,-1,1,1,0.0,-68.0,1
285,1,1,-1,-1,1,-1,1,1,-1,-1,1,1,-1,-1,-1,1,-1,1,1,1,1,-1,-1,-1,1,-1,1,-1,1,-1,1,-1,1,1,1,1,1,-1,-1,-1,0.0,-68.0,1
286,-1,-1,1,1,-1,-1,1,-1,-1,-1,-1,-1,1,1,-1,1,-1,-1,1,1,-1,1,1,1,-1,1,1,1,1,-1,-1,-1,1,1,-1,-1,-1,-1,-1,-1,0.0,-68.0,1
287,-1,-1,-1,-1,1,1,-1,-1,1,1,-1,-1,1,1,1,-1,-1,-1,-1,1,-1,1,1,1,-1,1,1,1,-1,-1,-1,1,-1,-1,1,-1,1,1,-1,1,0.0,-68.0,1
288,1,1,-1,-1,-1,1,1,1,-1,-1,1,1,-1,-1,-1,1,-1,-1,1,-1,1,-1,-1,-1,1,-1,-1,-1,1,-1,1,-1,1,1,1,1,1,1,-1,-1,0.0,-68.0,1
289,-1,-1,-1,1,1,-1,-1,-1,-1,-1,-1,-1,1,1,1,-1,-1,-1,-1,1,-1,1,-1,1,-1,1,1,1,-1,-1,-1,1,-1,-1,-1,1,1,-1,-1,1,0.0,-68.0,1
290,-1,-1,-1,-1,1,-1,1,1,-1,-1,-1,-1,-1,-1,-1,1,-1,-1,1,1,1,1,-1,1,-1,1,1,-1,1,-1,1,1,1,1,1,1,1,-1,-1,-1,0.0,-68.0,1
291,1,1,1,1,-1,1,1,1,1,1,1,1,-1,-1,1,1,1,1,1,-1,1,-1,-1,-1,1,-1,-1,-1,-1,1,1,1,1,1,1,-1,-1,1,1,1,0.0,-68.0,1
292,1,1,-1,-1,1,-1,1,1,1,1,1,1,1,-1,1,1,1,1,1,-1,1,1,1,-1,1,-1,-1,-1,-1,1,1,1,1,1,1,1,1,-1,1,1,0.0,-68.0,1
293,1,1,1,1,-1,-1,1,1,-1,-1,1,1,-1,-1,-1,1,-1,1,1,1,1,-1,-1,-1,1,-1,-1,-1,1,-1,1,-1,1,1,-1,1,-1,-1,-1,-1,0.0,-68.0,1
294,-1,-1,1,1,-1,1,-1,-1,-1,-1,-1,-1,1,1,-1,-1,-1,-1,-1,1,-1,1,1,1,-1,1,1,1,1,-1,-1,-1,-1,1,-1,-1,-1,1,-1,-1,0.0,-68.0,1
295,1,1,1,1,1,1,1,1,1,1,1,1,1,-1,1,-1,-1,-1,1,-1,1,1,-1,-1,1,-1,-1,-1,-1,1,1,1,-1,-1,1,-1,-1,-1,-1,1,0.0,-68.0,1
296,1,1,1,1,-1,1,1,1,-1,-1,1,1,1,-1,-1,1,1,1,1,-1,1,1,-1,-1,1,-1,-1,-1,1,1,1,-1,1,1,-1,-1,-1,1,1,1,0.0,-68.0,1
297,1,1,-1,-1,1,-1,1,1,-1,-1,1,1,-1,-1,-1,1,-1,-1,-1,1,1,-1,-1,-1,1,-1,1,-1,1,-1,1,-1,1,1,1,1,1,-1,-1,-1,0.0,-68.0,1
298,-1,-1,-1,-1,1,-1,1,1,-1,-1,-1,-1,-1,-1,-1,1,-1,-1,-1,1,1,1,1,1,-1,1,1,-1,1,-1,1,1,1,1,1,1,1,-1,-1,-1,0.0,-68.0,1
299,1,1,1,1,-1,1,1,1,-1,-1,1,1,-1,-1,-1,1,-1,-1,-1,1,1,-1,-1,-1,1,-1,-1,1,1,-1,1,-1,1,1,-1,-1,-1,1,-1,-1,0.0,-68.0,1
300,1,1,-1,-1,-1,1,1,1,-1,-1,1,1,-1,-1,-1,1,-1,-1,1,1,1,-1,1,-1,1,-1,-1,-1,1,-1,1,-1,1,1,1,1,1,1,-1,-1,0.0,-68.0,1
301,-1,-1,1,1,1,-1,-1,-1,-1,-1,-1,-1,-1,1,1,-1,-1,-1,1,1,-1,-1,1,1,-1,1,1,-1,1,-1,-1,1,-1,-1,-1,1,-1,-1,-1,1,0.0,-68.0,1
302,1,-1,-1,-1,1,-1,1,1,1,-1,-1,-1,-1,-1,-1,1,-1,1,1,1,1,1,1,1,1,1,1,-1,1,-1,1,1,1,1,1,1,1,1,-1,-1,0.0,-68.0,1
303,1,1,-1,-1,-1,1,1,1,-1,-1,1,1,-1,-1,-1,1,-1,-1,1,1,1,-1,-1,-1,1,-1,1,-1,1,-1,1,-1,1,1,1,1,1,1,-1,-1,0.0,-68.0,2
304,1,1,1,1,-1,1,1,1,-1,-1,1,1,1,-1,-1,1,1,1,1,-1,1,1,-1,-1,1,-1,-1,-1,1,1,1,-1,1,1,-1,-1,-1,-1,1,-1,0.0,-68.0,1
305,1,1,1,1,1,1,1,1,1,1,1,1,-1,-1,1,-1,-1,-1,1,-1,1,-1,-1,-1,1,-1,-1,-1,-1,1,1,1,-1,-1,1,-1,-1,-1,-1,1,0.0,-68.0,1
306,1,1,1,1,-1,1,1,1,-1,-1,1,1,-1,-1,-1,1,-1,-1,1,1,1,-1,-1,-1,1,-1,1,-1,1,-1,1,-1,1,1,-1,-1,-1,-1,-1,-1,0.0,-68.0,1
307,1,1,-1,-1,1,-1,1,1,-1,-1,1,1,-1,-1,-1,1,1,1,1,1,1,-1,1,-1,1,-1,-1,-1,1,-1,1,-1,1,1,1,1,1,-1,1,-1,0.0,-68.0,1
308,1,1,-1,-1,1,-1,1,1,1,1,1,1,-1,1,1,-1,1,1,-1,-1,1,-1,-1,-1,1,-1,1,-1,-1,1,1,1,1,-1,1,1,1,-1,1,1,0.0,-68.0,1
309,-1,-1,1,1,-1,1,-1,-1,1,1,-1,-1,-1,1,1,-1,-1,-1,-1,-1,-1,-1,1,1,-1,1,1,-1,-1,-1,-1,1,-1,-1,1,-1,-1,1,-1,1,0.0,-68.0,1
310,1,1,1,1,-1,1,1,1,-1,-1,1,1,-1,-1,-1,1,-1,-1,1,1,1,-1,1,-1,1,-1,1,-1,1,-1,1,-1,1,1,-1,-1,-1,1,-1,-1,0.0,-68.0,1
311,1,1,1,1,1,-1,-1,-1,-1,1,1,1,1,1,1,-1,1,1,-1,-1,1,-1,-1,-1,-1,-1,-1,1,-1,1,-1,1,-1,-1,-1,1,-1,-1,1,1,0.025,-62.0,1
312,-1,-1,1,1,-1,1,1,1,1,-1,-1,-1,-1,-1,-1,1,-1,-1,-1,1,-1,1,1,1,1,1,1,-1,1,-1,1,1,1,1,1,-1,-1,1,-1,-1,0.025,-64.0,1
313,1,1,-1,-1,1,-1,-1,-1,-1,1,1,1,1,1,1,-1,1,-1,-1,-1,-1,-1,-1,-1,-1,-1,-1,1,-1,1,-1,1,-1,-1,1,1,1,-1,1,1,0.025,-62.0,1
314,-1,-1,1,1,-1,1,1,1,1,-1,-1,-1,-1,-1,-1,1,-1,1,1,1,1,1,-1,1,1,1,1,-1,1,-1,1,1,1,1,1,-1,-1,1,-1,-1,0.025,-64.0,1
315,-1,-1,1,1,-1,1,1,1,-1,-1,-1,-1,-1,-1,-1,1,-1,-1,1,1,1,1,1,1,1,1,1,-1,1,-1,1,1,1,1,-1,-1,-1,1,-1,-1,0.025,-64.0,1
316,-1,-1,-1,-1,1,-1,-1,-1,-1,1,-1,-1,-1,1,1,-1,-1,-1,-1,1,-1,-1,1,1,-1,1,1,1,-1,-1,-1,1,-1,-1,-1,1,1,-1,1,1,0.025,-72.0,1
317,1,1,-1,-1,1,1,-1,1,1,1,1,1,-1,-1,1,-1,-1,-1,1,-1,1,-1,1,-1,1,-1,-1,-1,-1,1,1,1,-1,-1,1,1,1,1,-1,1,0.0,-66.0,1
318,1,1,1,1,-1,-1,1,1,-1,-1,1,1,1,-1,1,1,1,1,1,-1,1,1,-1,-1,1,-1,-1,-1,1,1,-1,-1,1,1,-1,1,-1,-1,1,1,0.0,-66.0,1
319,-1,-1,1,1,1,1,-1,-1,1,1,-1,-1,-1,1,1,-1,-1,-1,-1,1,-1,-1,1,1,-1,1,1,1,-1,-1,1,1,-1,-1,1,-1,-1,-1,-1,1,0.0,-66.0,1
320,1,1,-1,-1,1,-1,1,1,-1,-1,1,1,-1,-1,-1,1,1,1,1,1,1,1,-1,-1,1,-1,-1,-1,1,-1,1,-1,1,1,1,1,1,-1,-1,-1,0.0,-66.0,1
321,1,1,1,1,1,1,1,1,1,1,1,1,1,-1,1,-1,-1,-1,-1,-1,1,1,1,-1,1,-1,-1,1,-1,1,1,1,-1,-1,1,-1,-1,-1,-1,1,0.0,-66.0,1
322,1,1,-1,-1,1,-1,-1,-1,-1,1,-1,-1,1,1,1,-1,-1,-1,-1,1,-1,1,-1,-1,-1,-1,1,1,-1,-1,-1,1,-1,-1,-1,1,1,-1,1,1,0.0,-66.0,1
323,1,1,-1,-1,1,-1,1,1,1,1,1,1,-1,1,1,-1,-1,-1,-1,-1,1,-1,-1,-1,1,-1,1,-1,-1,1,1,1,1,-1,1,1,1,-1,-1,1,0.0,-66.0,1
324,-1,-1,1,1,-1,-1,1,1,-1,-1,-1,-1,-1,1,-1,1,-1,-1,1,1,-1,1,1,1,1,1,1,-1,1,-1,-1,-1,1,1,-1,1,-1,-1,-1,-1,0.0,-66.0,1
325,1,1,-1,-1,1,-1,1,1,-1,-1,1,1,1,-1,-1,1,1,1,1,1,1,1,-1,-1,1,-1,-1,1,1,-1,1,-1,1,1,1,1,1,-1,-1,-1,0.0,-66.0,1
326,-1,-1,-1,-1,-1,-1,1,1,-1,-1,-1,-1,-1,1,-1,1,-1,-1,1,1,-1,-1,1,1,1,1,1,1,1,-1,-1,-1,1,1,-1,1,1,1,-1,-1,0.0,-66.0,2
327,-1,-1,-1,-1,-1,-1,1,1,-1,-1,-1,-1,-1,1,-1,1,-1,-1,1,1,-1,-1,-1,1,1,1,1,-1,1,-1,-1,-1,1,1,-1,1,1,1,-1,-1,0.0,-66.0,1
328,1,1,1,1,-1,1,-1,-1,-1,1,-1,-1,1,1,-1,-1,-1,-1,-1,1,-1,1,-1,-1,-1,-1,1,1,-1,-1,-1,-1,-1,-1,-1,-1,-1,-1,-1,-1,0.0,-66.0,1
329,-1,-1,1,1,-1,1,1,-1,-1,-1,-1,-1,1,-1,-1,1,-1,-1,1,1,-1,1,1,1,1,1,-1,1,1,-1,-1,-1,1,1,-1,-1,-1,1,-1,-1,0.0,-66.0,1
330,-1,1,1,1,-1,1,1,-1,-1,-1,-1,1,-1,1,-1,1,-1,-1,1,1,-1,-1,-1,-1,-1,1,1,-1,1,-1,-1,-1,1,1,-1,-1,-1,1,-1,-1,0.0,-66.0,1
331,1,1,1,1,-1,1,1,1,-1,-1,1,1,-1,-1,-1,1,1,1,1,-1,1,-1,-1,-1,1,-1,-1,-1,1,-1,1,-1,1,1,-1,-1,-1,-1,1,-1,0.0,-66.0,1
332,-1,-1,1,1,1,1,-1,-1,1,1,-1,-1,-1,1,1,-1,-1,-1,-1,1,-1,-1,-1,1,-1,1,1,1,-1,-1,-1,1,-1,-1,1,-1,-1,-1,-1,1,0.0,-66.0,1
333,-1,-1,-1,-1,1,-1,-1,-1,1,1,-1,-1,1,1,1,-1,1,-1,-1,-1,-1,-1,1,1,-1,1,-1,1,-1,1,-1,1,-1,-1,1,1,1,-1,1,1,0.0,-66.0,1
334,1,1,1,1,-1,1,1,1,-1,-1,-1,1,-1,-1,-1,1,-1,-1,1,1,1,1,-1,-1,1,-1,1,-1,1,-1,1,-1,1,1,-1,-1,-1,1,-1,-1,0.0,-66.0,1
335,-1,1,1,1,-1,1,1,-1,-1,-1,-1,-1,-1,1,-1,1,-1,-1,-1,1,-1,-1,-1,1,-1,1,1,1,1,-1,-1,-1,1,1,-1,-1,-1,1,-1,-1,0.0,-66.0,1
336,-1,-1,-1,-1,1,-1,1,1,-1,-1,-1,-1,-1,-1,-1,1,-1,-1,1,1,1,1,1,1,1,1,1,-1,1,-1,1,1,-1,1,1,1,1,-1,-1,-1,0.0,-66.0,1
337,-1,-1,-1,-1,1,-1,-1,-1,1,1,-1,-1,1,-1,1,-1,-1,-1,-1,-1,-1,1,1,1,-1,1,1,-1,-1,-1,-1,1,-1,-1,1,1,1,-1,-1,-1,0.0,-66.0,1
338,1,1,-1,-1,1,1,-1,1,1,1,1,1,-1,-1,1,-1,-1,-1,1,-1,1,1,-1,-1,1,-1,-1,-1,-1,1,1,1,-1,-1,1,1,1,1,-1,1,0.0,-66.0,1
339,-1,-1,1,1,-1,1,1,1,1,1,-1,-1,-1,-1,-1,1,-1,-1,1,1,1,1,1,1,1,1,1,-1,1,-1,1,1,1,1,1,-1,-1,1,-1,-1,0.0,-66.0,1
340,-1,-1,-1,-1,1,-1,-1,1,-1,1,-1,-1,-1,1,1,-1,-1,-1,-1,1,-1,-1,1,1,-1,1,1,1,-1,-1,-1,1,-1,-1,1,1,1,-1,-1,1,0.0,-66.0,1
341,1,1,-1,-1,-1,-1,1,1,-1,-1,1,1,1,1,-1,1,1,1,1,1,1,-1,-1,-1,1,-1,-1,1,1,1,-1,-1,1,1,-1,1,1,1,1,-1,0.0,-66.0,1
342,-1,-1,-1,-1,1,-1,1,1,-1,-1,-1,-1,-1,-1,-1,1,-1,-1,1,1,1,1,1,1,1,1,1,-1,1,-1,-1,1,1,1,1,1,1,-1,-1,-1,0.0,-66.0,1
343,1,1,-1,-1,1,-1,-1,1,1,1,1,1,1,-1,1,-1,-1,-1,1,-1,1,1,1,-1,1,-1,-1,-1,-1,1,1,1,-1,-1,1,1,1,-1,-1,1,0.0,-66.0,1
344,-1,-1,-1,-1,1,-1,-1,-1,1,1,-1,-1,1,-1,1,-1,-1,-1,-1,1,-1,1,1,1,-1,1,1,-1,-1,-1,-1,1,-1,-1,1,1,1,-1,-1,1,0.0,-66.0,1
345,1,1,1,1,-1,1,1,1,1,1,1,1,-1,1,1,-1,1,1,-1,-1,1,-1,-1,-1,1,-1,1,-1,-1,1,1,1,1,-1,1,-1,-1,1,1,1,0.0,-66.0,1
346,1,1,-1,-1,1,-1,-1,1,1,1,1,1,-1,-1,1,-1,-1,-1,-1,-1,1,-1,-1,-1,1,-1,-1,-1,-1,1,1,1,-1,-1,1,1,1,-1,-1,1,0.0,-66.0,1
347,1,1,-1,-1,1,-1,1,1,-1,-1,-1,-1,-1,-1,-1,1,-1,-1,1,1,1,1,1,1,1,-1,1,-1,1,-1,1,1,1,1,1,1,1,-1,-1,-1,0.0,-66.0,1
348,1,1,1,1,-1,1,-1,-1,-1,1,-1,-1,1,1,1,-1,-1,-1,-1,1,-1,1,1,1,-1,-1,1,1,-1,-1,-1,1,-1,-1,-1,-1,-1,1,-1,1,0.0,-66.0,1
349,-1,-1,1,1,-1,1,-1,-1,1,1,-1,-1,1,1,1,-1,-1,-1,-1,1,-1,1,1,1,-1,1,1,1,-1,-1,-1,1,-1,-1,1,-1,-1,-1,-1,1,0.0,-66.0,1
350,1,1,1,1,-1,1,-1,-1,-1,1,1,1,1,1,1,-1,-1,-1,-1,-1,-1,-1,-1,-1,-1,-1,-1,1,-1,-1,-1,-1,-1,-1,-1,-1,-1,1,-1,1,0.0,-66.0,1
351,1,1,-1,-1,1,1,-1,-1,1,1,1,1,1,1,1,-1,1,1,-1,-1,-1,-1,-1,-1,-1,-1,-1,1,-1,1,1,1,-1,-1,1,-1,1,1,1,1,0.0,-66.0,1
352,-1,-1,1,1,-1,1,-1,-1,-1,-1,-1,-1,-1,-1,-1,-1,-1,-1,1,1,1,1,1,1,-1,1,1,-1,1,-1,-1,-1,-1,-1,-1,-1,-1,-1,-1,-1,0.0,-66.0,1
353,1,1,-1,-1,1,-1,1,1,-1,-1,-1,1,-1,-1,-1,1,-1,1,1,1,1,1,-1,-1,1,-1,1,-1,1,-1,1,1,1,1,1,1,1,-1,-1,-1,0.0,-66.0,1
354,-1,-1,1,1,-1,1,1,-1,-1,-1,-1,-1,-1,1,-1,1,-1,-1,1,1,-1,-1,1,1,1,1,1,-1,1,-1,-1,-1,-1,1,-1,-1,-1,1,-1,-1,0.0,-66.0,1
355,1,1,-1,-1,1,-1,-1,1,1,1,1,1,1,-1,1,-1,1,-1,1,-1,1,-1,-1,-1,1,-1,-1,-1,-1,1,1,1,-1,-1,1,1,1,-1,1,1,0.0,-66.0,1
356,-1,-1,1,1,1,1,-1,-1,-1,-1,-1,-1,-1,-1,1,-1,1,1,1,1,1,1,1,1,-1,1,1,-1,1,-1,-1,1,-1,-1,-1,1,-1,-1,1,1,0.0,-66.0,1
357,1,1,-1,-1,-1,1,1,1,-1,-1,1,1,-1,-1,-1,1,-1,-1,1,1,1,-1,-1,-1,1,-1,-1,1,1,-1,1,-1,1,1,-1,1,1,1,-1,-1,0.0,-66.0,1
358,1,1,-1,-1,-1,-1,1,1,-1,-1,1,1,-1,-1,-1,1,-1,-1,1,-1,1,-1,-1,-1,1,-1,-1,-1,1,-1,1,-1,1,1,1,1,1,1,-1,-1,0.0,-66.0,1
359,-1,-1,-1,-1,1,-1,1,1,1,-1,-1,-1,-1,-1,-1,1,-1,-1,1,1,1,1,1,1,1,1,1,-1,1,-1,-1,1,1,1,1,1,1,-1,-1,-1,0.025,-64.0,1
360,1,-1,1,1,-1,1,1,1,1,-1,-1,-1,-1,-1,-1,1,-1,1,1,1,1,1,1,1,1,1,1,-1,1,-1,1,1,1,1,1,-1,-1,-1,-1,-1,0.025,-62.0,1
361,1,-1,-1,-1,1,-1,1,1,1,-1,-1,-1,-1,-1,-1,1,-1,-1,1,1,-1,1,1,1,1,1,1,-1,1,-1,1,1,1,1,1,1,1,-1,-1,-1,0.025,-70.0,1
362,1,-1,-1,-1,-1,-1,1,1,-1,-1,-1,-1,-1,1,-1,1,-1,-1,1,1,-1,-1,1,1,1,1,1,-1,1,-1,-1,-1,1,1,-1,1,1,-1,-1,-1,0.0,-64.0,1
363,-1,1,1,1,-1,-1,-1,-1,-1,-1,-1,1,1,-1,-1,1,-1,-1,1,1,1,1,-1,-1,-1,1,-1,-1,1,-1,-1,-1,1,1,-1,1,-1,-1,-1,-1,0.0,-64.0,1
364,1,1,-1,-1,1,-1,-1,-1,-1,1,-1,1,-1,-1,-1,-1,-1,-1,1,1,1,1,-1,-1,-1,-1,1,-1,1,-1,1,1,-1,-1,-1,1,1,-1,-1,-1,0.0,-64.0,1
365,1,1,-1,-1,1,-1,1,1,1,1,1,1,-1,1,-1,1,-1,-1,1,-1,1,-1,-1,-1,1,-1,-1,1,-1,1,1,1,1,1,1,1,1,-1,-1,-1,0.0,-64.0,1
366,-1,-1,1,1,-1,1,1,-1,-1,-1,-1,-1,-1,1,-1,1,-1,-1,-1,-1,-1,-1,-1,1,-1,1,1,-1,1,-1,-1,-1,1,1,-1,-1,-1,1,-1,-1,0.0,-64.0,1
367,1,1,1,1,1,1,-1,-1,1,1,1,1,1,-1,1,-1,-1,-1,-1,-1,1,1,-1,-1,-1,-1,-1,-1,-1,1,1,1,-1,-1,1,-1,-1,-1,-1,1,0.0,-64.0,1
368,1,1,1,1,1,1,1,1,1,1,1,1,1,1,1,-1,-1,-1,-1,-1,-1,-1,-1,-1,1,-1,-1,1,-1,1,1,1,-1,-1,1,-1,-1,-1,-1,-1,0.0,-64.0,1
369,-1,-1,1,1,-1,1,-1,-1,-1,1,-1,-1,1,1,1,-1,-1,-1,-1,-1,-1,1,1,1,-1,1,1,-1,-1,-1,-1,-1,-1,-1,-1,-1,-1,1,1,1,0.0,-64.0,1
370,-1,-1,-1,-1,1,-1,-1,1,-1,-1,-1,-1,-1,-1,1,-1,1,1,1,1,1,1,1,1,-1,1,1,-1,1,-1,-1,1,1,1,-1,1,1,-1,1,1,0.0,-64.0,1
371,-1,-1,-1,-1,1,-1,1,1,-1,-1,-1,-1,-1,-1,-1,1,-1,-1,1,1,1,1,1,1,1,1,1,-1,1,-1,-1,1,1,1,-1,1,1,-1,-1,-1,0.0,-64.0,1
372,1,1,1,1,-1,1,1,-1,-1,-1,1,1,-1,-1,-1,1,1,1,1,-1,1,-1,-1,-1,1,-1,-1,-1,1,1,1,-1,1,1,-1,-1,-1,1,1,-1,0.0,-64.0,1
373,1,1,-1,-1,1,-1,1,1,-1,-1,-1,-1,-1,-1,-1,1,-1,-1,1,1,1,1,-1,-1,1,-1,1,-1,1,-1,1,1,1,1,-1,1,1,-1,-1,-1,0.0,-64.0,1
374,1,1,1,1,1,1,-1,1,1,1,1,-1,1,-1,1,-1,1,1,-1,-1,1,1,1,-1,1,-1,-1,1,-1,1,1,1,-1,-1,1,-1,-1,-1,1,1,0.0,-64.0,1
375,-1,-1,-1,-1,1,-1,1,1,1,-1,-1,-1,-1,-1,1,-1,1,1,1,1,1,1,1,1,1,1,1,-1,1,-1,-1,1,1,1,1,1,1,-1,1,1,0.0,-64.0,1
376,1,1,-1,-1,1,-1,-1,1,-1,1,-1,-1,1,1,1,-1,-1,-1,-1,1,-1,1,1,1,-1,-1,1,1,-1,-1,-1,1,-1,-1,1,1,1,-1,-1,1,0.0,-64.0,1
377,-1,-1,-1,-1,1,-1,1,1,-1,-1,-1,-1,-1,1,1,-1,-1,-1,-1,-1,-1,-1,1,1,1,1,1,-1,-1,-1,-1,1,1,1,1,1,1,-1,-1,1,0.0,-64.0,1
378,1,-1,1,1,-1,-1,1,1,-1,-1,-1,-1,1,1,-1,1,-1,1,-1,1,-1,1,1,1,1,1,1,1,1,-1,-1,-1,1,1,-1,1,-1,-1,-1,-1,0.0,-64.0,1
379,-1,-1,-1,-1,-1,-1,1,1,-1,-1,-1,-1,-1,-1,-1,1,-1,-1,1,1,1,1,1,1,-1,1,1,-1,1,-1,1,1,1,1,-1,1,1,1,-1,-1,0.025,-64.0,1
380,-1,-1,1,1,-1,1,1,1,-1,-1,-1,-1,-1,-1,-1,1,1,1,1,1,1,1,1,1,1,1,1,-1,1,-1,1,1,1,1,-1,-1,-1,-1,1,-1,0.025,-60.0,1
381,1,1,-1,-1,1,-1,1,1,-1,-1,1,1,-1,-1,-1,1,-1,1,1,-1,1,-1,1,-1,1,-1,-1,-1,1,1,1,-1,1,1,-1,1,1,-1,-1,-1,0.025,-62.0,1
382,1,-1,-1,-1,1,1,1,1,1,1,1,-1,1,-1,1,-1,-1,-1,-1,-1,1,1,1,1,1,-1,-1,1,-1,-1,1,1,-1,-1,1,-1,1,1,-1,1,0.0,-62.0,1
383,-1,-1,-1,-1,1,1,1,1,1,1,-1,-1,-1,-1,1,-1,-1,-1,-1,-1,1,1,-1,1,1,1,1,-1,-1,-1,1,1,-1,-1,1,-1,1,1,1,1,0.0,-62.0,1
384,1,1,-1,-1,1,1,-1,-1,1,1,-1,1,-1,-1,-1,-1,-1,-1,1,1,1,1,-1,-1,-1,-1,1,-1,1,-1,1,1,-1,-1,1,-1,1,1,-1,-1,0.0,-62.0,1
385,-1,-1,-1,-1,-1,1,1,1,1,1,-1,-1,-1,-1,-1,1,1,1,1,1,1,1,1,1,1,1,1,-1,1,-1,1,1,1,1,1,-1,1,1,1,-1,0.0,-62.0,1
386,-1,-1,-1,-1,-1,-1,1,1,-1,-1,-1,-1,-1,1,-1,1,1,1,1,1,-1,1,1,1,1,1,1,1,1,-1,-1,-1,1,1,-1,1,1,1,1,-1,0.0,-62.0,1
387,-1,-1,-1,-1,1,-1,1,1,-1,-1,-1,-1,-1,-1,-1,1,1,1,1,1,1,1,1,1,1,1,1,-1,1,-1,-1,1,1,1,1,1,1,-1,1,1,0.025,-62.0,1
388,-1,-1,-1,-1,1,-1,1,-1,-1,1,-1,-1,1,1,1,-1,-1,-1,-1,1,-1,1,-1,1,-1,1,1,1,-1,-1,-1,1,-1,-1,1,1,1,-1,-1,1,0.0,-60.0,1
389,-1,-1,-1,-1,1,-1,1,1,1,1,-1,-1,-1,-1,-1,-1,-1,-1,-1,1,-1,1,1,1,1,1,1,-1,-1,-1,1,1,-1,-1,1,1,1,-1,-1,-1,0.0,-60.0,1
